4 0.429688 0.228241 0.059375 0.067593
2 0.395052 0.264352 0.011979 0.021296
3 0.369271 0.289352 0.008333 0.013889
3 0.451562 0.265741 0.007292 0.009259
2 0.463542 0.263426 0.008333 0.021296
3 0.457292 0.271296 0.005208 0.009259
3 0.445573 0.267130 0.005729 0.008333
3 0.444792 0.273611 0.005208 0.008333
3 0.452604 0.274074 0.006250 0.009259
3 0.453125 0.280093 0.006250 0.010185
3 0.452604 0.286574 0.006250 0.010185
3 0.443229 0.285185 0.006250 0.009259
3 0.434115 0.283333 0.006771 0.009259
3 0.441667 0.296759 0.007292 0.012037
3 0.451302 0.294444 0.006771 0.011111
3 0.451302 0.302778 0.006771 0.011111
3 0.441406 0.305556 0.006771 0.011111
3 0.440885 0.312963 0.007812 0.011111
3 0.448698 0.325926 0.008854 0.014815
3 0.438542 0.335185 0.009375 0.014815
3 0.467448 0.352778 0.010937 0.016667
3 0.452083 0.350926 0.009375 0.016667
3 0.454948 0.374537 0.011979 0.019444
3 0.473438 0.378704 0.010417 0.018519
3 0.473698 0.403241 0.013021 0.021296
3 0.442448 0.402315 0.013021 0.019444
3 0.444010 0.441667 0.015104 0.024074
3 0.462760 0.449074 0.017188 0.029630
3 0.442448 0.473611 0.016146 0.026852
3 0.478906 0.429630 0.015104 0.024074
2 0.504167 0.429630 0.028125 0.064815
3 0.485417 0.467130 0.016667 0.025000
3 0.494792 0.501852 0.018750 0.031481
3 0.439063 0.518519 0.019792 0.031481
11 0.469792 0.537500 0.021875 0.039815
3 0.444792 0.576852 0.022917 0.038889
3 0.480208 0.667130 0.027083 0.049074
3 0.520833 0.696296 0.029167 0.050000
3 0.466667 0.775926 0.033333 0.070370
3 0.502083 0.884259 0.040625 0.088889
3 0.553385 0.873148 0.042188 0.087037
3 0.450000 0.962037 0.041667 0.074074
3 0.444271 0.667130 0.027083 0.050926
3 0.410156 0.265278 0.005729 0.008333
3 0.417448 0.267593 0.005729 0.007407
3 0.425521 0.267593 0.006250 0.009259
3 0.415365 0.272685 0.004687 0.008333
3 0.411719 0.279630 0.006771 0.009259
3 0.419531 0.281019 0.005729 0.010185
3 0.399479 0.286111 0.006250 0.011111
3 0.396875 0.292593 0.007292 0.009259
3 0.408073 0.294444 0.006771 0.011111
3 0.409375 0.316667 0.008333 0.012963
3 0.395313 0.326389 0.008333 0.013889
2 0.428906 0.354630 0.020313 0.044444
3 0.367969 0.381481 0.011979 0.020370
3 0.374740 0.400000 0.013021 0.022222
3 0.391146 0.405556 0.012500 0.024074
3 0.358333 0.487037 0.018750 0.033333
3 0.326042 0.598611 0.028125 0.050926
3 0.005990 0.301389 0.011979 0.013889
3 0.021615 0.347685 0.025521 0.017593
3 0.009896 0.346296 0.019792 0.014815
11 0.036979 0.355093 0.019792 0.023148
3 0.068750 0.357870 0.026042 0.017593
3 0.059635 0.354167 0.021354 0.019444
3 0.050521 0.353241 0.021875 0.017593
3 0.079687 0.343981 0.027083 0.019444
3 0.070052 0.341204 0.026562 0.017593
4 0.018490 0.313426 0.008854 0.023148
3 0.047396 0.310648 0.014583 0.012037
3 0.928906 0.518981 0.028646 0.037963
11 0.913281 0.532407 0.044271 0.038889
3 0.923958 0.546296 0.048958 0.033333
