11 0.243382 0.899346 0.060294 0.198693
7 0.825368 0.775817 0.015441 0.053595
7 0.941176 0.778431 0.013235 0.053595
3 0.017647 0.578431 0.035294 0.090196
3 0.017279 0.315033 0.034559 0.067974
3 0.045221 0.260131 0.055147 0.062745
3 0.023162 0.226144 0.046324 0.062745
5 0.043750 0.119608 0.019853 0.027451
7 0.037132 0.083007 0.008088 0.037908
7 0.062132 0.084314 0.008088 0.040523
11 0.119485 0.173203 0.059559 0.056209
3 0.123529 0.134641 0.029412 0.044444
3 0.165809 0.074510 0.033088 0.049673
3 0.236397 0.030719 0.043382 0.024837
7 0.267647 0.050327 0.005882 0.027451
7 0.271691 0.049020 0.006618 0.022222
7 0.277941 0.047059 0.007353 0.033987
7 0.196324 0.526144 0.007353 0.037908
7 0.203676 0.516993 0.010294 0.050980
7 0.213235 0.516340 0.011765 0.047059
11 0.319485 0.471895 0.043382 0.112418
7 0.350735 0.454902 0.013235 0.054902
3 0.513971 0.394771 0.033824 0.078431
3 0.585294 0.315686 0.033824 0.064052
3 0.576471 0.240523 0.032353 0.057516
3 0.430515 0.233333 0.028676 0.064052
3 0.560294 0.145098 0.027941 0.047059
3 0.475000 0.130719 0.025000 0.044444
3 0.509191 0.107190 0.021324 0.033987
3 0.543015 0.066667 0.021324 0.033987
3 0.537500 0.036601 0.019118 0.031373
3 0.445588 0.014379 0.017647 0.028758
9 0.396691 0.129412 0.015441 0.039216
7 0.395956 0.122222 0.006618 0.024837
7 0.376838 0.051634 0.003676 0.032680
1 0.374632 0.060131 0.005147 0.020915
8 0.404044 0.044444 0.005147 0.018301
5 0.403309 0.051634 0.005147 0.022222
8 0.408088 0.025490 0.002941 0.014379
5 0.407721 0.035294 0.005147 0.018301
3 0.838603 0.370588 0.049265 0.043137
3 0.827574 0.338562 0.059559 0.052288
11 0.834191 0.224183 0.034559 0.061438
3 0.745588 0.298039 0.044118 0.073203
7 0.789706 0.356209 0.007353 0.048366
7 0.792279 0.406536 0.006618 0.039216
10 0.622794 0.015033 0.026471 0.030065
3 0.626103 0.050327 0.025735 0.040523
3 0.635294 0.081699 0.023529 0.037908
3 0.659926 0.139216 0.027206 0.037908
3 0.708824 0.177124 0.035294 0.050980
3 0.715074 0.126797 0.037500 0.036601
3 0.717647 0.093464 0.048529 0.035294
3 0.697059 0.071895 0.052941 0.041830
