3 0.104044 0.786928 0.059559 0.154248
3 0.187868 0.513725 0.049265 0.083660
3 0.080147 0.468627 0.057353 0.118954
3 0.016544 0.735948 0.033088 0.115033
9 0.110662 0.369281 0.033088 0.050980
9 0.163971 0.282353 0.029412 0.052288
1 0.136765 0.287582 0.030882 0.028758
5 0.147426 0.276471 0.013971 0.032680
11 0.220221 0.405229 0.037500 0.112418
3 0.225735 0.296078 0.058824 0.056209
3 0.258088 0.190196 0.029412 0.040523
3 0.277574 0.141176 0.036029 0.049673
5 0.258824 0.053595 0.019118 0.026144
5 0.263603 0.052288 0.019853 0.020915
3 0.284559 0.029412 0.042647 0.024837
10 0.261765 0.947059 0.086765 0.103268
3 0.420956 0.707843 0.041912 0.145098
2 0.505147 0.710458 0.083824 0.362092
10 0.338971 0.469935 0.058824 0.147712
11 0.424632 0.375163 0.031618 0.091503
11 0.370588 0.237908 0.026471 0.073203
3 0.482353 0.292157 0.029412 0.053595
3 0.380882 0.194118 0.022059 0.048366
10 0.394485 0.098693 0.030147 0.056209
3 0.443750 0.080392 0.018382 0.040523
3 0.477206 0.052288 0.016176 0.028758
3 0.450735 0.022222 0.016176 0.028758
3 0.541176 0.211765 0.022059 0.041830
3 0.538603 0.166013 0.022794 0.036601
11 0.537868 0.120261 0.027206 0.041830
3 0.641176 0.315686 0.029412 0.053595
3 0.689338 0.300654 0.030147 0.057516
3 0.670956 0.244444 0.030147 0.057516
11 0.636765 0.149673 0.030882 0.058824
3 0.727941 0.064052 0.039706 0.033987
3 0.693015 0.032026 0.038971 0.022222
3 0.694485 0.017647 0.038971 0.022222
3 0.651838 0.023529 0.038971 0.023529
3 0.613603 0.018301 0.022794 0.020915
3 0.577941 0.015686 0.016176 0.020915
11 0.546691 0.008497 0.019853 0.016993
8 0.587500 0.031373 0.005882 0.020915
8 0.592279 0.031373 0.005147 0.020915
5 0.588235 0.037255 0.017647 0.016993
10 0.593382 0.057516 0.063235 0.036601
10 0.647794 0.060784 0.063235 0.037908
7 0.506985 0.104575 0.006618 0.031373
10 0.526471 0.039869 0.067647 0.045752
8 0.552574 0.411111 0.011029 0.043137
1 0.552206 0.424837 0.010294 0.036601
10 0.558456 0.290850 0.044853 0.108497
8 0.421691 0.032680 0.008088 0.013072
1 0.422794 0.042484 0.007353 0.019608
