3 0.503906 0.778241 0.024479 0.060185
3 0.514583 0.689352 0.026042 0.050926
3 0.559115 0.769907 0.027604 0.056481
3 0.469531 0.687500 0.021354 0.045370
3 0.511198 0.615741 0.020313 0.040741
3 0.470313 0.584259 0.019792 0.031481
3 0.515365 0.561574 0.016146 0.028704
3 0.473177 0.516667 0.016146 0.027778
3 0.512760 0.511111 0.016146 0.027778
3 0.537760 0.523148 0.016146 0.027778
3 0.518750 0.462963 0.011458 0.022222
3 0.473958 0.471296 0.011458 0.022222
3 0.476823 0.439352 0.010937 0.019444
2 0.499479 0.430556 0.019792 0.064815
3 0.437760 0.655556 0.021354 0.044444
3 0.434896 0.604167 0.018750 0.036111
3 0.444010 0.566667 0.019271 0.031481
3 0.443229 0.533333 0.016667 0.029630
3 0.448437 0.500926 0.014583 0.025926
3 0.450781 0.462963 0.013021 0.022222
3 0.453906 0.440278 0.011979 0.019444
3 0.457552 0.409722 0.010937 0.019444
3 0.475781 0.417130 0.010937 0.015741
3 0.457552 0.381481 0.009896 0.016667
3 0.464062 0.346759 0.008333 0.015741
3 0.409375 0.391667 0.011458 0.022222
3 0.401562 0.433796 0.013542 0.023148
3 0.362500 0.500000 0.017708 0.029630
3 0.325781 0.529167 0.020313 0.034259
3 0.301823 0.590741 0.025521 0.042593
3 0.311719 0.632407 0.026562 0.044444
3 0.382552 0.616667 0.025521 0.046296
3 0.326042 0.730093 0.032292 0.067593
3 0.343229 0.833796 0.035417 0.080556
3 0.500521 0.899537 0.028125 0.095370
7 0.425000 0.941204 0.010417 0.067593
7 0.605990 0.967593 0.010937 0.062963
7 0.533073 0.981019 0.014063 0.036111
7 0.551042 0.981944 0.013542 0.034259
7 0.419531 0.922222 0.008854 0.061111
7 0.384375 0.980093 0.014583 0.037963
7 0.664844 0.762963 0.008854 0.040741
7 0.672917 0.761574 0.006250 0.036111
7 0.623177 0.630093 0.004687 0.030556
7 0.631250 0.628241 0.006250 0.032407
7 0.642969 0.646759 0.007812 0.036111
7 0.650781 0.636111 0.006771 0.035185
7 0.646094 0.591667 0.005729 0.029630
7 0.655729 0.590741 0.005208 0.029630
7 0.666927 0.593981 0.005729 0.030556
7 0.673177 0.593981 0.005729 0.030556
7 0.609896 0.539352 0.004167 0.026852
7 0.633333 0.424074 0.003125 0.020370
7 0.628646 0.443056 0.004167 0.019444
7 0.615885 0.443981 0.003646 0.023148
7 0.604427 0.412500 0.002604 0.017593
7 0.600260 0.412500 0.002604 0.015741
7 0.583854 0.422685 0.003125 0.015741
7 0.577865 0.427315 0.002604 0.015741
7 0.599740 0.468056 0.002604 0.017593
3 0.517188 0.400000 0.010417 0.018519
3 0.510156 0.370833 0.010937 0.015741
3 0.524740 0.373611 0.009896 0.015741
3 0.507292 0.354167 0.009375 0.013889
3 0.466146 0.326852 0.007292 0.012963
3 0.411979 0.310185 0.007292 0.012963
3 0.454427 0.306019 0.010937 0.012037
3 0.494792 0.273148 0.005208 0.009259
3 0.505208 0.268981 0.005208 0.008333
3 0.466146 0.247685 0.005208 0.008333
3 0.442448 0.212963 0.002604 0.003704
3 0.464062 0.233796 0.004167 0.006481
3 0.482292 0.253704 0.005208 0.009259
3 0.473698 0.237500 0.004687 0.008333
2 0.495312 0.376389 0.016667 0.043519
2 0.431771 0.288426 0.029167 0.026852
2 0.364844 0.406944 0.025521 0.069444
3 0.466146 0.315278 0.007292 0.012037
3 0.476562 0.381019 0.007292 0.015741
3 0.478385 0.372222 0.008854 0.016667
3 0.477604 0.362037 0.009375 0.014815
3 0.478385 0.350463 0.007812 0.013889
3 0.478385 0.339352 0.007812 0.013889
3 0.478646 0.332407 0.008333 0.011111
3 0.493229 0.351852 0.008333 0.012963
3 0.492188 0.340741 0.008333 0.012963
3 0.492448 0.332407 0.007812 0.012963
3 0.392188 0.312963 0.007292 0.012963
3 0.380990 0.297685 0.008854 0.013889
3 0.303646 0.380093 0.028125 0.015741
3 0.304688 0.375463 0.028125 0.015741
3 0.304427 0.370833 0.026562 0.015741
3 0.305990 0.364352 0.026562 0.015741
3 0.309115 0.362037 0.027604 0.011111
3 0.310937 0.353241 0.025000 0.013889
3 0.322135 0.341667 0.025521 0.011111
3 0.322135 0.337963 0.025521 0.011111
3 0.328385 0.335185 0.025521 0.011111
3 0.328385 0.327778 0.025521 0.011111
3 0.333073 0.321759 0.020313 0.010185
3 0.344271 0.307870 0.020833 0.012037
3 0.347917 0.300463 0.020833 0.012037
3 0.351302 0.294907 0.018229 0.010185
3 0.342187 0.288889 0.017708 0.009259
3 0.455990 0.282407 0.008854 0.011111
3 0.459375 0.276389 0.012500 0.010185
3 0.451302 0.271296 0.005729 0.009259
3 0.450521 0.263889 0.006250 0.009259
3 0.441146 0.271759 0.006250 0.008333
3 0.430469 0.264815 0.005729 0.009259
3 0.420833 0.265278 0.006250 0.008333
3 0.437240 0.213426 0.003646 0.004630
3 0.450521 0.215741 0.003125 0.005556
3 0.452604 0.229167 0.005208 0.008333
3 0.478646 0.246759 0.005208 0.006481
3 0.488281 0.262963 0.006771 0.009259
3 0.495833 0.261111 0.005208 0.007407
3 0.496615 0.256019 0.014063 0.010185
2 0.461198 0.218056 0.007812 0.012037
4 0.426823 0.189352 0.039062 0.032407
3 0.580469 0.560185 0.033854 0.031481
3 0.576302 0.517130 0.035937 0.026852
7 0.559375 0.517130 0.003125 0.023148
7 0.651302 0.556019 0.003646 0.023148
7 0.657552 0.555093 0.004687 0.026852
7 0.660417 0.478704 0.003125 0.024074
7 0.655990 0.477778 0.003646 0.024074
7 0.742708 0.655093 0.008333 0.028704
7 0.764844 0.698611 0.008854 0.032407
7 0.792448 0.750000 0.007812 0.035185
7 0.728646 0.677778 0.008333 0.037037
7 0.716667 0.706944 0.005208 0.037963
7 0.707552 0.706019 0.007812 0.037963
7 0.692969 0.671759 0.007812 0.032407
7 0.684115 0.621759 0.007812 0.032407
7 0.675260 0.623611 0.006771 0.030556
7 0.710417 0.586574 0.005208 0.028704
7 0.692969 0.520370 0.004687 0.025926
7 0.682031 0.531944 0.004687 0.025000
7 0.683333 0.511574 0.004167 0.023148
7 0.710938 0.561574 0.004167 0.023148
7 0.712240 0.743056 0.007812 0.037963
7 0.643490 0.738889 0.004687 0.031481
7 0.633333 0.584259 0.005208 0.022222
7 0.609375 0.584722 0.005208 0.023148
7 0.621875 0.523611 0.004167 0.021296
7 0.637760 0.558796 0.003646 0.017593
7 0.653646 0.701852 0.008333 0.031481
7 0.652604 0.681019 0.006250 0.025000
7 0.581771 0.440278 0.004167 0.013889
7 0.600260 0.437963 0.003646 0.012963
7 0.594792 0.450926 0.004167 0.012963
7 0.589063 0.446296 0.004167 0.012963
7 0.626302 0.567593 0.003646 0.014815
7 0.625781 0.561111 0.003646 0.014815
7 0.626302 0.546296 0.003646 0.014815
7 0.609635 0.482407 0.004687 0.014815
7 0.786458 0.787963 0.007292 0.038889
7 0.778125 0.790741 0.007292 0.038889
7 0.734375 0.979630 0.009375 0.038889
7 0.745833 0.977778 0.009375 0.042593
7 0.754167 0.925926 0.010417 0.062963
7 0.743750 0.918056 0.013542 0.065741
7 0.691406 0.825000 0.007812 0.038889
7 0.729688 0.854630 0.009375 0.050000
8 0.742708 0.706019 0.009375 0.030556
7 0.713021 0.672222 0.006250 0.024074
7 0.689844 0.565741 0.006771 0.027778
7 0.646094 0.438426 0.002604 0.019444
7 0.650000 0.456481 0.002083 0.016667
7 0.644792 0.455556 0.003125 0.020370
7 0.647917 0.456481 0.002083 0.014815
3 0.576042 0.408796 0.012500 0.021296
2 0.521094 0.339815 0.016146 0.038889
3 0.476823 0.393519 0.009896 0.016667
11 0.376302 0.534259 0.019271 0.040741
7 0.181771 0.636574 0.007292 0.034259
7 0.169010 0.668519 0.005729 0.031481
7 0.180469 0.685185 0.005729 0.031481
7 0.175781 0.668056 0.005729 0.032407
7 0.103906 0.710185 0.006771 0.029630
7 0.096094 0.707870 0.005729 0.032407
7 0.143490 0.637500 0.005729 0.032407
7 0.150260 0.637500 0.005729 0.032407
7 0.183333 0.590278 0.006250 0.030556
7 0.190625 0.589352 0.006250 0.028704
7 0.198698 0.638426 0.005729 0.030556
7 0.194271 0.639352 0.004167 0.028704
7 0.103125 0.916204 0.019792 0.060185
7 0.082292 0.950000 0.021875 0.064815
7 0.064583 0.943981 0.012500 0.060185
7 0.053385 0.876389 0.017188 0.056481
7 0.181250 0.909722 0.017708 0.063889
7 0.189583 0.901389 0.014583 0.054630
7 0.016927 0.946296 0.020313 0.062963
1 0.172917 0.736574 0.018750 0.025000
1 0.186979 0.720370 0.018750 0.024074
1 0.205208 0.706019 0.016667 0.019444
1 0.206771 0.678241 0.019792 0.019444
1 0.181250 0.706019 0.019792 0.021296
1 0.192969 0.697222 0.014063 0.022222
4 0.221354 0.648148 0.027083 0.037037
7 0.192188 0.626852 0.005208 0.027778
7 0.197917 0.625463 0.005208 0.026852
7 0.166667 0.605093 0.006250 0.023148
7 0.178646 0.611574 0.006250 0.021296
7 0.196615 0.575000 0.005729 0.027778
7 0.180208 0.572685 0.006250 0.021296
7 0.191927 0.564815 0.005729 0.018519
7 0.156250 0.644907 0.006250 0.023148
7 0.129688 0.678241 0.008333 0.028704
7 0.112500 0.713426 0.008333 0.028704
7 0.073698 0.744444 0.010937 0.033333
7 0.050000 0.780093 0.010417 0.030556
1 0.073958 0.761574 0.014583 0.030556
1 0.112500 0.725926 0.012500 0.025926
1 0.129948 0.693056 0.009896 0.025000
1 0.167448 0.616204 0.007812 0.019444
1 0.178906 0.623148 0.007812 0.020370
1 0.178385 0.584259 0.007812 0.018519
1 0.191927 0.573148 0.005729 0.016667
5 0.158333 0.655093 0.008333 0.025000
7 0.060937 0.806019 0.008333 0.037963
7 0.052865 0.806481 0.006771 0.038889
8 0.717708 0.629167 0.007292 0.021296
7 0.665365 0.644907 0.006771 0.025000
7 0.666406 0.648148 0.004687 0.016667
1 0.665885 0.650926 0.007812 0.022222
1 0.654687 0.713426 0.010417 0.030556
1 0.609896 0.591204 0.006250 0.025000
1 0.633073 0.591204 0.005729 0.021296
1 0.626302 0.569907 0.005729 0.021296
1 0.621615 0.528241 0.003646 0.019444
1 0.610417 0.489815 0.006250 0.016667
1 0.610156 0.467130 0.007812 0.012037
7 0.610417 0.458796 0.003125 0.013889
7 0.604688 0.466667 0.003125 0.022222
7 0.610938 0.450926 0.003125 0.022222
7 0.598698 0.425463 0.002604 0.019444
7 0.590625 0.434259 0.003125 0.016667
7 0.587760 0.433333 0.002604 0.016667
7 0.589323 0.425926 0.002604 0.016667
7 0.592187 0.424537 0.003125 0.012037
7 0.594271 0.420833 0.003125 0.012037
4 0.537500 0.339815 0.008333 0.016667
4 0.542969 0.361574 0.016146 0.036111
2 0.573958 0.369907 0.013542 0.032407
4 0.556250 0.319444 0.016667 0.027778
4 0.566927 0.345833 0.007812 0.010185
4 0.528646 0.241204 0.036458 0.071296
7 0.298438 0.511111 0.004167 0.027778
7 0.316927 0.431019 0.003646 0.017593
1 0.316927 0.436111 0.003646 0.014815
7 0.252083 0.415741 0.003125 0.022222
7 0.248438 0.376389 0.002083 0.017593
7 0.240885 0.378241 0.002604 0.017593
7 0.258854 0.356944 0.002083 0.013889
7 0.279167 0.335648 0.002083 0.013889
7 0.297396 0.316204 0.002083 0.013889
7 0.311458 0.307407 0.002083 0.012963
7 0.316667 0.308796 0.002083 0.013889
7 0.307812 0.308333 0.002083 0.012963
7 0.306250 0.295370 0.002083 0.012963
7 0.308854 0.287037 0.002083 0.012963
7 0.354687 0.355556 0.002083 0.012963
7 0.356771 0.345370 0.002083 0.012963
7 0.347917 0.336111 0.002083 0.012963
7 0.329688 0.304630 0.002083 0.012963
7 0.316146 0.300926 0.002083 0.011111
7 0.293490 0.337963 0.002604 0.012963
7 0.290885 0.337963 0.002604 0.012963
4 0.384115 0.246759 0.020313 0.026852
2 0.409896 0.256019 0.009375 0.023148
3 0.264844 0.367593 0.011979 0.016667
7 0.342708 0.352778 0.002083 0.012963
7 0.347917 0.351852 0.002083 0.012963
7 0.402083 0.323148 0.002083 0.012963
7 0.398177 0.318519 0.001563 0.009259
7 0.393750 0.318981 0.002083 0.013889
3 0.450260 0.260648 0.005729 0.008333
3 0.449479 0.254167 0.006250 0.008333
3 0.446875 0.249074 0.006250 0.009259
3 0.442969 0.243981 0.005729 0.008333
3 0.439323 0.234722 0.005729 0.008333
3 0.441146 0.265278 0.006250 0.008333
3 0.439063 0.255093 0.006250 0.008333
3 0.436979 0.249074 0.006250 0.009259
3 0.434635 0.244444 0.005729 0.009259
3 0.432292 0.236574 0.006250 0.008333
3 0.430729 0.259259 0.006250 0.009259
3 0.428906 0.252315 0.005729 0.008333
3 0.427604 0.246759 0.006250 0.008333
3 0.425521 0.242130 0.006250 0.008333
3 0.425000 0.239352 0.006250 0.008333
3 0.422396 0.233333 0.006250 0.009259
3 0.420573 0.258796 0.005729 0.008333
3 0.419271 0.251389 0.006250 0.008333
3 0.416927 0.240741 0.005729 0.009259
3 0.413542 0.231481 0.006250 0.009259
3 0.413802 0.226389 0.005729 0.008333
3 0.418750 0.220833 0.005208 0.004630
3 0.404687 0.221296 0.006250 0.009259
3 0.407813 0.233333 0.006250 0.009259
3 0.409635 0.239352 0.005729 0.008333
3 0.436198 0.228704 0.005729 0.009259
3 0.432292 0.219907 0.006250 0.008333
3 0.429167 0.214352 0.006250 0.008333
3 0.426042 0.222222 0.006250 0.009259
3 0.423958 0.218056 0.006250 0.008333
3 0.421354 0.214352 0.006250 0.008333
3 0.418490 0.218519 0.005729 0.009259
3 0.482812 0.236574 0.005208 0.006481
3 0.468229 0.230093 0.005208 0.006481
3 0.476042 0.231019 0.005208 0.006481
3 0.479687 0.233796 0.005208 0.006481
3 0.488542 0.245833 0.005208 0.006481
3 0.492708 0.248611 0.005208 0.006481
4 0.490365 0.313426 0.029687 0.012037
3 0.480990 0.277778 0.006771 0.009259
4 0.497917 0.294444 0.029167 0.011111
4 0.472396 0.289352 0.006250 0.006481
3 0.619010 0.374537 0.014063 0.013889
4 0.569010 0.295370 0.018229 0.046296
11 0.594531 0.297222 0.015104 0.012963
7 0.594010 0.364815 0.002604 0.016667
7 0.614062 0.349537 0.002083 0.015741
7 0.600260 0.340741 0.001563 0.012963
7 0.596875 0.346296 0.002083 0.016667
7 0.588281 0.347685 0.002604 0.015741
7 0.584896 0.354630 0.002083 0.009259
7 0.605208 0.375000 0.002083 0.014815
7 0.590625 0.343519 0.002083 0.014815
7 0.572917 0.345370 0.002083 0.014815
7 0.578646 0.347222 0.002083 0.014815
7 0.581771 0.346296 0.002083 0.014815
7 0.584375 0.339815 0.002083 0.014815
7 0.587500 0.337037 0.002083 0.014815
4 0.597396 0.320833 0.021875 0.013889
7 0.604688 0.345833 0.002083 0.015741
3 0.523958 0.363889 0.008333 0.012963
7 0.425521 0.317593 0.002083 0.012963
4 0.455729 0.319907 0.006250 0.006481
4 0.367448 0.304167 0.011979 0.030556
4 0.370312 0.330093 0.005208 0.015741
4 0.364063 0.348148 0.005208 0.012963
7 0.584635 0.390741 0.002604 0.016667
7 0.587500 0.389815 0.002083 0.016667
7 0.590104 0.388889 0.002083 0.016667
7 0.619531 0.393981 0.002604 0.015741
7 0.643750 0.532407 0.003125 0.020370
7 0.645312 0.531019 0.003125 0.025000
7 0.620833 0.495833 0.004167 0.013889
1 0.621354 0.502315 0.003125 0.012037
7 0.600000 0.365741 0.002083 0.016667
7 0.559896 0.391667 0.002083 0.014815
4 0.529948 0.312500 0.020313 0.006481
1 0.629167 0.855556 0.018750 0.035185
1 0.599219 0.817130 0.010937 0.041667
3 0.211198 0.801389 0.043229 0.075000
3 0.253125 0.805556 0.043750 0.087037
