11 0.350735 0.941176 0.164706 0.112418
3 0.386765 0.856863 0.129412 0.116340
9 0.327941 0.726797 0.055882 0.086275
7 0.291912 0.676471 0.011765 0.058824
7 0.309559 0.684967 0.013235 0.052288
9 0.499632 0.718954 0.050735 0.047059
7 0.500368 0.720915 0.016912 0.071895
3 0.507353 0.620915 0.098529 0.086275
3 0.628309 0.575817 0.044853 0.108497
5 0.709559 0.946405 0.042647 0.054902
8 0.711397 0.939869 0.018382 0.078431
8 0.721324 0.943791 0.019118 0.070588
7 0.689706 0.665359 0.013235 0.060131
7 0.700735 0.623529 0.016176 0.057516
5 0.333456 0.539869 0.028676 0.041830
8 0.330147 0.537908 0.016176 0.053595
8 0.227941 0.489542 0.013235 0.032680
7 0.220588 0.434641 0.011765 0.053595
7 0.215441 0.434641 0.010294 0.045752
7 0.238235 0.431373 0.011765 0.039216
8 0.016544 0.424183 0.012500 0.043137
8 0.027574 0.415033 0.011029 0.027451
8 0.031250 0.427451 0.011029 0.036601
5 0.039338 0.450327 0.016912 0.043137
5 0.057721 0.445752 0.011029 0.047059
5 0.150735 0.428758 0.013235 0.041830
5 0.168750 0.424837 0.011029 0.039216
5 0.157721 0.415033 0.013971 0.040523
1 0.188603 0.394118 0.016912 0.037908
1 0.198529 0.384967 0.023529 0.030065
5 0.223897 0.366667 0.022794 0.030065
0 0.222059 0.409150 0.038235 0.081046
7 0.194118 0.352288 0.008824 0.037908
1 0.262868 0.354902 0.024265 0.027451
5 0.242647 0.340523 0.029412 0.030065
5 0.254044 0.300654 0.022794 0.026144
8 0.250735 0.296078 0.005882 0.027451
5 0.253309 0.298039 0.015441 0.020915
7 0.222794 0.306536 0.008824 0.030065
7 0.362500 0.415686 0.010294 0.049673
7 0.394853 0.391503 0.007353 0.050980
7 0.444853 0.399346 0.008824 0.045752
7 0.455147 0.405229 0.007353 0.041830
9 0.301838 0.420915 0.031618 0.057516
5 0.295588 0.386275 0.026471 0.035294
7 0.291912 0.394771 0.005882 0.028758
7 0.298162 0.396078 0.006618 0.036601
7 0.316544 0.403268 0.006618 0.040523
7 0.304044 0.362745 0.005147 0.037908
7 0.315441 0.366667 0.008824 0.043137
7 0.325735 0.375163 0.008824 0.041830
7 0.334926 0.373203 0.006618 0.045752
7 0.303309 0.350327 0.006618 0.041830
7 0.339706 0.403922 0.005882 0.044444
7 0.344118 0.401307 0.005882 0.044444
0 0.356250 0.390196 0.049265 0.074510
3 0.353309 0.286928 0.061029 0.064052
3 0.515809 0.469935 0.080147 0.069281
11 0.535294 0.418301 0.077941 0.070588
3 0.416544 0.216993 0.053676 0.041830
3 0.430147 0.199346 0.050000 0.035294
3 0.451838 0.173203 0.050735 0.032680
3 0.462868 0.156863 0.043382 0.033987
3 0.471691 0.145752 0.040441 0.030065
8 0.405882 0.132680 0.005882 0.022222
8 0.413971 0.133333 0.007353 0.023529
5 0.347426 0.164706 0.009559 0.020915
5 0.501838 0.122876 0.012500 0.018301
5 0.520588 0.116340 0.011765 0.018301
11 0.551838 0.113725 0.031618 0.041830
7 0.568382 0.092810 0.002941 0.020915
3 0.624265 0.194771 0.052941 0.036601
3 0.664706 0.329412 0.032353 0.067974
3 0.677941 0.257516 0.027941 0.052288
11 0.687500 0.204575 0.025000 0.043137
7 0.699632 0.232680 0.008088 0.033987
1 0.720956 0.343137 0.008088 0.032680
8 0.721324 0.333333 0.008824 0.033987
3 0.861765 0.317647 0.035294 0.060131
3 0.919118 0.315033 0.036765 0.049673
3 0.821324 0.192157 0.022059 0.044444
3 0.836029 0.137255 0.019118 0.033987
3 0.890074 0.108497 0.022794 0.028758
3 0.697059 0.150980 0.020588 0.037908
7 0.721691 0.105882 0.006618 0.023529
3 0.707353 0.115686 0.022059 0.030065
3 0.623529 0.156209 0.039706 0.030065
3 0.626838 0.147059 0.043382 0.024837
3 0.727941 0.093464 0.038235 0.032680
11 0.720221 0.056863 0.030147 0.027451
3 0.749632 0.077778 0.033088 0.022222
3 0.773529 0.062092 0.025000 0.024837
1 0.801103 0.056209 0.009559 0.015686
1 0.739706 0.120261 0.005882 0.015686
8 0.740074 0.114379 0.005147 0.019608
8 0.802206 0.050327 0.004412 0.019608
7 0.677574 0.058170 0.003676 0.019608
7 0.677206 0.045752 0.004412 0.015686
7 0.679779 0.047712 0.003676 0.019608
7 0.686397 0.043137 0.003676 0.018301
7 0.689706 0.043137 0.004412 0.020915
10 0.637500 0.043137 0.047059 0.033987
3 0.586765 0.045752 0.025000 0.020915
3 0.846691 0.043791 0.015441 0.024837
3 0.857353 0.019608 0.013235 0.020915
3 0.720956 0.036601 0.015441 0.018301
3 0.724632 0.024183 0.012500 0.016993
