7 0.540104 0.827778 0.017708 0.062963
3 0.329167 0.949074 0.068750 0.094444
7 0.304167 0.953704 0.012500 0.066667
3 0.316146 0.829630 0.046875 0.111111
5 0.339062 0.580556 0.032292 0.027778
5 0.394792 0.547222 0.006250 0.027778
8 0.395313 0.541667 0.005208 0.027778
5 0.405208 0.549074 0.006250 0.027778
8 0.404167 0.541667 0.008333 0.031481
7 0.420312 0.520370 0.007292 0.033333
3 0.476562 0.369444 0.013542 0.024074
7 0.523438 0.325000 0.003125 0.016667
1 0.436458 0.368519 0.004167 0.014815
0 0.427083 0.325926 0.020833 0.025926
4 0.503125 0.176852 0.010417 0.035185
4 0.491146 0.232407 0.013542 0.079630
4 0.477604 0.260185 0.011458 0.061111
4 0.457292 0.300000 0.022917 0.048148
3 0.504687 0.280556 0.009375 0.016667
4 0.510417 0.239815 0.018750 0.038889
3 0.503646 0.575926 0.028125 0.051852
3 0.505729 0.530556 0.023958 0.038889
3 0.507812 0.479630 0.017708 0.033333
0 0.501042 0.347222 0.006250 0.020370
5 0.479167 0.401852 0.016667 0.014815
8 0.478646 0.395370 0.007292 0.016667
8 0.477604 0.395370 0.005208 0.012963
7 0.458333 0.425926 0.008333 0.025926
8 0.452083 0.407407 0.006250 0.022222
5 0.451562 0.412037 0.005208 0.020370
8 0.436458 0.362037 0.004167 0.016667
7 0.511458 0.455556 0.006250 0.029630
7 0.517188 0.450000 0.005208 0.025926
8 0.532813 0.525926 0.013542 0.025926
5 0.535417 0.530556 0.008333 0.027778
8 0.535417 0.523148 0.008333 0.027778
3 0.317188 0.387037 0.009375 0.029630
3 0.300521 0.389815 0.017708 0.027778
