3 0.505147 0.742484 0.125000 0.209150
7 0.392279 0.614379 0.015441 0.078431
1 0.452941 0.622222 0.041176 0.054902
8 0.453309 0.599346 0.019853 0.058824
1 0.505882 0.533987 0.039706 0.056209
8 0.506985 0.531373 0.016912 0.066667
7 0.450000 0.514379 0.011765 0.074510
8 0.473162 0.479739 0.015441 0.044444
7 0.505515 0.500654 0.009559 0.062745
9 0.542647 0.473203 0.047059 0.060131
7 0.605882 0.428105 0.014706 0.069281
7 0.616544 0.974510 0.022794 0.048366
7 0.633456 0.973203 0.013971 0.050980
1 0.690074 0.784967 0.034559 0.084967
8 0.686397 0.766013 0.034559 0.078431
8 0.681985 0.788235 0.013971 0.039216
1 0.796324 0.795425 0.027941 0.074510
7 0.862868 0.663399 0.022794 0.066667
3 0.809191 0.559477 0.105147 0.112418
3 0.813971 0.426144 0.095588 0.101961
11 0.614706 0.291503 0.122059 0.135948
3 0.695221 0.307190 0.084559 0.083660
1 0.722794 0.381046 0.032353 0.037908
7 0.725735 0.359477 0.013235 0.047059
7 0.731618 0.353595 0.008824 0.040523
11 0.917647 0.324837 0.064706 0.116340
9 0.594853 0.357516 0.039706 0.061438
1 0.839338 0.330719 0.033088 0.039216
7 0.845956 0.324183 0.012500 0.054902
7 0.846324 0.311111 0.014706 0.054902
7 0.831985 0.251634 0.009559 0.043137
7 0.846691 0.213072 0.009559 0.044444
7 0.808456 0.220915 0.012500 0.049673
7 0.818750 0.205229 0.011029 0.060131
4 0.759559 0.222222 0.073529 0.067974
4 0.771691 0.265359 0.031618 0.015686
7 0.707353 0.226797 0.008824 0.053595
1 0.691176 0.246405 0.026471 0.040523
3 0.871691 0.181699 0.068382 0.062745
11 0.899632 0.160131 0.069853 0.074510
11 0.926471 0.139216 0.067647 0.061438
3 0.970221 0.113725 0.058088 0.062745
1 0.511765 0.218301 0.014706 0.044444
1 0.533456 0.214379 0.011029 0.041830
7 0.320588 0.432680 0.016176 0.070588
8 0.329779 0.283660 0.015441 0.031373
9 0.381250 0.186275 0.040441 0.040523
8 0.383824 0.167320 0.008824 0.039216
1 0.337500 0.163399 0.023529 0.036601
1 0.308456 0.152941 0.022794 0.033987
1 0.284926 0.143137 0.022794 0.037908
7 0.194118 0.337255 0.013235 0.062745
7 0.205882 0.325490 0.013235 0.060131
11 0.261397 0.245098 0.080147 0.077124
11 0.238235 0.214379 0.076471 0.096732
3 0.212868 0.198039 0.078676 0.074510
3 0.161397 0.275817 0.061029 0.086275
3 0.093750 0.196732 0.052206 0.077124
3 0.161765 0.152941 0.091176 0.067974
3 0.066912 0.021569 0.070588 0.043137
5 0.026103 0.049673 0.016912 0.031373
7 0.077574 0.143791 0.011029 0.047059
7 0.084926 0.146405 0.012500 0.052288
7 0.150368 0.093464 0.011029 0.040523
7 0.159926 0.115033 0.008088 0.041830
7 0.173529 0.120261 0.011765 0.044444
9 0.198897 0.091503 0.027206 0.041830
1 0.179779 0.062745 0.011029 0.028758
1 0.161397 0.050980 0.016912 0.018301
