3 0.243750 0.627451 0.072794 0.117647
3 0.206985 0.491503 0.093382 0.081046
3 0.300000 0.481699 0.041176 0.105882
3 0.314706 0.286275 0.027941 0.054902
3 0.294485 0.236601 0.068382 0.044444
3 0.629044 0.821569 0.080147 0.171242
3 0.708088 0.683660 0.122059 0.099346
3 0.687868 0.615033 0.097794 0.077124
3 0.558088 0.501961 0.050000 0.094118
3 0.529412 0.393464 0.038235 0.073203
3 0.518382 0.335948 0.033824 0.057516
3 0.379044 0.165359 0.025735 0.045752
3 0.414338 0.153595 0.019853 0.040523
3 0.470956 0.146405 0.022794 0.033987
3 0.491544 0.238562 0.031618 0.048366
3 0.483456 0.203268 0.024265 0.037908
3 0.604044 0.312418 0.050735 0.052288
3 0.596324 0.361438 0.073529 0.064052
11 0.323162 0.188235 0.021324 0.062745
3 0.334926 0.167974 0.018382 0.037908
3 0.403309 0.928105 0.066912 0.141176
3 0.617279 0.424183 0.068382 0.048366
3 0.331250 0.092810 0.013971 0.028758
11 0.341176 0.075163 0.010294 0.030065
11 0.412868 0.060131 0.012500 0.028758
11 0.441176 0.064706 0.014706 0.022222
11 0.449632 0.048366 0.022794 0.026144
11 0.458824 0.096732 0.013235 0.031373
11 0.487500 0.099346 0.029412 0.031373
11 0.483456 0.058170 0.031618 0.024837
4 0.410294 0.015686 0.073529 0.028758
5 0.900735 0.883007 0.032353 0.087582
5 0.932353 0.899346 0.025000 0.083660
5 0.671691 0.515686 0.028676 0.035294
4 0.247059 0.328758 0.026471 0.061438
7 0.521324 0.900654 0.011765 0.047059
7 0.524632 0.890850 0.009559 0.077124
7 0.164338 0.501307 0.011029 0.045752
7 0.640809 0.324837 0.009559 0.045752
7 0.652574 0.320261 0.008088 0.044444
5 0.702206 0.418301 0.017647 0.044444
5 0.714338 0.438562 0.013971 0.048366
8 0.444118 0.228758 0.005882 0.028758
8 0.457721 0.250327 0.006618 0.022222
5 0.457353 0.266667 0.008824 0.020915
7 0.195956 0.250327 0.008088 0.040523
8 0.445588 0.113072 0.002941 0.022222
