3 0.669485 0.903268 0.071324 0.188235
3 0.550735 0.754902 0.048529 0.134641
2 0.269853 0.813725 0.141176 0.369935
3 0.342279 0.388889 0.041912 0.103268
3 0.532721 0.267320 0.033088 0.064052
3 0.432353 0.307843 0.035294 0.087582
3 0.348162 0.255556 0.034559 0.071895
3 0.367647 0.183007 0.035294 0.078431
11 0.369118 0.103922 0.025000 0.064052
11 0.438971 0.116340 0.023529 0.065359
3 0.536765 0.113725 0.025000 0.047059
1 0.594853 0.102614 0.007353 0.024837
1 0.571691 0.065359 0.018382 0.018301
1 0.573529 0.057516 0.011765 0.015686
7 0.564706 0.023529 0.007353 0.036601
7 0.568015 0.037255 0.003676 0.035294
7 0.569118 0.040523 0.004412 0.031373
7 0.572059 0.059477 0.004412 0.032680
3 0.520588 0.018301 0.022059 0.036601
7 0.390074 0.148366 0.008088 0.037908
7 0.392647 0.158170 0.005882 0.026144
11 0.443015 0.020261 0.021324 0.040523
3 0.476103 0.009804 0.018382 0.019608
7 0.323162 0.276471 0.012500 0.050980
7 0.305147 0.287582 0.007353 0.026144
7 0.310294 0.283007 0.005882 0.027451
7 0.351471 0.091503 0.007353 0.039216
7 0.364338 0.054902 0.005147 0.033987
7 0.364338 0.063399 0.005147 0.032680
7 0.365074 0.068627 0.003676 0.019608
7 0.022059 0.068627 0.011765 0.040523
3 0.103676 0.024837 0.038235 0.039216
10 0.798897 0.081046 0.068382 0.104575
3 0.565074 0.494118 0.040441 0.104575
