3 0.247426 0.803922 0.122794 0.169935
3 0.334926 0.617647 0.053676 0.113725
3 0.226471 0.646405 0.085294 0.124183
3 0.409926 0.273203 0.028676 0.044444
3 0.498897 0.256863 0.025735 0.050980
3 0.498162 0.198039 0.019853 0.040523
3 0.558088 0.100654 0.013235 0.023529
11 0.523529 0.124183 0.013235 0.031373
3 0.554044 0.047059 0.009559 0.020915
3 0.570956 0.026797 0.009559 0.016993
9 0.549265 0.007843 0.008824 0.015686
3 0.684191 0.075163 0.016912 0.019608
3 0.655515 0.045098 0.013971 0.019608
3 0.636029 0.040523 0.011765 0.013072
3 0.619853 0.017647 0.010294 0.016993
3 0.969118 0.589542 0.057353 0.067974
5 0.486397 0.164052 0.005147 0.019608
7 0.486765 0.154902 0.002941 0.022222
7 0.489706 0.153595 0.002941 0.016993
7 0.528309 0.041830 0.002206 0.020915
3 0.653309 0.007190 0.012500 0.014379
7 0.656618 0.025490 0.002941 0.011765
5 0.657353 0.028758 0.004412 0.010458
3 0.738603 0.048366 0.012500 0.015686
3 0.710662 0.028758 0.016912 0.015686
10 0.969485 0.118954 0.040441 0.039216
