3 0.409191 0.792157 0.111029 0.086275
3 0.377574 0.729412 0.071324 0.104575
3 0.409559 0.620915 0.091176 0.075817
3 0.575000 0.576471 0.076471 0.062745
3 0.706250 0.566667 0.075735 0.069281
3 0.812132 0.629412 0.080147 0.064052
5 0.929412 0.722222 0.027941 0.037908
7 0.931618 0.711765 0.014706 0.050980
3 0.977941 0.481046 0.042647 0.052288
7 0.881618 0.430719 0.007353 0.032680
1 0.910662 0.434641 0.012500 0.024837
7 0.908456 0.424837 0.012500 0.033987
1 0.885662 0.424837 0.016912 0.026144
7 0.884191 0.415033 0.008088 0.032680
8 0.991912 0.941830 0.014706 0.035294
8 0.990809 0.927451 0.016912 0.037908
11 0.104779 0.814379 0.112500 0.107190
3 0.220956 0.724837 0.091912 0.087582
3 0.172059 0.660131 0.091176 0.078431
3 0.128309 0.584967 0.078676 0.087582
5 0.195588 0.494771 0.010294 0.035294
7 0.194853 0.478431 0.010294 0.031373
5 0.144853 0.507843 0.011765 0.032680
7 0.147059 0.496732 0.011765 0.039216
7 0.146691 0.489542 0.008088 0.027451
3 0.155882 0.464052 0.010294 0.031373
7 0.157353 0.452941 0.013235 0.035294
5 0.141544 0.472549 0.013971 0.027451
7 0.141912 0.464706 0.011765 0.043137
3 0.046691 0.392157 0.037500 0.052288
7 0.026838 0.386928 0.009559 0.041830
7 0.027941 0.372549 0.011765 0.033987
3 0.194485 0.384967 0.028676 0.066667
3 0.234926 0.435948 0.030147 0.074510
3 0.234926 0.381699 0.025735 0.052288
3 0.183824 0.245752 0.019118 0.033987
3 0.096691 0.261438 0.024265 0.036601
7 0.068015 0.279739 0.006618 0.028758
7 0.128309 0.198039 0.006618 0.024837
11 0.129044 0.188889 0.028676 0.032680
3 0.125735 0.174510 0.016176 0.030065
3 0.131618 0.160131 0.017647 0.027451
7 0.120588 0.150980 0.005882 0.022222
7 0.114338 0.151634 0.005147 0.020915
7 0.032721 0.207843 0.006618 0.023529
7 0.026471 0.211111 0.005882 0.027451
3 0.089706 0.039216 0.022059 0.013072
3 0.098162 0.045098 0.012500 0.014379
3 0.117647 0.020915 0.010294 0.013072
3 0.162132 0.077778 0.011029 0.019608
9 0.193750 0.147712 0.008088 0.018301
7 0.193015 0.144444 0.003676 0.011765
5 0.209926 0.177124 0.005147 0.016993
7 0.209191 0.169935 0.005147 0.015686
5 0.210294 0.132680 0.004412 0.011765
7 0.210294 0.126797 0.004412 0.013072
3 0.222794 0.096732 0.011765 0.018301
3 0.244853 0.084314 0.011765 0.016993
3 0.226103 0.075163 0.011029 0.019608
3 0.242647 0.036601 0.010294 0.013072
9 0.224265 0.039869 0.005882 0.014379
3 0.240809 0.015686 0.008088 0.013072
5 0.221691 0.020915 0.002206 0.007843
7 0.221324 0.016340 0.001471 0.006536
3 0.240074 0.005229 0.006618 0.010458
3 0.263235 0.020915 0.007353 0.010458
3 0.262868 0.047712 0.009559 0.014379
9 0.283824 0.049673 0.004412 0.010458
7 0.283456 0.045752 0.002206 0.010458
5 0.300368 0.103268 0.003676 0.013072
7 0.300000 0.098039 0.002941 0.013072
7 0.361397 0.134641 0.003676 0.018301
7 0.361397 0.125490 0.003676 0.015686
5 0.337868 0.105882 0.003676 0.013072
7 0.337868 0.101961 0.002206 0.010458
7 0.338235 0.100000 0.002941 0.011765
3 0.354412 0.107190 0.011765 0.018301
3 0.347794 0.094118 0.011765 0.015686
3 0.340441 0.075163 0.010294 0.016993
11 0.316912 0.015686 0.005882 0.010458
3 0.312500 0.009804 0.005882 0.011765
3 0.384926 0.185621 0.019853 0.028758
7 0.356985 0.174510 0.003676 0.011765
7 0.354779 0.166667 0.003676 0.016993
3 0.468750 0.388235 0.033088 0.044444
3 0.453309 0.349020 0.030147 0.044444
3 0.436397 0.308497 0.025735 0.031373
3 0.425000 0.279085 0.022059 0.035294
7 0.656250 0.403268 0.006618 0.035294
7 0.734191 0.438562 0.006618 0.035294
