3 0.726838 0.918954 0.083088 0.159477
5 0.786029 0.820915 0.033824 0.033987
3 0.680515 0.695425 0.069853 0.159477
7 0.721324 0.424837 0.011765 0.049673
5 0.716176 0.371895 0.027941 0.035294
5 0.694853 0.340523 0.023529 0.035294
3 0.645956 0.520915 0.044853 0.092810
3 0.626103 0.401307 0.046324 0.094118
3 0.674265 0.271895 0.072059 0.057516
5 0.704044 0.203268 0.016912 0.030065
5 0.686029 0.157516 0.017647 0.022222
5 0.636397 0.196078 0.018382 0.028758
3 0.586765 0.190196 0.029412 0.056209
3 0.575735 0.142484 0.030882 0.057516
7 0.616176 0.161438 0.005882 0.040523
7 0.625735 0.169935 0.005882 0.039216
1 0.636029 0.164052 0.017647 0.027451
3 0.424632 0.482353 0.040441 0.112418
7 0.575368 0.647059 0.011029 0.054902
7 0.571691 0.622222 0.012500 0.065359
7 0.631985 0.141830 0.008088 0.043137
3 0.568382 0.099346 0.027941 0.047059
4 0.615074 0.109150 0.024265 0.037908
7 0.658824 0.115033 0.011765 0.033987
7 0.631985 0.050980 0.008088 0.033987
3 0.562868 0.053595 0.024265 0.044444
3 0.554412 0.015686 0.025000 0.031373
4 0.581985 0.009804 0.016912 0.019608
3 0.363971 0.019608 0.025000 0.039216
3 0.356618 0.059477 0.025000 0.053595
3 0.352574 0.101307 0.027206 0.058824
1 0.297794 0.079085 0.016176 0.024837
7 0.253676 0.106536 0.007353 0.040523
5 0.295221 0.137908 0.016912 0.024837
9 0.333456 0.225490 0.018382 0.045752
11 0.316912 0.290850 0.038235 0.092810
3 0.305882 0.391503 0.039706 0.098039
3 0.267279 0.224837 0.068382 0.065359
3 0.245221 0.282353 0.066912 0.065359
3 0.223162 0.441830 0.078676 0.078431
7 0.318382 0.615033 0.017647 0.056209
5 0.356250 0.573203 0.015441 0.058824
8 0.355147 0.554248 0.013235 0.041830
3 0.242279 0.777124 0.068382 0.179085
7 0.234191 0.908497 0.015441 0.065359
3 0.200368 0.928105 0.069853 0.141176
3 0.098162 0.801961 0.108088 0.173856
