3 0.106985 0.875817 0.153676 0.125490
11 0.201103 0.966667 0.084559 0.064052
11 0.210662 0.510458 0.106618 0.084967
3 0.241176 0.423529 0.094118 0.070588
5 0.106250 0.449673 0.036029 0.047059
9 0.100368 0.415686 0.018382 0.049673
11 0.480147 0.797386 0.061765 0.169935
7 0.597426 0.916340 0.019853 0.086275
11 0.648897 0.905882 0.066912 0.185621
3 0.859926 0.722222 0.111029 0.087582
11 0.752941 0.535294 0.054412 0.105882
3 0.810294 0.547712 0.069118 0.109804
3 0.873529 0.535294 0.072059 0.126797
3 0.937868 0.538562 0.083088 0.107190
3 0.688971 0.438562 0.048529 0.105882
3 0.749265 0.430719 0.052941 0.103268
3 0.801471 0.439869 0.052941 0.092810
3 0.843750 0.422222 0.066912 0.101961
3 0.900735 0.426144 0.070588 0.099346
8 0.364338 0.386275 0.012500 0.045752
1 0.363971 0.404575 0.011765 0.037908
6 0.292279 0.320261 0.075735 0.078431
11 0.312500 0.262745 0.067647 0.052288
1 0.202574 0.257516 0.022794 0.031373
5 0.239338 0.191503 0.022794 0.032680
1 0.244485 0.189542 0.018382 0.031373
1 0.251838 0.188235 0.016912 0.023529
3 0.319853 0.226797 0.069118 0.045752
9 0.272426 0.161438 0.025735 0.030065
3 0.362132 0.110458 0.058088 0.040523
11 0.316176 0.033333 0.036765 0.048366
11 0.277941 0.031373 0.041176 0.039216
3 0.519485 0.195425 0.028676 0.050980
8 0.550000 0.362092 0.011765 0.036601
5 0.549632 0.377124 0.011029 0.040523
8 0.543382 0.241176 0.010294 0.035294
8 0.543015 0.249673 0.008088 0.031373
5 0.543750 0.251634 0.011029 0.035294
7 0.581618 0.286928 0.007353 0.043137
11 0.617647 0.157516 0.029412 0.066667
11 0.633088 0.238562 0.033824 0.053595
3 0.676838 0.243137 0.033088 0.052288
11 0.658456 0.185621 0.033088 0.047059
11 0.694853 0.183660 0.032353 0.058824
11 0.719118 0.236601 0.036765 0.054902
3 0.730515 0.183007 0.037500 0.057516
3 0.756985 0.237255 0.038971 0.053595
11 0.767647 0.177124 0.044118 0.064052
11 0.796691 0.234641 0.043382 0.050980
11 0.803309 0.175817 0.040441 0.061438
10 0.834191 0.228758 0.038971 0.065359
11 0.830515 0.090196 0.028676 0.041830
10 0.616176 0.056209 0.054412 0.047059
10 0.604779 0.025490 0.052206 0.043137
7 0.548897 0.016340 0.005147 0.030065
11 0.777574 0.016340 0.043382 0.032680
3 0.818750 0.015686 0.027206 0.031373
8 0.538603 0.009804 0.005147 0.019608
5 0.538603 0.012418 0.005147 0.024837
3 0.467647 0.009150 0.033824 0.018301
