11 0.288603 0.665359 0.196324 0.277124
3 0.698897 0.500654 0.111029 0.133333
3 0.821691 0.439216 0.093382 0.125490
3 0.876838 0.315033 0.072794 0.094118
3 0.895956 0.185621 0.058088 0.073203
3 0.950735 0.077778 0.063235 0.053595
3 0.983456 0.099346 0.031618 0.060131
3 0.760294 0.135294 0.069118 0.064052
11 0.796691 0.117647 0.059559 0.062745
3 0.867279 0.066013 0.059559 0.056209
3 0.520588 0.263399 0.085294 0.066667
11 0.648529 0.202614 0.075000 0.083660
3 0.441176 0.307843 0.092647 0.111111
3 0.028309 0.087582 0.056618 0.054902
3 0.048162 0.116340 0.066912 0.060131
3 0.079779 0.120915 0.068382 0.053595
3 0.130882 0.134641 0.080882 0.041830
3 0.128309 0.162092 0.080147 0.067974
11 0.146324 0.209804 0.061765 0.079739
7 0.174632 0.260784 0.018382 0.071895
7 0.295588 0.321569 0.017647 0.073203
7 0.303676 0.327451 0.016176 0.064052
7 0.376838 0.428105 0.018382 0.077124
9 0.861765 0.123529 0.030882 0.040523
5 0.788235 0.169281 0.022059 0.032680
1 0.875368 0.758824 0.033088 0.082353
8 0.911765 0.130065 0.010294 0.035294
5 0.910294 0.143137 0.020588 0.030065
5 0.905515 0.088235 0.015441 0.032680
3 0.901103 0.039216 0.047794 0.036601
3 0.931618 0.033987 0.039706 0.036601
5 0.961765 0.022222 0.023529 0.023529
5 0.679044 0.152941 0.025735 0.041830
7 0.780147 0.088235 0.008824 0.032680
7 0.762132 0.092810 0.009559 0.049673
7 0.456618 0.242484 0.008824 0.040523
7 0.058456 0.054248 0.009559 0.037908
