3 0.276302 0.809722 0.052604 0.112037
3 0.228646 0.695370 0.047917 0.083333
3 0.196354 0.564352 0.039583 0.065741
3 0.225781 0.453241 0.034896 0.045370
3 0.165885 0.810185 0.054688 0.120370
3 0.154167 0.664815 0.042708 0.081481
3 0.060417 0.678241 0.045833 0.093519
3 0.065625 0.945370 0.060417 0.107407
3 0.124219 0.558796 0.033854 0.058333
3 0.059896 0.535185 0.037500 0.064815
3 0.165625 0.416204 0.028125 0.041667
3 0.104427 0.397685 0.026562 0.045370
3 0.053385 0.439352 0.025521 0.043519
3 0.182552 0.316667 0.028646 0.042593
3 0.125781 0.300463 0.019271 0.028704
3 0.100781 0.341667 0.020313 0.033333
3 0.047396 0.327778 0.021875 0.040741
3 0.089583 0.278704 0.016667 0.037037
3 0.116927 0.246296 0.014063 0.029630
3 0.117708 0.216667 0.012500 0.022222
3 0.149219 0.232407 0.015104 0.024074
3 0.131771 0.183333 0.012500 0.025926
3 0.084375 0.244907 0.014583 0.028704
3 0.105469 0.182407 0.015104 0.020370
7 0.544271 0.288426 0.004167 0.021296
7 0.483073 0.246296 0.003646 0.018519
3 0.077865 0.200463 0.013021 0.021296
3 0.097135 0.162500 0.011979 0.017593
3 0.095573 0.141204 0.011979 0.015741
3 0.089583 0.121759 0.011458 0.015741
3 0.113802 0.115278 0.011979 0.015741
3 0.085938 0.105556 0.008333 0.012963
3 0.073438 0.159722 0.012500 0.019444
3 0.071094 0.137500 0.009896 0.017593
3 0.070573 0.111111 0.007812 0.016667
3 0.066406 0.097685 0.008854 0.012037
3 0.062760 0.089815 0.007812 0.011111
3 0.078385 0.078704 0.006771 0.011111
3 0.052344 0.181944 0.013021 0.019444
3 0.052344 0.267593 0.017188 0.035185
3 0.052604 0.226389 0.015625 0.028704
3 0.047396 0.161111 0.011458 0.016667
3 0.048698 0.128241 0.009896 0.017593
3 0.045052 0.112500 0.008854 0.013889
3 0.044010 0.092130 0.007812 0.012037
3 0.043750 0.079630 0.007292 0.011111
3 0.005729 0.410185 0.011458 0.040741
3 0.005469 0.371759 0.010937 0.036111
3 0.007292 0.337963 0.014583 0.037037
3 0.009635 0.312500 0.019271 0.026852
3 0.007292 0.268056 0.014583 0.034259
3 0.013021 0.282407 0.019792 0.035185
3 0.013542 0.250000 0.018750 0.024074
3 0.011198 0.231481 0.018229 0.022222
3 0.014583 0.215741 0.018750 0.020370
3 0.014063 0.201389 0.017708 0.015741
3 0.013542 0.188426 0.018750 0.017593
3 0.023177 0.179167 0.013021 0.021296
3 0.023698 0.170370 0.011979 0.018519
3 0.020313 0.161111 0.012500 0.018519
3 0.022656 0.150926 0.011979 0.020370
3 0.022396 0.142130 0.012500 0.017593
3 0.022135 0.137037 0.011979 0.020370
3 0.058333 0.076389 0.007292 0.012037
3 0.100521 0.066667 0.006250 0.009259
3 0.096875 0.062037 0.006250 0.009259
3 0.072917 0.063889 0.007292 0.009259
3 0.074740 0.056481 0.005729 0.007407
3 0.072135 0.052778 0.005729 0.007407
3 0.073177 0.047222 0.005729 0.007407
3 0.053385 0.058796 0.005729 0.012037
3 0.074219 0.043056 0.005729 0.006481
3 0.055208 0.067130 0.005208 0.010185
3 0.038802 0.068981 0.006771 0.010185
3 0.037760 0.058796 0.006771 0.010185
3 0.044010 0.050463 0.005729 0.008333
3 0.032292 0.043981 0.005208 0.006481
3 0.035156 0.032407 0.004687 0.009259
3 0.058073 0.051389 0.004687 0.010185
3 0.060156 0.049537 0.005729 0.010185
3 0.065885 0.031481 0.004687 0.009259
3 0.065625 0.019907 0.004167 0.006481
3 0.057813 0.021296 0.004167 0.005556
3 0.052604 0.023148 0.004167 0.005556
3 0.048698 0.025926 0.004687 0.007407
10 0.044792 0.014815 0.003125 0.011111
3 0.051042 0.006019 0.003125 0.004630
3 0.040104 0.004167 0.003125 0.004630
3 0.036719 0.013889 0.003646 0.005556
8 0.123698 0.121296 0.002604 0.009259
5 0.123958 0.125926 0.004167 0.007407
5 0.089583 0.056019 0.002083 0.006481
5 0.085677 0.041204 0.001563 0.004630
5 0.082031 0.034259 0.001563 0.005556
5 0.085417 0.031944 0.001042 0.006481
8 0.085156 0.029167 0.001563 0.006481
8 0.082812 0.032407 0.001042 0.005556
8 0.085677 0.038426 0.000521 0.004630
8 0.088802 0.053704 0.001563 0.007407
10 0.273177 0.077778 0.026562 0.016667
3 0.298438 0.081481 0.014583 0.007407
3 0.296615 0.077778 0.011979 0.011111
3 0.288021 0.077778 0.007292 0.009259
3 0.257552 0.081019 0.011979 0.010185
3 0.209635 0.082407 0.014063 0.011111
3 0.221094 0.083333 0.009896 0.007407
3 0.198958 0.083333 0.010417 0.009259
2 0.323177 0.071296 0.029687 0.016667
