7 0.289062 0.689815 0.040625 0.172222
1 0.782813 0.564815 0.038542 0.133333
7 0.507812 0.470370 0.026042 0.151852
7 0.322396 0.305556 0.028125 0.096296
7 0.436458 0.350926 0.029167 0.109259
7 0.490104 0.400000 0.026042 0.122222
7 0.617188 0.186111 0.013542 0.068519
7 0.663021 0.407407 0.034375 0.140741
7 0.550521 0.373148 0.026042 0.120370
7 0.576042 0.362037 0.018750 0.112963
7 0.563021 0.347222 0.023958 0.116667
7 0.688021 0.373148 0.030208 0.112963
7 0.765104 0.430556 0.028125 0.142593
7 0.795833 0.398148 0.027083 0.125926
7 0.823438 0.299074 0.021875 0.105556
7 0.864583 0.364815 0.020833 0.118519
7 0.889583 0.325000 0.025000 0.098148
8 0.892708 0.303704 0.031250 0.055556
8 0.900000 0.290741 0.025000 0.051852
7 0.896354 0.202778 0.015625 0.064815
7 0.866146 0.186111 0.013542 0.068519
5 0.943229 0.226852 0.013542 0.046296
7 0.989583 0.209259 0.016667 0.066667
7 0.976562 0.199074 0.017708 0.064815
5 0.969271 0.181481 0.019792 0.029630
4 0.939583 0.174074 0.031250 0.051852
4 0.923958 0.210185 0.012500 0.024074
7 0.885417 0.158333 0.014583 0.050000
7 0.894792 0.142593 0.010417 0.044444
7 0.905729 0.137963 0.009375 0.050000
7 0.987500 0.133333 0.010417 0.044444
7 0.640625 0.100000 0.008333 0.044444
7 0.733333 0.219444 0.018750 0.079630
7 0.756771 0.230556 0.015625 0.083333
7 0.759896 0.210185 0.011458 0.083333
7 0.752083 0.204630 0.008333 0.075926
7 0.800000 0.237963 0.020833 0.083333
7 0.804688 0.212963 0.013542 0.070370
7 0.788021 0.207407 0.013542 0.077778
7 0.794271 0.184259 0.011458 0.075926
7 0.611458 0.098148 0.012500 0.048148
7 0.598958 0.089815 0.006250 0.042593
8 0.588021 0.086111 0.007292 0.016667
7 0.405729 0.214815 0.019792 0.074074
7 0.472917 0.177778 0.012500 0.066667
7 0.566667 0.100926 0.008333 0.042593
7 0.567187 0.092593 0.007292 0.040741
7 0.564063 0.089815 0.005208 0.046296
4 0.018229 0.058333 0.032292 0.027778
7 0.551042 0.066667 0.006250 0.037037
7 0.548438 0.094444 0.007292 0.044444
7 0.554167 0.087037 0.008333 0.040741
7 0.517188 0.137963 0.017708 0.057407
8 0.501042 0.130556 0.020833 0.027778
7 0.497917 0.103704 0.010417 0.048148
5 0.467187 0.059259 0.019792 0.022222
8 0.481250 0.061111 0.006250 0.018519
7 0.507812 0.068519 0.007292 0.037037
8 0.511979 0.080556 0.007292 0.027778
8 0.518229 0.081481 0.007292 0.029630
8 0.521875 0.079630 0.006250 0.029630
7 0.474479 0.105556 0.009375 0.051852
7 0.464583 0.102778 0.006250 0.042593
8 0.465104 0.124074 0.011458 0.029630
7 0.060417 0.081481 0.012500 0.040741
7 0.080208 0.071296 0.010417 0.038889
7 0.065104 0.057407 0.007292 0.037037
7 0.103125 0.082407 0.008333 0.042593
7 0.133854 0.047222 0.009375 0.031481
7 0.169271 0.034259 0.003125 0.027778
8 0.143750 0.037963 0.006250 0.016667
4 0.119792 0.033333 0.014583 0.022222
4 0.206771 0.038889 0.028125 0.033333
8 0.153646 0.074074 0.005208 0.018519
7 0.023958 0.237037 0.020833 0.077778
7 0.011458 0.224074 0.018750 0.088889
7 0.027083 0.164815 0.020833 0.066667
1 0.024479 0.212037 0.032292 0.053704
7 0.050000 0.212037 0.016667 0.075926
7 0.052083 0.196296 0.025000 0.074074
7 0.070312 0.237963 0.017708 0.083333
7 0.102083 0.134259 0.010417 0.061111
8 0.092188 0.175926 0.015625 0.040741
8 0.102083 0.168519 0.016667 0.040741
7 0.116146 0.211111 0.015625 0.081481
7 0.133854 0.228704 0.021875 0.083333
7 0.143750 0.207407 0.018750 0.077778
7 0.167187 0.120370 0.007292 0.051852
7 0.177604 0.172222 0.015625 0.062963
7 0.185417 0.203704 0.012500 0.077778
7 0.193750 0.112037 0.014583 0.046296
7 0.301563 0.189815 0.019792 0.068519
7 0.226042 0.118519 0.018750 0.048148
7 0.232813 0.121296 0.009375 0.042593
7 0.242708 0.116667 0.012500 0.051852
7 0.246354 0.116667 0.019792 0.044444
7 0.250000 0.106481 0.010417 0.053704
7 0.253646 0.098148 0.009375 0.048148
7 0.288542 0.087963 0.008333 0.042593
7 0.265625 0.054630 0.006250 0.035185
8 0.254167 0.192593 0.014583 0.033333
8 0.246354 0.187963 0.017708 0.031481
7 0.302083 0.150926 0.014583 0.061111
8 0.316667 0.104630 0.010417 0.020370
7 0.322917 0.084259 0.008333 0.035185
7 0.316667 0.076852 0.006250 0.031481
7 0.402604 0.160185 0.019792 0.075926
7 0.428646 0.134259 0.011458 0.053704
8 0.435417 0.118519 0.008333 0.025926
7 0.420833 0.120370 0.010417 0.055556
7 0.428125 0.061111 0.004167 0.033333
8 0.429167 0.084259 0.006250 0.020370
4 0.445833 0.080556 0.016667 0.024074
7 0.402604 0.132407 0.013542 0.053704
7 0.358854 0.142593 0.011458 0.066667
7 0.376042 0.124074 0.012500 0.074074
7 0.390625 0.119444 0.010417 0.057407
7 0.381771 0.112963 0.007292 0.033333
7 0.358333 0.094444 0.006250 0.044444
7 0.345833 0.086111 0.014583 0.038889
8 0.336979 0.101852 0.009375 0.025926
8 0.344271 0.106481 0.011458 0.024074
8 0.354687 0.110185 0.009375 0.024074
8 0.361979 0.109259 0.011458 0.025926
