3 0.032721 0.657516 0.065441 0.107190
7 0.081250 0.683007 0.036029 0.071895
3 0.199265 0.583660 0.057353 0.158170
3 0.313235 0.498039 0.066176 0.138562
1 0.427206 0.381699 0.033824 0.044444
1 0.475368 0.490850 0.056618 0.100654
3 0.600368 0.459477 0.099265 0.124183
1 0.524265 0.325490 0.032353 0.041830
1 0.658088 0.400000 0.013235 0.060131
9 0.695588 0.394771 0.052941 0.078431
5 0.693382 0.319608 0.020588 0.053595
3 0.863603 0.358824 0.086029 0.116340
3 0.948162 0.377778 0.102206 0.115033
3 0.942647 0.301961 0.086765 0.091503
3 0.512132 0.754248 0.137500 0.125490
1 0.080515 0.864052 0.059559 0.067974
8 0.078676 0.866667 0.027941 0.062745
