8 0.990809 0.731373 0.015441 0.053595
9 0.987132 0.736601 0.022794 0.056209
3 0.750368 0.954902 0.069853 0.087582
8 0.638971 0.704575 0.016176 0.060131
5 0.637500 0.722876 0.016176 0.052288
3 0.584559 0.794118 0.076471 0.158170
8 0.552574 0.844444 0.016912 0.054902
5 0.550000 0.849673 0.022059 0.086275
7 0.221691 0.553595 0.009559 0.050980
7 0.260294 0.563399 0.010294 0.057516
7 0.274265 0.550980 0.014706 0.053595
7 0.294853 0.554902 0.010294 0.053595
8 0.308088 0.522876 0.011765 0.039216
7 0.331985 0.566667 0.008088 0.053595
1 0.377941 0.609804 0.016176 0.037908
6 0.352941 0.624837 0.119118 0.130719
8 0.011397 0.511111 0.012500 0.049673
7 0.012132 0.498039 0.009559 0.052288
5 0.013603 0.519608 0.022794 0.032680
1 0.119118 0.354902 0.017647 0.022222
1 0.177574 0.357516 0.021324 0.024837
1 0.436029 0.254248 0.005882 0.024837
1 0.240809 0.352941 0.021324 0.031373
1 0.286029 0.319608 0.008824 0.030065
1 0.341912 0.344444 0.013235 0.030065
1 0.278676 0.298039 0.011765 0.018301
7 0.463603 0.224183 0.005147 0.027451
7 0.478309 0.233987 0.006618 0.026144
5 0.477941 0.239869 0.005882 0.022222
7 0.444485 0.232026 0.006618 0.030065
3 0.712500 0.509804 0.051471 0.091503
3 0.555515 0.426144 0.043382 0.083660
3 0.606985 0.418954 0.058088 0.056209
10 0.176103 0.480392 0.159559 0.129412
11 0.595221 0.130719 0.016912 0.028758
3 0.538603 0.116993 0.015441 0.019608
3 0.475000 0.100654 0.014706 0.020915
3 0.463235 0.069281 0.013235 0.018301
3 0.476471 0.056209 0.010294 0.018301
3 0.509191 0.046405 0.011029 0.014379
3 0.480147 0.002614 0.008824 0.005229
3 0.459191 0.012418 0.009559 0.014379
10 0.440074 0.007190 0.009559 0.014379
7 0.436765 0.212418 0.004412 0.032680
3 0.576838 0.056209 0.024265 0.015686
3 0.550735 0.060784 0.020588 0.016993
5 0.545956 0.089542 0.003676 0.011765
8 0.545588 0.085621 0.002941 0.014379
4 0.659926 0.006536 0.021324 0.013072
3 0.661397 0.020915 0.025735 0.015686
3 0.681985 0.022876 0.018382 0.014379
3 0.681618 0.017647 0.017647 0.014379
3 0.726471 0.007843 0.017647 0.013072
3 0.736765 0.012418 0.016176 0.014379
3 0.745956 0.018301 0.015441 0.013072
3 0.750735 0.021569 0.017647 0.011765
4 0.780882 0.037908 0.035294 0.031373
11 0.805147 0.045752 0.023529 0.018301
11 0.819118 0.015686 0.017647 0.015686
3 0.820956 0.026144 0.021324 0.013072
3 0.797794 0.067320 0.023529 0.016993
3 0.816176 0.070588 0.025000 0.018301
3 0.843382 0.037908 0.025000 0.015686
3 0.861765 0.043137 0.026471 0.015686
3 0.845956 0.067974 0.024265 0.015686
4 0.837132 0.083660 0.013971 0.010458
11 0.857353 0.088235 0.023529 0.019608
3 0.859191 0.077778 0.022794 0.019608
3 0.864338 0.080392 0.025735 0.016993
3 0.893750 0.086928 0.027206 0.016993
3 0.894118 0.094118 0.029412 0.018301
3 0.902206 0.098693 0.025000 0.019608
3 0.925368 0.108497 0.025735 0.020915
11 0.932721 0.113072 0.027206 0.022222
11 0.937132 0.114379 0.021324 0.022222
3 0.925735 0.071242 0.022059 0.016993
3 0.934191 0.073856 0.025735 0.016993
11 0.930147 0.088235 0.020588 0.024837
3 0.942279 0.082353 0.022794 0.018301
11 0.964338 0.088235 0.025735 0.019608
3 0.987500 0.098039 0.022059 0.020915
11 0.991544 0.100000 0.015441 0.022222
11 0.978309 0.132680 0.031618 0.022222
3 0.954779 0.145098 0.036029 0.023529
3 0.967279 0.127451 0.031618 0.022222
3 0.953309 0.125490 0.024265 0.018301
11 0.987132 0.139869 0.024265 0.023529
3 0.984191 0.162092 0.030147 0.023529
