7 0.140809 0.038562 0.011029 0.037908
8 0.165809 0.071895 0.009559 0.033987
5 0.166176 0.081046 0.027941 0.026144
8 0.186765 0.123529 0.010294 0.040523
1 0.188235 0.132026 0.027941 0.023529
8 0.219853 0.056209 0.005882 0.023529
8 0.212868 0.050980 0.006618 0.031373
5 0.213603 0.060784 0.024265 0.022222
7 0.197794 0.889542 0.025000 0.087582
7 0.221324 0.896078 0.019118 0.071895
7 0.388235 0.505229 0.013235 0.064052
7 0.383088 0.468627 0.013235 0.050980
8 0.261397 0.081699 0.006618 0.027451
8 0.266176 0.081699 0.007353 0.035294
5 0.262500 0.091503 0.025000 0.026144
11 0.310662 0.125490 0.071324 0.060131
8 0.387500 0.081699 0.007353 0.016993
8 0.375735 0.075163 0.008824 0.030065
8 0.367647 0.086275 0.007353 0.031373
0 0.374632 0.094118 0.038971 0.028758
3 0.439706 0.150327 0.073529 0.052288
3 0.547059 0.130719 0.067647 0.052288
11 0.553676 0.193464 0.060294 0.062745
11 0.429779 0.202614 0.077206 0.062745
3 0.512868 0.262092 0.080147 0.066667
3 0.601471 0.339216 0.091176 0.071895
7 0.557721 0.483660 0.009559 0.062745
7 0.602941 0.443791 0.008824 0.050980
1 0.583456 0.452941 0.031618 0.050980
7 0.629044 0.442484 0.008088 0.048366
0 0.616912 0.423529 0.075000 0.081046
7 0.456618 0.451634 0.013235 0.061438
8 0.453676 0.483007 0.010294 0.045752
5 0.448897 0.499346 0.034559 0.033987
10 0.511765 0.439216 0.101471 0.101961
7 0.500000 0.516993 0.014706 0.053595
8 0.462868 0.597386 0.016912 0.047059
5 0.463603 0.611111 0.033088 0.043137
7 0.518382 0.628105 0.010294 0.061438
0 0.481985 0.650980 0.072794 0.094118
7 0.576103 0.599346 0.009559 0.066667
0 0.581250 0.586928 0.071324 0.075817
5 0.513235 0.824837 0.047059 0.052288
3 0.743382 0.688235 0.129412 0.108497
7 0.750368 0.601961 0.015441 0.061438
7 0.758456 0.582353 0.015441 0.053595
8 0.822059 0.596732 0.017647 0.035294
1 0.822426 0.624183 0.046324 0.048366
5 0.694853 0.070588 0.020588 0.026144
3 0.648529 0.192810 0.075000 0.048366
3 0.819118 0.144444 0.063235 0.045752
7 0.661765 0.400654 0.010294 0.061438
0 0.694853 0.412418 0.064706 0.056209
7 0.787500 0.436601 0.014706 0.060131
7 0.781985 0.396732 0.011029 0.045752
8 0.897794 0.530719 0.016176 0.031373
7 0.934559 0.540523 0.011765 0.061438
0 0.952574 0.571895 0.075735 0.061438
7 0.806250 0.426144 0.011029 0.052288
7 0.815809 0.421569 0.011029 0.058824
7 0.834926 0.449020 0.013971 0.061438
7 0.844118 0.450327 0.011765 0.056209
11 0.931250 0.400000 0.094853 0.078431
3 0.858456 0.247712 0.080147 0.061438
3 0.985294 0.399346 0.027941 0.074510
3 0.816544 0.008497 0.058088 0.016993
3 0.567279 0.015686 0.050735 0.031373
