3 0.495312 0.774074 0.032292 0.077778
3 0.515625 0.637963 0.025000 0.050000
3 0.570312 0.636111 0.023958 0.046296
3 0.657292 0.779630 0.037500 0.081481
3 0.575000 0.587037 0.052083 0.040741
3 0.553646 0.539815 0.044792 0.035185
3 0.514583 0.471296 0.018750 0.027778
3 0.903646 0.725000 0.059375 0.079630
3 0.960938 0.736111 0.063542 0.087037
3 0.832292 0.498148 0.047917 0.033333
11 0.808854 0.470370 0.048958 0.033333
3 0.700000 0.603704 0.052083 0.037037
3 0.719792 0.591667 0.043750 0.038889
3 0.636979 0.620370 0.044792 0.051852
3 0.600000 0.545370 0.016667 0.038889
11 0.594271 0.449074 0.013542 0.027778
7 0.579688 0.450926 0.005208 0.020370
3 0.234896 0.886111 0.061458 0.116667
3 0.099479 0.942593 0.096875 0.077778
3 0.120313 0.829630 0.086458 0.066667
3 0.191667 0.762037 0.072917 0.061111
3 0.221875 0.700000 0.066667 0.059259
7 0.011458 0.928704 0.016667 0.061111
3 0.270833 0.661111 0.058333 0.044444
3 0.335417 0.641667 0.033333 0.068519
3 0.359896 0.590741 0.028125 0.055556
3 0.378125 0.534259 0.025000 0.046296
3 0.401562 0.434259 0.026042 0.038889
3 0.454167 0.369444 0.010417 0.020370
3 0.465104 0.341667 0.009375 0.016667
3 0.420833 0.385185 0.010417 0.018519
3 0.401562 0.372222 0.015625 0.018519
7 0.384375 0.380556 0.004167 0.020370
3 0.445833 0.329630 0.022917 0.014815
3 0.523438 0.237963 0.005208 0.005556
3 0.616146 0.318519 0.019792 0.011111
3 0.638542 0.327778 0.014583 0.014815
3 0.613542 0.304630 0.020833 0.012963
3 0.581250 0.308333 0.006250 0.012963
3 0.578646 0.298148 0.007292 0.011111
3 0.577083 0.287037 0.006250 0.011111
3 0.573958 0.279630 0.006250 0.011111
3 0.567187 0.266667 0.003125 0.007407
3 0.571875 0.260185 0.004167 0.009259
3 0.571354 0.253704 0.005208 0.007407
3 0.569792 0.245370 0.004167 0.009259
3 0.569792 0.237037 0.004167 0.007407
3 0.554688 0.237037 0.003125 0.007407
3 0.543229 0.219444 0.003125 0.005556
3 0.530729 0.229630 0.003125 0.007407
9 0.550000 0.284259 0.004167 0.012963
11 0.583333 0.352778 0.004167 0.016667
3 0.490104 0.281481 0.005208 0.011111
3 0.456250 0.312037 0.010417 0.012963
3 0.460417 0.305556 0.014583 0.007407
3 0.459896 0.299074 0.015625 0.009259
3 0.491667 0.270370 0.006250 0.011111
3 0.497917 0.254630 0.006250 0.005556
3 0.502604 0.245370 0.005208 0.005556
3 0.506771 0.235185 0.005208 0.007407
4 0.514062 0.211111 0.011458 0.018519
3 0.510938 0.226852 0.003125 0.005556
7 0.383854 0.419444 0.003125 0.016667
5 0.383854 0.423148 0.003125 0.009259
3 0.352604 0.500926 0.040625 0.027778
7 0.303646 0.807407 0.011458 0.048148
7 0.325000 0.582407 0.008333 0.031481
3 0.989583 0.586111 0.018750 0.038889
3 0.967708 0.517593 0.035417 0.035185
3 0.936458 0.500926 0.045833 0.027778
3 0.916667 0.484259 0.029167 0.024074
3 0.910417 0.475000 0.037500 0.020370
3 0.900521 0.456481 0.040625 0.024074
3 0.882292 0.444444 0.037500 0.022222
3 0.858854 0.424074 0.036458 0.018519
3 0.847396 0.410185 0.034375 0.020370
3 0.835938 0.399074 0.032292 0.016667
3 0.818750 0.383333 0.031250 0.014815
3 0.853125 0.375000 0.031250 0.016667
3 0.772917 0.366667 0.014583 0.018519
3 0.789583 0.364815 0.014583 0.014815
3 0.811458 0.362037 0.016667 0.016667
3 0.827604 0.362037 0.011458 0.012963
3 0.745833 0.383333 0.031250 0.018519
3 0.753125 0.394444 0.033333 0.014815
3 0.759896 0.401852 0.034375 0.014815
3 0.766667 0.412037 0.031250 0.016667
3 0.772917 0.421296 0.033333 0.012963
3 0.778646 0.431481 0.036458 0.018519
3 0.785937 0.442593 0.038542 0.018519
3 0.799479 0.462963 0.046875 0.018519
3 0.718750 0.390741 0.012500 0.022222
3 0.709375 0.453704 0.039583 0.022222
3 0.695833 0.440741 0.033333 0.022222
3 0.690104 0.429630 0.032292 0.018519
3 0.688021 0.416667 0.030208 0.014815
3 0.687500 0.410185 0.035417 0.012963
3 0.690104 0.400000 0.030208 0.014815
7 0.651042 0.504630 0.004167 0.027778
9 0.670312 0.514815 0.028125 0.025926
7 0.666146 0.512037 0.005208 0.020370
7 0.621875 0.503704 0.006250 0.022222
5 0.620833 0.511111 0.010417 0.022222
4 0.699479 0.515741 0.021875 0.016667
4 0.666146 0.551852 0.017708 0.040741
