4 0.518750 0.121296 0.006250 0.020370
10 0.525521 0.126852 0.005208 0.012963
3 0.512500 0.132407 0.002083 0.005556
3 0.506771 0.137037 0.007292 0.007407
3 0.551042 0.157407 0.008333 0.007407
2 0.537500 0.167593 0.006250 0.012963
3 0.528125 0.176852 0.006250 0.009259
10 0.537500 0.178704 0.004167 0.009259
3 0.536458 0.187037 0.004167 0.011111
3 0.507292 0.169444 0.006250 0.005556
3 0.505729 0.178704 0.005208 0.009259
3 0.491667 0.174074 0.006250 0.007407
3 0.484896 0.191667 0.005208 0.009259
3 0.479687 0.205556 0.005208 0.011111
0 0.476562 0.208333 0.005208 0.016667
3 0.529687 0.232407 0.007292 0.012963
3 0.554167 0.229630 0.006250 0.011111
3 0.554688 0.247222 0.013542 0.012963
8 0.544271 0.245370 0.003125 0.009259
1 0.543750 0.250926 0.002083 0.009259
3 0.556250 0.265741 0.008333 0.012963
3 0.468229 0.231481 0.005208 0.011111
7 0.470833 0.227778 0.002083 0.011111
7 0.473958 0.234259 0.002083 0.012963
11 0.476562 0.250926 0.007292 0.016667
3 0.464062 0.252778 0.007292 0.012963
3 0.419792 0.225926 0.008333 0.011111
10 0.452083 0.275000 0.014583 0.024074
3 0.444792 0.293519 0.012500 0.020370
3 0.433333 0.328704 0.014583 0.024074
10 0.419271 0.359259 0.032292 0.037037
8 0.429167 0.363889 0.004167 0.020370
3 0.515625 0.385185 0.014583 0.025926
7 0.314063 0.388889 0.005208 0.022222
7 0.291146 0.385185 0.005208 0.022222
7 0.364583 0.447222 0.006250 0.027778
7 0.352604 0.469444 0.005208 0.027778
7 0.348438 0.475926 0.005208 0.025926
3 0.377604 0.467593 0.021875 0.042593
5 0.358333 0.502778 0.010417 0.024074
3 0.333333 0.580556 0.031250 0.057407
0 0.255729 0.759259 0.032292 0.066667
8 0.319792 0.753704 0.014583 0.029630
9 0.323958 0.756481 0.027083 0.064815
8 0.411458 0.594444 0.006250 0.025926
5 0.410938 0.604630 0.011458 0.035185
3 0.450000 0.484259 0.022917 0.046296
3 0.498958 0.523148 0.020833 0.042593
10 0.563021 0.299074 0.007292 0.024074
10 0.564583 0.324074 0.008333 0.033333
10 0.565104 0.353704 0.009375 0.018519
10 0.561458 0.379630 0.020833 0.044444
3 0.575521 0.497222 0.019792 0.038889
3 0.579688 0.537963 0.023958 0.038889
8 0.586458 0.535185 0.004167 0.025926
5 0.589063 0.665741 0.009375 0.042593
0 0.594271 0.745370 0.019792 0.057407
0 0.602083 0.798148 0.020833 0.055556
3 0.603125 0.856481 0.022917 0.068519
9 0.903646 0.952778 0.084375 0.068519
9 0.894792 0.910185 0.047917 0.046296
0 0.854688 0.789815 0.057292 0.053704
7 0.906250 0.820370 0.010417 0.048148
8 0.900000 0.804630 0.008333 0.035185
9 0.794271 0.938889 0.032292 0.044444
9 0.789583 0.909259 0.027083 0.033333
9 0.779687 0.886111 0.044792 0.038889
9 0.776563 0.859259 0.040625 0.044444
9 0.770833 0.838889 0.043750 0.044444
9 0.747396 0.969444 0.065625 0.057407
9 0.735417 0.925926 0.060417 0.044444
9 0.726562 0.895370 0.053125 0.038889
7 0.684896 0.877778 0.009375 0.040741
9 0.723958 0.867593 0.054167 0.038889
9 0.719792 0.835185 0.054167 0.044444
0 0.758854 0.785185 0.051042 0.055556
0 0.704167 0.784259 0.056250 0.053704
9 0.698958 0.753704 0.052083 0.044444
9 0.748958 0.754630 0.045833 0.038889
9 0.742708 0.719444 0.041667 0.038889
9 0.690625 0.716667 0.047917 0.040741
8 0.866667 0.748148 0.014583 0.025926
7 0.823438 0.719444 0.007292 0.042593
8 0.810937 0.714815 0.009375 0.033333
9 0.801042 0.715741 0.039583 0.057407
5 0.679167 0.655556 0.014583 0.037037
9 0.775521 0.610185 0.034375 0.035185
3 0.764583 0.591667 0.037500 0.031481
9 0.758333 0.576852 0.035417 0.027778
9 0.789583 0.580556 0.012500 0.038889
9 0.676562 0.605556 0.036458 0.033333
9 0.672917 0.589815 0.035417 0.027778
9 0.669271 0.575926 0.036458 0.029630
7 0.626042 0.538889 0.006250 0.033333
5 0.598958 0.226852 0.004167 0.012963
0 0.595313 0.214815 0.005208 0.014815
3 0.636979 0.432407 0.038542 0.024074
3 0.640625 0.419444 0.037500 0.024074
9 0.683333 0.395370 0.029167 0.020370
0 0.661458 0.395370 0.008333 0.016667
9 0.678646 0.391667 0.026042 0.016667
9 0.675521 0.383333 0.019792 0.014815
9 0.653646 0.381481 0.013542 0.018519
9 0.676042 0.370370 0.027083 0.018519
0 0.669792 0.356481 0.018750 0.016667
0 0.666146 0.350926 0.017708 0.016667
9 0.659375 0.351852 0.016667 0.011111
9 0.635417 0.362963 0.008333 0.018519
9 0.617708 0.390741 0.022917 0.018519
9 0.617188 0.381481 0.019792 0.018519
9 0.616146 0.376852 0.019792 0.016667
9 0.615625 0.367593 0.020833 0.016667
9 0.611979 0.359259 0.019792 0.018519
9 0.605208 0.337037 0.020833 0.018519
9 0.604167 0.328704 0.018750 0.012963
9 0.602083 0.323148 0.018750 0.012963
9 0.601042 0.314815 0.018750 0.014815
9 0.598958 0.309259 0.018750 0.014815
10 0.602604 0.291667 0.013542 0.024074
4 0.616667 0.283333 0.016667 0.022222
5 0.628125 0.281481 0.002083 0.011111
3 0.640104 0.290741 0.017708 0.018519
0 0.643750 0.331481 0.014583 0.018519
0 0.656771 0.314815 0.013542 0.014815
0 0.640104 0.315741 0.013542 0.012963
8 0.628125 0.308333 0.004167 0.012963
5 0.627604 0.314815 0.003125 0.011111
8 0.677604 0.328704 0.005208 0.012963
4 0.663542 0.330556 0.018750 0.020370
10 0.244792 0.467593 0.041667 0.079630
