8 0.111029 0.145098 0.008824 0.028758
7 0.145956 0.215033 0.009559 0.040523
7 0.172059 0.192157 0.007353 0.033987
7 0.204412 0.266013 0.011765 0.043137
7 0.214338 0.228758 0.008088 0.041830
5 0.214338 0.270588 0.012500 0.036601
1 0.227206 0.266667 0.022059 0.026144
9 0.233088 0.253595 0.017647 0.033987
7 0.420956 0.601961 0.009559 0.058824
7 0.436029 0.613725 0.005882 0.030065
7 0.519853 0.390850 0.005882 0.031373
8 0.576838 0.392810 0.008088 0.024837
7 0.557721 0.370588 0.009559 0.050980
7 0.543015 0.349673 0.012500 0.024837
7 0.569485 0.330719 0.006618 0.026144
7 0.519853 0.316993 0.007353 0.045752
7 0.759191 0.264052 0.008088 0.036601
8 0.613971 0.298039 0.010294 0.039216
7 0.583456 0.288889 0.006618 0.033987
8 0.611397 0.256209 0.005147 0.033987
8 0.440074 0.239869 0.006618 0.037908
8 0.476838 0.259477 0.008088 0.035294
7 0.466544 0.214379 0.009559 0.036601
8 0.490809 0.255556 0.012500 0.032680
8 0.495221 0.247712 0.011029 0.032680
8 0.502941 0.243137 0.010294 0.033987
8 0.515809 0.233333 0.011029 0.035294
8 0.509191 0.218954 0.011029 0.024837
