7 0.446324 0.389542 0.026471 0.075817
11 0.201838 0.158824 0.062500 0.090196
7 0.022426 0.266667 0.021324 0.052288
7 0.008456 0.262745 0.015441 0.065359
3 0.230147 0.023529 0.063235 0.047059
3 0.085294 0.022222 0.066176 0.044444
8 0.331985 0.035294 0.012500 0.026144
7 0.314706 0.192810 0.011765 0.050980
5 0.336029 0.049673 0.019118 0.023529
8 0.322794 0.026797 0.010294 0.027451
5 0.320956 0.043791 0.018382 0.016993
7 0.239706 0.124183 0.011765 0.049673
7 0.230147 0.124837 0.008824 0.050980
8 0.931250 0.822876 0.034559 0.066667
8 0.890074 0.795425 0.028676 0.066667
7 0.791176 0.632026 0.027941 0.061438
8 0.988603 0.760784 0.021324 0.078431
8 0.731985 0.694118 0.018382 0.062745
