7 0.972794 0.013072 0.007353 0.026144
9 0.954779 0.015033 0.022794 0.030065
7 0.957721 0.059477 0.006618 0.024837
7 0.952941 0.053595 0.010294 0.031373
8 0.925368 0.119608 0.003676 0.019608
8 0.924265 0.116340 0.008824 0.026144
7 0.770956 0.024837 0.006618 0.026144
8 0.766912 0.022876 0.005882 0.016993
8 0.759191 0.032026 0.008088 0.019608
1 0.762868 0.045098 0.018382 0.019608
8 0.749265 0.040523 0.007353 0.020915
8 0.739338 0.053595 0.008088 0.023529
8 0.729779 0.071242 0.006618 0.024837
8 0.723162 0.086928 0.006618 0.019608
8 0.720588 0.090850 0.007353 0.024837
8 0.713971 0.114379 0.007353 0.011765
8 0.713235 0.125490 0.011765 0.026144
8 0.710294 0.150980 0.007353 0.024837
8 0.708824 0.160784 0.007353 0.028758
7 0.778309 0.123529 0.006618 0.035294
7 0.770956 0.128105 0.006618 0.033987
7 0.752574 0.184967 0.006618 0.037908
7 0.746324 0.182353 0.007353 0.035294
9 0.688603 0.184967 0.038971 0.027451
7 0.938603 0.007190 0.003676 0.014379
7 0.917279 0.010458 0.005147 0.020915
1 0.848897 0.004575 0.009559 0.009150
7 0.843750 0.509150 0.022794 0.048366
7 0.818382 0.496078 0.020588 0.048366
7 0.787132 0.481699 0.015441 0.043137
7 0.687868 0.286928 0.011029 0.040523
7 0.619853 0.215686 0.007353 0.039216
7 0.656985 0.163399 0.008088 0.036601
7 0.593382 0.268627 0.011765 0.040523
7 0.582721 0.298039 0.009559 0.044444
7 0.568750 0.289542 0.008088 0.037908
7 0.545588 0.226144 0.005882 0.039216
7 0.511397 0.192157 0.008088 0.036601
7 0.511397 0.179085 0.006618 0.033987
7 0.506985 0.421569 0.012500 0.043137
7 0.505147 0.515033 0.007353 0.041830
7 0.608824 0.486275 0.008824 0.036601
8 0.581618 0.494118 0.010294 0.023529
8 0.600368 0.505229 0.009559 0.024837
8 0.598162 0.520915 0.008088 0.027451
8 0.611765 0.536601 0.010294 0.024837
5 0.606985 0.554248 0.027206 0.028758
5 0.601103 0.534641 0.036029 0.031373
5 0.590809 0.516993 0.034559 0.032680
5 0.580515 0.505882 0.024265 0.039216
7 0.534191 0.009804 0.005147 0.019608
7 0.519118 0.011111 0.007353 0.022222
7 0.486765 0.013072 0.004412 0.026144
8 0.453309 0.007190 0.006618 0.014379
8 0.442279 0.007190 0.005147 0.014379
8 0.400735 0.006536 0.005882 0.013072
7 0.376838 0.009804 0.006618 0.019608
7 0.386397 0.064052 0.008088 0.033987
8 0.377206 0.066013 0.005882 0.022222
1 0.378676 0.074510 0.008824 0.018301
7 0.369853 0.063399 0.005882 0.032680
7 0.455515 0.290850 0.006618 0.037908
7 0.387132 0.294118 0.011029 0.041830
7 0.378309 0.290850 0.008088 0.043137
7 0.388235 0.393464 0.010294 0.044444
7 0.388971 0.383007 0.007353 0.036601
7 0.429412 0.642484 0.011765 0.050980
7 0.433088 0.855556 0.008824 0.030065
7 0.428676 0.888889 0.017647 0.057516
7 0.413603 0.887582 0.012500 0.060131
7 0.393382 0.916993 0.013235 0.053595
7 0.387868 0.711111 0.013971 0.054902
7 0.376103 0.709150 0.013971 0.050980
8 0.321324 0.849673 0.016176 0.065359
7 0.301103 0.832680 0.018382 0.060131
7 0.277574 0.769281 0.019853 0.050980
5 0.339338 0.829412 0.033088 0.040523
5 0.343015 0.778431 0.037500 0.045752
8 0.311029 0.681699 0.013235 0.022222
8 0.307721 0.634641 0.018382 0.030065
7 0.283824 0.588235 0.005882 0.033987
7 0.256618 0.677124 0.010294 0.049673
7 0.252941 0.668627 0.011765 0.050980
8 0.247794 0.663399 0.005882 0.022222
7 0.299632 0.417647 0.008088 0.043137
7 0.278676 0.527451 0.010294 0.045752
7 0.264338 0.558170 0.012500 0.041830
7 0.251838 0.541830 0.009559 0.050980
8 0.266544 0.537255 0.012500 0.023529
8 0.277206 0.482353 0.013235 0.028758
8 0.277941 0.468627 0.010294 0.024837
7 0.263235 0.471895 0.008824 0.039216
7 0.281618 0.424837 0.008824 0.026144
7 0.274632 0.417647 0.009559 0.024837
7 0.312868 0.016340 0.006618 0.032680
7 0.305882 0.015686 0.007353 0.031373
7 0.292279 0.047059 0.006618 0.036601
7 0.274265 0.035294 0.005882 0.033987
7 0.322059 0.097386 0.005882 0.032680
7 0.326471 0.209150 0.008824 0.039216
7 0.312132 0.217647 0.008088 0.040523
7 0.286397 0.213072 0.009559 0.039216
7 0.313603 0.158170 0.006618 0.039216
7 0.306618 0.167320 0.005882 0.036601
7 0.300000 0.092157 0.004412 0.019608
7 0.269485 0.094118 0.005147 0.020915
7 0.281985 0.093464 0.008088 0.027451
8 0.292279 0.107843 0.005147 0.019608
8 0.289706 0.100654 0.005882 0.018301
8 0.294853 0.091503 0.004412 0.015686
8 0.292647 0.090196 0.005882 0.018301
8 0.291544 0.083007 0.005147 0.019608
8 0.287868 0.079739 0.005147 0.015686
8 0.288971 0.097386 0.005882 0.019608
5 0.131985 0.979085 0.046324 0.039216
1 0.170221 0.940523 0.041912 0.043137
5 0.175735 0.906536 0.041176 0.043137
5 0.199632 0.884314 0.031618 0.048366
5 0.110662 0.901307 0.021324 0.064052
5 0.220588 0.832026 0.022059 0.045752
5 0.195588 0.847059 0.041176 0.039216
7 0.200735 0.820915 0.016176 0.044444
8 0.180147 0.830065 0.014706 0.028758
7 0.156985 0.850327 0.018382 0.050980
8 0.161397 0.828758 0.016912 0.054902
7 0.177574 0.805882 0.015441 0.050980
3 0.056985 0.926797 0.090441 0.141176
9 0.063603 0.721569 0.059559 0.073203
8 0.152206 0.700654 0.017647 0.033987
8 0.206250 0.666667 0.015441 0.028758
8 0.204412 0.650327 0.014706 0.027451
8 0.216912 0.628758 0.016176 0.026144
5 0.176838 0.583660 0.015441 0.048366
5 0.205147 0.528105 0.013235 0.052288
5 0.199265 0.492810 0.010294 0.041830
9 0.183088 0.519608 0.023529 0.056209
8 0.242279 0.381046 0.012500 0.024837
8 0.240074 0.369281 0.009559 0.019608
7 0.213971 0.352288 0.011765 0.040523
8 0.175368 0.384314 0.011029 0.018301
7 0.159559 0.381699 0.013235 0.041830
3 0.141176 0.451634 0.082353 0.082353
7 0.031985 0.513725 0.013971 0.044444
7 0.045221 0.496078 0.012500 0.045752
7 0.027206 0.496732 0.013235 0.049673
7 0.040809 0.480392 0.012500 0.043137
8 0.041176 0.464706 0.005882 0.022222
11 0.073162 0.394771 0.069853 0.091503
5 0.123897 0.367320 0.019853 0.031373
0 0.147059 0.384314 0.022059 0.073203
8 0.184191 0.316993 0.012500 0.037908
7 0.102941 0.319608 0.008824 0.030065
3 0.148897 0.323529 0.071324 0.069281
0 0.127574 0.286928 0.044853 0.050980
3 0.161397 0.256209 0.065441 0.047059
8 0.198897 0.257516 0.008088 0.023529
8 0.200000 0.249673 0.007353 0.020915
8 0.222794 0.292810 0.013235 0.033987
11 0.098897 0.215033 0.046324 0.058824
7 0.199632 0.216993 0.008088 0.031373
7 0.200000 0.205882 0.008824 0.035294
7 0.237132 0.196732 0.008088 0.032680
7 0.241912 0.186275 0.005882 0.035294
8 0.262868 0.174510 0.008088 0.019608
8 0.262868 0.166667 0.008088 0.019608
7 0.234926 0.133987 0.006618 0.035294
8 0.203309 0.167320 0.009559 0.026144
9 0.170221 0.207190 0.016912 0.043137
5 0.156250 0.175163 0.018382 0.023529
0 0.188971 0.162092 0.019118 0.057516
7 0.202574 0.133333 0.006618 0.031373
7 0.209559 0.137255 0.005882 0.028758
7 0.218015 0.128105 0.006618 0.028758
8 0.225735 0.132026 0.008824 0.018301
8 0.220956 0.119608 0.006618 0.032680
8 0.226471 0.098693 0.010294 0.024837
7 0.245221 0.079739 0.008088 0.036601
7 0.254412 0.067974 0.008824 0.023529
7 0.234559 0.071242 0.005882 0.027451
7 0.243015 0.058824 0.006618 0.028758
7 0.248529 0.055556 0.005882 0.027451
11 0.186397 0.130719 0.053676 0.049673
3 0.172426 0.112418 0.050735 0.041830
3 0.190809 0.081046 0.058088 0.049673
9 0.236029 0.038562 0.013235 0.024837
11 0.186397 0.040523 0.059559 0.041830
9 0.221691 0.054902 0.009559 0.023529
1 0.150000 0.050327 0.011765 0.019608
8 0.166912 0.042484 0.007353 0.027451
3 0.169118 0.010458 0.051471 0.020915
5 0.215809 0.025490 0.011029 0.022222
5 0.200735 0.013725 0.004412 0.019608
1 0.208088 0.015033 0.007353 0.024837
3 0.081985 0.007843 0.022794 0.015686
3 0.053309 0.034641 0.024265 0.040523
3 0.011765 0.013072 0.023529 0.026144
3 0.006618 0.039216 0.013235 0.041830
3 0.005147 0.085621 0.010294 0.040523
