5 0.026302 0.504630 0.018229 0.016667
8 0.069531 0.474074 0.005729 0.022222
7 0.084896 0.477315 0.005208 0.021296
7 0.088802 0.470370 0.004687 0.020370
3 0.138281 0.465278 0.015104 0.026852
11 0.122917 0.411574 0.022917 0.021296
7 0.081250 0.579167 0.008333 0.025000
3 0.335938 0.427778 0.025000 0.025926
11 0.338542 0.455556 0.026042 0.031481
3 0.361719 0.462037 0.031771 0.025926
3 0.367708 0.431944 0.023958 0.023148
4 0.393229 0.423611 0.015625 0.032407
3 0.400000 0.288889 0.016667 0.009259
3 0.410156 0.285648 0.014063 0.012037
11 0.428906 0.289352 0.015104 0.013889
10 0.326562 0.894907 0.022917 0.071296
8 0.371094 0.800926 0.010937 0.033333
1 0.370833 0.814352 0.007292 0.037963
8 0.401302 0.873611 0.011979 0.041667
5 0.401823 0.893981 0.010937 0.041667
7 0.559375 0.982870 0.014583 0.032407
8 0.496875 0.899537 0.006250 0.026852
5 0.496094 0.901852 0.010937 0.046296
8 0.535937 0.866204 0.010417 0.050926
5 0.533333 0.874074 0.013542 0.044444
7 0.546094 0.818519 0.007812 0.053704
3 0.571094 0.844444 0.032813 0.072222
0 0.592187 0.787500 0.022917 0.067593
0 0.561458 0.740278 0.014583 0.060185
8 0.436458 0.665741 0.007292 0.027778
5 0.436719 0.679630 0.008854 0.025926
7 0.392969 0.646759 0.004687 0.026852
7 0.399219 0.642593 0.006771 0.035185
11 0.349219 0.673611 0.049479 0.065741
11 0.357552 0.631481 0.045312 0.035185
3 0.416406 0.622685 0.022396 0.047222
4 0.660156 0.803241 0.013021 0.047222
0 0.619271 0.747685 0.058333 0.052778
8 0.529167 0.646759 0.010417 0.036111
5 0.528646 0.653704 0.008333 0.029630
8 0.545052 0.640741 0.007812 0.016667
9 0.541146 0.655556 0.011458 0.031481
5 0.558333 0.620370 0.018750 0.022222
4 0.569271 0.660648 0.020833 0.047222
7 0.570052 0.673611 0.005729 0.034259
7 0.550521 0.578241 0.004167 0.034259
3 0.523958 0.569907 0.009375 0.037963
3 0.493490 0.568056 0.019271 0.032407
8 0.460938 0.568056 0.006250 0.021296
5 0.459635 0.576852 0.006771 0.020370
0 0.437760 0.569907 0.013021 0.034259
0 0.418750 0.573148 0.014583 0.042593
4 0.567448 0.561111 0.022396 0.090741
5 0.575521 0.618519 0.014583 0.016667
8 0.538802 0.551389 0.004687 0.019444
5 0.539583 0.562500 0.004167 0.019444
5 0.547917 0.539815 0.011458 0.018519
3 0.501823 0.477778 0.016146 0.027778
7 0.458073 0.475463 0.003646 0.023148
7 0.462760 0.475000 0.003646 0.025926
3 0.447656 0.475463 0.015104 0.034259
7 0.548698 0.489815 0.003646 0.025926
7 0.557813 0.497685 0.006250 0.025000
5 0.561979 0.499074 0.006250 0.014815
7 0.460417 0.404630 0.003125 0.018519
8 0.464583 0.411111 0.004167 0.016667
5 0.463542 0.416204 0.004167 0.012037
3 0.478906 0.416204 0.015104 0.025000
3 0.497917 0.392130 0.010417 0.021296
0 0.485417 0.389815 0.006250 0.016667
7 0.486458 0.354630 0.003125 0.016667
3 0.474479 0.357870 0.010417 0.013889
8 0.476042 0.464815 0.005208 0.022222
5 0.476042 0.469444 0.007292 0.014815
8 0.480729 0.445833 0.004167 0.015741
5 0.481250 0.451389 0.003125 0.012037
8 0.532813 0.469907 0.004167 0.021296
5 0.553906 0.475926 0.013021 0.018519
1 0.532813 0.478241 0.002083 0.017593
7 0.522656 0.445370 0.003646 0.022222
8 0.513021 0.433333 0.005208 0.014815
5 0.513281 0.437500 0.002604 0.015741
3 0.525521 0.413426 0.012500 0.023148
8 0.517708 0.398611 0.002083 0.015741
7 0.512240 0.412963 0.002604 0.018519
7 0.534635 0.394907 0.002604 0.012037
5 0.535156 0.400000 0.004687 0.012963
4 0.548698 0.386574 0.014063 0.062037
3 0.549479 0.432870 0.013542 0.025000
4 0.521354 0.375463 0.009375 0.023148
7 0.535417 0.378241 0.003125 0.017593
3 0.516927 0.337500 0.007812 0.012037
4 0.496615 0.337963 0.003646 0.012963
4 0.529427 0.331019 0.002604 0.012037
7 0.542448 0.350926 0.002604 0.014815
3 0.494531 0.300000 0.010937 0.012963
3 0.494792 0.291204 0.013542 0.008333
4 0.526563 0.306019 0.026042 0.012037
3 0.535156 0.296759 0.018229 0.013889
4 0.549219 0.245370 0.015104 0.040741
4 0.492448 0.241667 0.010937 0.016667
4 0.522656 0.212500 0.051562 0.039815
