4 0.346691 0.486275 0.022794 0.054902
4 0.334926 0.392157 0.050735 0.099346
7 0.949632 0.228105 0.012500 0.048366
5 0.922794 0.233987 0.019118 0.028758
1 0.958456 0.209804 0.015441 0.030065
5 0.897059 0.246405 0.013235 0.024837
5 0.779044 0.264052 0.015441 0.036601
5 0.768382 0.252941 0.014706 0.032680
7 0.688971 0.305229 0.010294 0.048366
3 0.727574 0.386275 0.083088 0.071895
5 0.697794 0.409150 0.019118 0.044444
5 0.691544 0.438562 0.031618 0.043137
7 0.711029 0.453595 0.022059 0.060131
3 0.947794 0.288235 0.052941 0.061438
3 0.898162 0.328758 0.068382 0.074510
3 0.852206 0.383660 0.066176 0.079739
3 0.921324 0.476471 0.072059 0.092810
11 0.982721 0.387582 0.033088 0.087582
3 0.838603 0.586928 0.090441 0.115033
3 0.696324 0.535948 0.091176 0.104575
3 0.781618 0.893464 0.125000 0.210458
11 0.704044 0.749673 0.099265 0.181699
7 0.593382 0.373203 0.008824 0.056209
7 0.608456 0.398693 0.013971 0.052288
5 0.628676 0.377778 0.022059 0.039216
5 0.585662 0.443137 0.024265 0.052288
5 0.600368 0.497386 0.038971 0.053595
5 0.580882 0.535948 0.025000 0.054902
5 0.534926 0.486928 0.012500 0.058824
11 0.569853 0.637255 0.097059 0.152941
7 0.549265 0.595425 0.010294 0.064052
7 0.519485 0.605229 0.015441 0.070588
7 0.507353 0.628758 0.014706 0.075817
1 0.503309 0.415686 0.030147 0.033987
7 0.494485 0.437255 0.011029 0.043137
7 0.461029 0.375163 0.008824 0.047059
7 0.452574 0.411765 0.008088 0.054902
7 0.457721 0.419608 0.008088 0.049673
7 0.419853 0.445098 0.007353 0.040523
5 0.438235 0.451634 0.026471 0.043137
8 0.437500 0.443137 0.013235 0.057516
1 0.472059 0.457516 0.013235 0.057516
1 0.457721 0.467974 0.016912 0.052288
5 0.466912 0.499346 0.013235 0.060131
7 0.455882 0.525490 0.011765 0.065359
7 0.445221 0.537908 0.012500 0.071895
7 0.434191 0.522876 0.013971 0.070588
7 0.430882 0.539216 0.013235 0.064052
1 0.423162 0.617647 0.031618 0.064052
5 0.475735 0.569281 0.023529 0.058824
1 0.470956 0.595425 0.019853 0.056209
1 0.397794 0.430065 0.011765 0.049673
5 0.386397 0.424837 0.013971 0.047059
5 0.379779 0.465359 0.013971 0.047059
7 0.326838 0.467974 0.013971 0.054902
5 0.368382 0.464052 0.014706 0.054902
8 0.362500 0.703268 0.025000 0.049673
5 0.274632 0.579739 0.031618 0.053595
5 0.181985 0.685621 0.033088 0.071895
3 0.173529 0.822222 0.142647 0.143791
7 0.286397 0.489542 0.009559 0.035294
7 0.266176 0.505882 0.019118 0.060131
7 0.276471 0.503268 0.013235 0.057516
7 0.263603 0.491503 0.011029 0.062745
7 0.270588 0.477778 0.011765 0.061438
7 0.242279 0.402614 0.013971 0.057516
7 0.233456 0.404575 0.012500 0.056209
7 0.119485 0.498693 0.019853 0.069281
7 0.169118 0.307843 0.011765 0.050980
7 0.183456 0.330065 0.012500 0.048366
7 0.111397 0.307190 0.011029 0.049673
3 0.133456 0.398039 0.066912 0.082353
5 0.148162 0.468627 0.031618 0.045752
5 0.154412 0.484967 0.035294 0.049673
5 0.168382 0.498693 0.030882 0.061438
5 0.050735 0.322222 0.030882 0.035294
5 0.019118 0.283660 0.014706 0.028758
7 0.047426 0.266667 0.013971 0.054902
7 0.068382 0.218954 0.016176 0.048366
5 0.114338 0.222222 0.025735 0.033987
7 0.094118 0.234641 0.010294 0.048366
4 0.014338 0.116340 0.022794 0.057516
5 0.039706 0.147712 0.017647 0.028758
3 0.013603 0.175163 0.027206 0.047059
8 0.458456 0.185621 0.013971 0.039216
8 0.515809 0.190196 0.012500 0.040523
8 0.433824 0.186275 0.010294 0.037908
8 0.343750 0.180392 0.012500 0.026144
8 0.324265 0.178431 0.008824 0.035294
8 0.304044 0.175817 0.012500 0.032680
