11 0.757721 0.856863 0.111029 0.092810
5 0.783088 0.802614 0.016176 0.049673
7 0.814706 0.740523 0.011765 0.056209
7 0.630515 0.727451 0.012500 0.050980
11 0.718015 0.715033 0.081618 0.075817
3 0.688235 0.645098 0.076471 0.058824
3 0.670221 0.615686 0.055147 0.041830
3 0.626838 0.584967 0.075735 0.056209
5 0.682353 0.554248 0.022059 0.028758
11 0.583456 0.510458 0.033088 0.074510
7 0.609191 0.506536 0.006618 0.040523
11 0.586029 0.464052 0.042647 0.041830
3 0.605515 0.443791 0.046324 0.037908
9 0.583824 0.393464 0.026471 0.023529
7 0.548529 0.387582 0.004412 0.032680
3 0.581250 0.348366 0.040441 0.030065
7 0.555515 0.330719 0.006618 0.028758
7 0.546691 0.318301 0.005147 0.027451
7 0.539338 0.299346 0.003676 0.026144
3 0.568750 0.256209 0.034559 0.028758
7 0.557353 0.251634 0.004412 0.019608
11 0.534559 0.212418 0.013235 0.024837
8 0.527206 0.230719 0.002941 0.014379
1 0.525735 0.237908 0.004412 0.013072
8 0.513603 0.247059 0.005147 0.015686
5 0.513603 0.257516 0.005147 0.013072
3 0.529044 0.188889 0.015441 0.016993
3 0.551838 0.188235 0.022794 0.015686
3 0.501103 0.222876 0.015441 0.027451
9 0.525368 0.158170 0.011029 0.023529
8 0.512868 0.160131 0.003676 0.011765
1 0.512868 0.165359 0.002206 0.011765
8 0.519485 0.138562 0.003676 0.010458
5 0.518382 0.143791 0.004412 0.010458
8 0.511029 0.131373 0.002941 0.011765
5 0.510662 0.135948 0.003676 0.007843
7 0.521691 0.132680 0.002206 0.011765
7 0.525368 0.132026 0.002206 0.013072
3 0.507353 0.111111 0.007353 0.013072
3 0.494118 0.150327 0.008824 0.018301
0 0.498162 0.131373 0.005147 0.011765
3 0.493382 0.120261 0.007353 0.013072
3 0.492647 0.103268 0.007353 0.010458
3 0.473897 0.158824 0.011029 0.016993
3 0.476471 0.142484 0.007353 0.013072
7 0.465074 0.133333 0.002206 0.010458
5 0.463971 0.138562 0.002941 0.010458
7 0.452941 0.146405 0.002941 0.013072
7 0.449632 0.132680 0.002206 0.014379
3 0.456985 0.105229 0.006618 0.011765
3 0.458456 0.094771 0.006618 0.011765
4 0.478676 0.058824 0.060294 0.060131
8 0.454412 0.226797 0.004412 0.014379
5 0.455147 0.235294 0.002941 0.013072
8 0.444118 0.246405 0.004412 0.016993
1 0.444485 0.254248 0.003676 0.014379
9 0.433824 0.264052 0.008824 0.020915
3 0.443015 0.186275 0.011029 0.022222
11 0.416176 0.340523 0.019118 0.037908
11 0.300368 0.968627 0.050735 0.060131
3 0.355147 0.692810 0.044118 0.086275
3 0.373529 0.601307 0.035294 0.078431
8 0.404044 0.465359 0.008088 0.020915
8 0.404779 0.456209 0.008088 0.020915
5 0.402941 0.469935 0.005882 0.022222
8 0.417279 0.463399 0.008088 0.030065
5 0.417647 0.476471 0.004412 0.016993
7 0.426471 0.460131 0.004412 0.033987
7 0.420221 0.447059 0.006618 0.031373
7 0.284559 0.368627 0.007353 0.028758
5 0.223897 0.428105 0.018382 0.027451
5 0.056250 0.777778 0.037500 0.044444
5 0.013971 0.772549 0.027941 0.036601
9 0.122426 0.663399 0.038971 0.058824
5 0.134926 0.623529 0.031618 0.028758
5 0.115441 0.632026 0.032353 0.030065
5 0.091912 0.638562 0.033824 0.030065
5 0.084191 0.650980 0.027206 0.028758
8 0.266176 0.412418 0.007353 0.027451
8 0.273162 0.407190 0.009559 0.024837
8 0.258088 0.402614 0.008824 0.020915
7 0.197794 0.441830 0.005882 0.044444
3 0.376838 0.296732 0.037500 0.028758
3 0.382721 0.283660 0.033088 0.023529
3 0.350368 0.255556 0.034559 0.022222
3 0.336765 0.238562 0.030882 0.019608
3 0.398529 0.226144 0.029412 0.020915
3 0.404779 0.209150 0.028676 0.020915
5 0.357353 0.196078 0.013235 0.013072
5 0.366544 0.190196 0.009559 0.011765
3 0.405515 0.150327 0.021324 0.013072
3 0.383088 0.149673 0.019118 0.011765
5 0.261397 0.315686 0.013971 0.019608
