4 0.574740 0.182407 0.071354 0.120370
4 0.153646 0.575463 0.041667 0.106481
4 0.123177 0.648611 0.078646 0.102778
3 0.391667 0.876389 0.054167 0.126852
3 0.494531 0.944907 0.057813 0.108333
3 0.494271 0.816667 0.045833 0.109259
3 0.561458 0.831481 0.054167 0.122222
2 0.638021 0.778241 0.109375 0.310185
3 0.547135 0.713426 0.042188 0.091667
3 0.501823 0.707407 0.040104 0.083333
3 0.454688 0.694444 0.045833 0.083333
3 0.482292 0.627315 0.035417 0.065741
2 0.577865 0.504630 0.056771 0.140741
3 0.538542 0.595833 0.036458 0.067593
3 0.491146 0.566204 0.031250 0.058333
3 0.530990 0.524074 0.028646 0.050000
3 0.488542 0.509722 0.029167 0.050926
11 0.589063 0.616204 0.037500 0.073148
3 0.487240 0.461574 0.024479 0.041667
3 0.527344 0.482870 0.026562 0.043519
3 0.520573 0.440741 0.025521 0.038889
3 0.486198 0.429630 0.023438 0.038889
3 0.182812 0.710648 0.043750 0.100926
3 0.101302 0.762963 0.071354 0.107407
3 0.038021 0.879167 0.076042 0.147222
3 0.801302 0.505556 0.043229 0.061111
3 0.846094 0.584722 0.059896 0.086111
3 0.842187 0.510648 0.044792 0.058333
3 0.838021 0.476389 0.054167 0.037963
3 0.554688 0.409259 0.021875 0.037037
3 0.515625 0.411111 0.019792 0.031481
2 0.519271 0.321296 0.033333 0.061111
3 0.473698 0.306019 0.016146 0.026852
3 0.467708 0.258796 0.011458 0.019444
3 0.542708 0.328704 0.016667 0.022222
3 0.543750 0.306481 0.014583 0.022222
11 0.555469 0.255093 0.028646 0.021296
3 0.574740 0.304167 0.027604 0.025000
4 0.449740 0.123148 0.117188 0.074074
2 0.468750 0.227315 0.014583 0.041667
2 0.472656 0.196759 0.013021 0.032407
3 0.491406 0.334722 0.016146 0.028704
3 0.490104 0.320833 0.014583 0.023148
3 0.490885 0.304630 0.014063 0.022222
3 0.488802 0.289815 0.013021 0.020370
3 0.491667 0.280556 0.012500 0.018519
3 0.572135 0.292130 0.025521 0.017593
3 0.572396 0.285185 0.030208 0.018519
11 0.571094 0.275463 0.030729 0.021296
3 0.570833 0.267130 0.029167 0.017593
3 0.411719 0.243519 0.011979 0.020370
3 0.428646 0.213889 0.009375 0.016667
3 0.443229 0.199074 0.008333 0.014815
3 0.419531 0.200000 0.008854 0.014815
3 0.423958 0.182407 0.006250 0.012963
3 0.440365 0.182870 0.007812 0.012037
11 0.430208 0.187037 0.007292 0.014815
3 0.486979 0.268981 0.010417 0.013889
3 0.488542 0.247222 0.010417 0.016667
3 0.488021 0.238426 0.010417 0.013889
3 0.488802 0.231019 0.009896 0.013889
3 0.487760 0.224537 0.009896 0.012037
3 0.486979 0.215278 0.008333 0.012037
3 0.487240 0.206481 0.008854 0.012963
3 0.484635 0.191204 0.007812 0.012037
3 0.483073 0.181944 0.007812 0.012037
3 0.479687 0.176389 0.007292 0.010185
3 0.481250 0.168981 0.007292 0.010185
3 0.489323 0.259259 0.010937 0.018519
3 0.508073 0.287963 0.013021 0.016667
3 0.509375 0.277778 0.012500 0.016667
3 0.506771 0.265278 0.012500 0.019444
3 0.504948 0.256944 0.010937 0.017593
3 0.503906 0.248611 0.009896 0.013889
3 0.502865 0.237963 0.009896 0.012963
3 0.501563 0.222222 0.008333 0.016667
3 0.500260 0.212037 0.008854 0.014815
3 0.497917 0.202315 0.008333 0.012037
3 0.498958 0.195833 0.008333 0.013889
3 0.496094 0.185648 0.007812 0.013889
3 0.490625 0.178241 0.006250 0.010185
3 0.490625 0.171296 0.006250 0.007407
3 0.543229 0.289352 0.013542 0.019444
3 0.527344 0.286111 0.011979 0.020370
3 0.524740 0.277778 0.011979 0.018519
3 0.522656 0.266204 0.011979 0.017593
3 0.521354 0.257870 0.011458 0.015741
3 0.520573 0.249074 0.010937 0.012963
3 0.517708 0.240741 0.010417 0.016667
3 0.517969 0.226852 0.009896 0.014815
3 0.514583 0.209722 0.008333 0.013889
3 0.512240 0.203241 0.007812 0.013889
3 0.509896 0.190741 0.007292 0.012963
3 0.506771 0.185185 0.007292 0.011111
3 0.506771 0.180093 0.007292 0.008333
3 0.504167 0.175000 0.008333 0.011111
3 0.514323 0.173148 0.014063 0.011111
3 0.516406 0.167593 0.013021 0.009259
3 0.529948 0.171296 0.013021 0.009259
3 0.540104 0.274537 0.012500 0.019444
3 0.536458 0.264352 0.011458 0.021296
3 0.534635 0.249537 0.010937 0.019444
3 0.531771 0.240278 0.009375 0.017593
3 0.530729 0.232407 0.008333 0.012963
3 0.527865 0.209722 0.007812 0.013889
3 0.525521 0.203241 0.008333 0.012037
3 0.523438 0.197685 0.008333 0.012037
2 0.521354 0.185648 0.013542 0.025000
7 0.717969 0.885185 0.019271 0.068519
7 0.725260 0.942593 0.019271 0.081481
7 0.735677 0.945833 0.010937 0.058333
7 0.860417 0.970370 0.016667 0.055556
7 0.839583 0.835185 0.019792 0.062963
7 0.816927 0.845370 0.017188 0.064815
7 0.807813 0.900000 0.025000 0.074074
7 0.789323 0.831944 0.014063 0.071296
7 0.770052 0.836574 0.015104 0.063889
7 0.797396 0.874074 0.018750 0.059259
7 0.767448 0.843981 0.016146 0.060185
4 0.662760 0.632870 0.066146 0.186111
7 0.195573 0.526389 0.007812 0.043519
7 0.183594 0.545833 0.006771 0.045370
7 0.187240 0.543056 0.006771 0.041667
1 0.206250 0.506944 0.020833 0.023148
1 0.234115 0.446759 0.008854 0.023148
7 0.701562 0.751389 0.007292 0.037963
7 0.716146 0.739815 0.014583 0.057407
7 0.767448 0.692593 0.015104 0.055556
7 0.704427 0.707407 0.007812 0.055556
7 0.718229 0.687500 0.010417 0.054630
7 0.726042 0.731944 0.011458 0.056481
7 0.721875 0.710648 0.011458 0.043519
7 0.725781 0.668981 0.008854 0.050926
7 0.710156 0.612037 0.015104 0.050000
7 0.699219 0.555556 0.010937 0.044444
7 0.842969 0.654167 0.011979 0.054630
7 0.859635 0.668056 0.013021 0.054630
7 0.865104 0.660185 0.012500 0.050000
7 0.881771 0.647222 0.017708 0.053704
7 0.872396 0.565741 0.006250 0.037037
7 0.882031 0.567130 0.008854 0.039815
7 0.879167 0.523611 0.010417 0.043519
7 0.883333 0.533333 0.009375 0.040741
7 0.790104 0.564815 0.010417 0.042593
7 0.776042 0.626852 0.008333 0.053704
8 0.791667 0.615741 0.012500 0.031481
8 0.765625 0.552315 0.008333 0.026852
5 0.795312 0.628704 0.019792 0.031481
8 0.794010 0.455093 0.007812 0.025000
5 0.793750 0.462963 0.011458 0.020370
7 0.770573 0.446759 0.006771 0.037963
7 0.766667 0.450463 0.006250 0.034259
7 0.761198 0.453241 0.006771 0.034259
7 0.710938 0.425926 0.011458 0.044444
7 0.728385 0.483796 0.008854 0.049074
7 0.720313 0.487037 0.009375 0.044444
7 0.717708 0.468981 0.011458 0.039815
7 0.749479 0.493056 0.007292 0.036111
7 0.698177 0.505556 0.007812 0.042593
7 0.689323 0.507870 0.008854 0.037963
7 0.697396 0.482407 0.011458 0.035185
7 0.649479 0.337963 0.006250 0.038889
7 0.656250 0.337500 0.008333 0.043519
7 0.686719 0.325926 0.004687 0.025926
7 0.698438 0.325463 0.005208 0.026852
7 0.631510 0.325926 0.004687 0.025926
7 0.611979 0.304630 0.005208 0.024074
7 0.634375 0.257407 0.004167 0.018519
7 0.640625 0.262037 0.004167 0.018519
7 0.541146 0.356944 0.009375 0.028704
7 0.555729 0.358796 0.008333 0.030556
7 0.556510 0.351852 0.009896 0.033333
7 0.613021 0.287963 0.003125 0.018519
7 0.616667 0.289352 0.004167 0.021296
7 0.674219 0.291667 0.004687 0.020370
7 0.661198 0.294907 0.004687 0.023148
7 0.661458 0.287500 0.004167 0.021296
7 0.636979 0.291667 0.004167 0.020370
7 0.622656 0.289815 0.003646 0.020370
7 0.626563 0.290741 0.004167 0.018519
7 0.631771 0.292130 0.004167 0.023148
7 0.639062 0.308796 0.004167 0.021296
7 0.644010 0.305093 0.004687 0.021296
7 0.480729 0.356019 0.007292 0.025000
7 0.497396 0.352778 0.007292 0.033333
8 0.046094 0.745833 0.014063 0.037963
8 0.007292 0.796296 0.014583 0.046296
7 0.036198 0.668981 0.016146 0.054630
7 0.018750 0.701389 0.012500 0.045370
7 0.010937 0.694907 0.013542 0.056481
7 0.161458 0.325926 0.009375 0.035185
7 0.172135 0.326389 0.007812 0.036111
7 0.105208 0.416204 0.008333 0.043519
7 0.093229 0.419907 0.009375 0.047222
7 0.075781 0.447685 0.008854 0.041667
7 0.083073 0.459722 0.009896 0.047222
7 0.058854 0.481481 0.012500 0.044444
7 0.125521 0.400926 0.007292 0.048148
7 0.132292 0.400000 0.009375 0.048148
7 0.132292 0.356019 0.009375 0.037963
7 0.113542 0.445833 0.008333 0.043519
7 0.120573 0.448148 0.009896 0.046296
7 0.111979 0.471759 0.009375 0.047222
7 0.100000 0.497685 0.013542 0.047222
7 0.076042 0.566667 0.010417 0.040741
7 0.083594 0.574074 0.008854 0.037037
7 0.080729 0.548611 0.008333 0.041667
7 0.088542 0.553704 0.009375 0.040741
7 0.094792 0.527778 0.010417 0.044444
7 0.092448 0.515741 0.008854 0.037037
7 0.095052 0.547222 0.007812 0.035185
4 0.376042 0.173611 0.076042 0.045370
7 0.405469 0.344907 0.007812 0.039815
7 0.389062 0.353704 0.007292 0.037037
7 0.386979 0.348148 0.007292 0.037037
7 0.363281 0.349074 0.006771 0.035185
7 0.365625 0.343519 0.006250 0.035185
7 0.347396 0.345370 0.009375 0.038889
7 0.346615 0.340741 0.008854 0.038889
7 0.321354 0.341667 0.010417 0.038889
7 0.264844 0.349537 0.006771 0.030556
7 0.271875 0.350000 0.006250 0.035185
7 0.260156 0.306944 0.004687 0.023148
7 0.265625 0.305093 0.005208 0.023148
7 0.271094 0.305556 0.004687 0.020370
7 0.275260 0.299537 0.004687 0.019444
7 0.289323 0.278704 0.004687 0.024074
7 0.269792 0.297222 0.005208 0.020370
7 0.276042 0.320833 0.006250 0.023148
7 0.283594 0.320833 0.004687 0.019444
7 0.284115 0.308796 0.004687 0.019444
7 0.286719 0.319444 0.005729 0.022222
7 0.290104 0.316204 0.005208 0.025000
7 0.294531 0.313889 0.003646 0.020370
7 0.297135 0.320833 0.003646 0.019444
7 0.311458 0.319907 0.004167 0.015741
7 0.347135 0.281481 0.004687 0.022222
7 0.623437 0.589352 0.009375 0.049074
7 0.624740 0.535648 0.005729 0.039815
7 0.620573 0.531944 0.009896 0.043519
7 0.632292 0.536111 0.007292 0.040741
7 0.361198 0.228704 0.002604 0.014815
7 0.363281 0.228241 0.002604 0.017593
7 0.368750 0.212963 0.003125 0.014815
7 0.392969 0.202315 0.002604 0.013889
8 0.361198 0.210185 0.002604 0.005556
5 0.361198 0.215741 0.002604 0.007407
5 0.399479 0.215741 0.003125 0.009259
3 0.439063 0.174537 0.007292 0.010185
3 0.440365 0.166667 0.006771 0.009259
3 0.423958 0.164815 0.006250 0.009259
