7 0.169485 0.296732 0.005147 0.023529
5 0.034191 0.339216 0.006618 0.014379
8 0.034191 0.332026 0.005147 0.020915
7 0.698529 0.311111 0.004412 0.020915
7 0.636397 0.304575 0.003676 0.018301
7 0.633456 0.290196 0.002206 0.015686
7 0.782721 0.266013 0.003676 0.016993
7 0.659926 0.236601 0.002206 0.010458
7 0.656618 0.235294 0.002941 0.007843
7 0.611397 0.293464 0.002206 0.016993
7 0.578309 0.288889 0.002206 0.018301
7 0.568015 0.296732 0.003676 0.015686
7 0.590441 0.290196 0.002941 0.015686
7 0.591912 0.290196 0.002941 0.015686
7 0.773162 0.260784 0.003676 0.014379
7 0.777574 0.260131 0.003676 0.013072
3 0.722059 0.228758 0.017647 0.010458
3 0.686765 0.221569 0.016176 0.009150
2 0.866544 0.216340 0.027206 0.016993
2 0.667279 0.198039 0.030147 0.014379
2 0.661765 0.194771 0.030882 0.015686
2 0.656250 0.196732 0.030147 0.014379
2 0.645956 0.192810 0.030147 0.014379
2 0.636029 0.190850 0.030882 0.015686
2 0.628309 0.191503 0.030147 0.014379
2 0.622794 0.186928 0.030882 0.015686
2 0.737132 0.197386 0.030147 0.015686
2 0.718382 0.194118 0.030882 0.014379
2 0.711765 0.192810 0.030882 0.014379
2 0.702574 0.192157 0.030147 0.015686
2 0.693750 0.191503 0.030147 0.014379
2 0.686029 0.188889 0.030882 0.014379
2 0.676471 0.198693 0.030882 0.015686
2 0.851103 0.213072 0.024265 0.015686
2 0.840074 0.211765 0.024265 0.015686
2 0.830515 0.209150 0.024265 0.015686
2 0.816544 0.207843 0.019853 0.015686
3 0.819485 0.256863 0.018382 0.009150
3 0.882353 0.288889 0.016176 0.013072
11 0.837868 0.265359 0.019853 0.015686
11 0.856985 0.271895 0.009559 0.018301
11 0.874265 0.271895 0.019118 0.015686
11 0.877574 0.276471 0.019853 0.014379
4 0.776103 0.192157 0.038971 0.018301
2 0.805147 0.207190 0.014706 0.016993
4 0.928309 0.201307 0.088971 0.010458
4 0.843015 0.189542 0.088971 0.010458
7 0.913235 0.330065 0.005882 0.024837
7 0.644118 0.235294 0.002941 0.010458
7 0.965074 0.336601 0.005147 0.022222
7 0.923529 0.298039 0.004412 0.015686
7 0.919118 0.296732 0.004412 0.015686
7 0.909926 0.283660 0.003676 0.015686
7 0.900735 0.283660 0.004412 0.015686
7 0.918382 0.264052 0.002941 0.010458
7 0.924265 0.262092 0.002941 0.016993
7 0.965074 0.263399 0.002206 0.011765
7 0.970221 0.262745 0.003676 0.013072
4 0.633824 0.233333 0.011765 0.014379
3 0.931250 0.245752 0.012500 0.007843
3 0.915074 0.245098 0.012500 0.009150
