3 0.041912 0.962745 0.083824 0.071895
3 0.279412 0.892157 0.150000 0.111111
11 0.408088 0.971242 0.150000 0.054902
8 0.331618 0.661438 0.019118 0.049673
9 0.343750 0.656863 0.062500 0.045752
11 0.183824 0.644444 0.102941 0.086275
3 0.066912 0.631373 0.101471 0.067974
11 0.329044 0.580392 0.075735 0.075817
11 0.350368 0.543137 0.071324 0.053595
11 0.352574 0.518954 0.081618 0.062745
3 0.351838 0.494771 0.069853 0.037908
3 0.370956 0.480392 0.074265 0.048366
10 0.387500 0.447712 0.067647 0.053595
3 0.446691 0.540523 0.036029 0.066667
3 0.492647 0.539869 0.035294 0.067974
11 0.497794 0.481046 0.032353 0.065359
11 0.512132 0.441176 0.027206 0.056209
3 0.516176 0.402614 0.023529 0.039216
3 0.524632 0.369935 0.021324 0.033987
3 0.419853 0.433987 0.060294 0.044444
3 0.419485 0.415033 0.062500 0.035294
3 0.436029 0.399346 0.057353 0.037908
11 0.443750 0.379739 0.050735 0.040523
8 0.497059 0.375817 0.007353 0.027451
5 0.496691 0.381699 0.008088 0.023529
8 0.496691 0.377124 0.006618 0.024837
0 0.451471 0.347712 0.029412 0.031373
3 0.457721 0.341176 0.043382 0.028758
3 0.465809 0.326797 0.043382 0.026144
7 0.502206 0.335948 0.004412 0.026144
7 0.507353 0.339869 0.005882 0.028758
7 0.508456 0.315033 0.003676 0.026144
7 0.513235 0.313072 0.004412 0.027451
7 0.576471 0.376471 0.005882 0.031373
3 0.585662 0.379739 0.022794 0.032680
8 0.622794 0.693464 0.014706 0.064052
5 0.622426 0.703268 0.036029 0.047059
9 0.619118 0.655556 0.025000 0.087582
7 0.636029 0.669935 0.010294 0.064052
7 0.644853 0.679739 0.011765 0.057516
11 0.895588 0.613072 0.072059 0.096732
3 0.740441 0.633987 0.102941 0.081046
11 0.728676 0.575817 0.089706 0.071895
7 0.663971 0.560784 0.010294 0.047059
7 0.667647 0.515686 0.005882 0.045752
7 0.692647 0.521569 0.011765 0.041830
7 0.705147 0.502614 0.007353 0.043137
7 0.740441 0.509150 0.010294 0.035294
5 0.643382 0.520915 0.022059 0.030065
11 0.720588 0.460131 0.057353 0.057516
11 0.716912 0.446405 0.050000 0.050980
11 0.712500 0.433333 0.050000 0.053595
3 0.471324 0.306536 0.030882 0.019608
3 0.482721 0.288235 0.028676 0.019608
3 0.513235 0.285621 0.014706 0.022222
8 0.527206 0.287582 0.002941 0.013072
8 0.527206 0.288235 0.004412 0.019608
9 0.526838 0.294118 0.003676 0.013072
7 0.534926 0.281046 0.005147 0.023529
7 0.530147 0.271242 0.002941 0.016993
7 0.535294 0.250327 0.002941 0.016993
11 0.518750 0.258824 0.012500 0.018301
11 0.559191 0.277778 0.013971 0.022222
7 0.576471 0.292810 0.002941 0.020915
7 0.579779 0.293464 0.003676 0.024837
7 0.584191 0.298039 0.002206 0.023529
8 0.587132 0.300654 0.003676 0.018301
5 0.587500 0.303268 0.005882 0.015686
11 0.587500 0.277778 0.019118 0.022222
7 0.576103 0.258170 0.003676 0.016993
7 0.580147 0.257516 0.002941 0.018301
11 0.588971 0.244444 0.011765 0.020915
3 0.610294 0.256863 0.026471 0.016993
11 0.610294 0.250327 0.030882 0.022222
10 0.604779 0.238562 0.011029 0.022222
3 0.594853 0.235948 0.016176 0.016993
11 0.514706 0.249673 0.026471 0.020915
3 0.525368 0.243137 0.013971 0.018301
3 0.521691 0.233333 0.021324 0.014379
3 0.518750 0.224183 0.022794 0.014379
11 0.521691 0.218301 0.019853 0.018301
7 0.530515 0.222222 0.003676 0.013072
3 0.558456 0.201961 0.008088 0.014379
3 0.527574 0.200654 0.021324 0.014379
4 0.562500 0.143791 0.064706 0.091503
3 0.591912 0.220915 0.019118 0.013072
11 0.583824 0.211765 0.010294 0.015686
3 0.622059 0.310458 0.030882 0.030065
4 0.645956 0.269281 0.024265 0.031373
