7 0.468750 0.687963 0.010417 0.061111
7 0.538542 0.640741 0.012500 0.059259
7 0.531771 0.544444 0.011458 0.040741
7 0.623958 0.470370 0.010417 0.044444
7 0.766146 0.544444 0.009375 0.048148
7 0.797917 0.551852 0.012500 0.033333
7 0.824479 0.569444 0.011458 0.046296
7 0.852604 0.577778 0.009375 0.051852
7 0.665625 0.797222 0.016667 0.068519
7 0.627083 0.762963 0.010417 0.051852
7 0.627083 0.806481 0.010417 0.050000
7 0.629687 0.825926 0.007292 0.033333
7 0.607812 0.815741 0.007292 0.031481
7 0.569792 0.857407 0.010417 0.051852
8 0.570833 0.752778 0.010417 0.035185
8 0.563542 0.756481 0.008333 0.020370
7 0.535417 0.858333 0.016667 0.061111
7 0.547396 0.841667 0.011458 0.050000
7 0.538542 0.822222 0.008333 0.037037
7 0.913542 0.744444 0.012500 0.062963
7 0.896875 0.744444 0.010417 0.059259
7 0.932292 0.674074 0.020833 0.062963
7 0.963021 0.628704 0.011458 0.053704
7 0.947396 0.615741 0.015625 0.057407
7 0.707812 0.529630 0.009375 0.037037
7 0.718750 0.378704 0.008333 0.038889
7 0.838542 0.379630 0.010417 0.037037
7 0.882812 0.416667 0.007292 0.044444
8 0.871354 0.409259 0.013542 0.040741
8 0.950000 0.431481 0.010417 0.029630
8 0.982812 0.444444 0.009375 0.033333
8 0.968229 0.427778 0.011458 0.029630
7 0.966146 0.404630 0.009375 0.038889
7 0.955729 0.395370 0.011458 0.042593
5 0.878125 0.373148 0.018750 0.031481
0 0.756771 0.349074 0.034375 0.042593
5 0.675521 0.350000 0.026042 0.022222
7 0.641667 0.362037 0.012500 0.031481
0 0.607292 0.344444 0.029167 0.037037
7 0.286458 0.509259 0.008333 0.040741
7 0.282292 0.505556 0.008333 0.033333
7 0.355208 0.391667 0.010417 0.038889
7 0.314583 0.397222 0.008333 0.035185
7 0.317188 0.386111 0.009375 0.031481
8 0.522396 0.425926 0.011458 0.025926
5 0.514062 0.380556 0.015625 0.020370
7 0.491667 0.383333 0.006250 0.033333
5 0.486979 0.387963 0.015625 0.020370
8 0.485938 0.380556 0.007292 0.031481
8 0.698438 0.410185 0.009375 0.027778
7 0.214583 0.438889 0.012500 0.037037
8 0.201563 0.437037 0.007292 0.033333
7 0.149479 0.450000 0.013542 0.033333
8 0.081250 0.546296 0.010417 0.029630
8 0.122917 0.531481 0.012500 0.029630
8 0.133854 0.524074 0.013542 0.025926
