3 0.525735 0.723529 0.063235 0.158170
3 0.331250 0.524837 0.050735 0.095425
3 0.398162 0.460131 0.034559 0.078431
3 0.441176 0.334641 0.032353 0.062745
3 0.475368 0.211111 0.031618 0.035294
3 0.403676 0.296078 0.027941 0.050980
3 0.510662 0.083660 0.013971 0.023529
3 0.504779 0.042484 0.012500 0.014379
7 0.267647 0.600654 0.014706 0.061438
8 0.230515 0.864706 0.022794 0.069281
8 0.227206 0.873856 0.019118 0.066667
5 0.227941 0.909150 0.032353 0.066667
3 0.084926 0.660131 0.075735 0.133333
1 0.104412 0.550980 0.023529 0.032680
10 0.150368 0.463399 0.078676 0.090196
5 0.024632 0.599346 0.047794 0.032680
7 0.061765 0.469281 0.008824 0.036601
7 0.044485 0.439216 0.011029 0.047059
7 0.006250 0.438562 0.012500 0.056209
8 0.025735 0.438562 0.020588 0.040523
3 0.203309 0.418301 0.049265 0.060131
5 0.172059 0.369935 0.042647 0.049673
3 0.211397 0.337908 0.063971 0.061438
8 0.552574 0.243137 0.008088 0.028758
8 0.525735 0.228105 0.005882 0.022222
8 0.551103 0.181699 0.005147 0.020915
8 0.425735 0.098693 0.005882 0.016993
8 0.422794 0.072549 0.002941 0.011765
8 0.593750 0.139216 0.003676 0.016993
3 0.684559 0.090850 0.020588 0.022222
8 0.682353 0.383660 0.010294 0.035294
3 0.674632 0.071242 0.015441 0.019608
3 0.653676 0.049673 0.014706 0.015686
3 0.689338 0.049673 0.016912 0.015686
3 0.691544 0.070588 0.015441 0.018301
3 0.636765 0.046405 0.013235 0.019608
11 0.670956 0.046405 0.012500 0.019608
1 0.553309 0.254902 0.006618 0.018301
5 0.526471 0.240523 0.007353 0.018301
5 0.552206 0.190196 0.005882 0.016993
5 0.425735 0.107190 0.005882 0.013072
5 0.422794 0.081046 0.004412 0.010458
3 0.565441 0.072549 0.013235 0.022222
3 0.484926 0.038562 0.009559 0.014379
9 0.455515 0.040523 0.009559 0.020915
3 0.459559 0.013725 0.010294 0.014379
3 0.495221 0.018954 0.009559 0.011765
9 0.478309 0.024837 0.009559 0.013072
9 0.329412 0.101961 0.030882 0.026144
4 0.370956 0.055556 0.041912 0.066667
5 0.441176 0.008497 0.004412 0.006536
8 0.441912 0.002614 0.002941 0.005229
9 0.491176 0.005882 0.008824 0.011765
9 0.541176 0.015033 0.010294 0.011765
3 0.535662 0.005882 0.008088 0.011765
4 0.553309 0.040523 0.024265 0.026144
3 0.015809 0.866013 0.030147 0.121569
