3 0.464706 0.782353 0.069118 0.126797
3 0.857353 0.839216 0.130882 0.130719
3 0.361029 0.609150 0.051471 0.078431
10 0.523162 0.595425 0.044853 0.111111
5 0.300000 0.694118 0.016176 0.057516
5 0.588603 0.537908 0.011029 0.037908
5 0.658824 0.505229 0.010294 0.035294
5 0.706985 0.616340 0.030147 0.048366
5 0.857353 0.711111 0.017647 0.060131
8 0.858088 0.698693 0.019118 0.074510
8 0.872426 0.622222 0.009559 0.036601
8 0.890441 0.579085 0.016176 0.031373
8 0.877574 0.574510 0.012500 0.030065
8 0.588603 0.528105 0.011029 0.036601
8 0.656985 0.496078 0.008088 0.037908
8 0.675000 0.481699 0.011765 0.043137
5 0.676103 0.487582 0.008088 0.031373
7 0.699265 0.598039 0.010294 0.048366
7 0.708456 0.586275 0.013971 0.053595
7 0.756618 0.496078 0.008824 0.040523
8 0.742647 0.521569 0.013235 0.023529
9 0.836029 0.615686 0.054412 0.060131
7 0.819853 0.605882 0.017647 0.050980
7 0.869853 0.538562 0.011765 0.044444
9 0.779044 0.580392 0.038971 0.041830
8 0.791176 0.567320 0.011765 0.031373
7 0.823529 0.552288 0.010294 0.056209
7 0.836397 0.550327 0.009559 0.052288
8 0.840441 0.578431 0.011765 0.032680
3 0.815809 0.541830 0.058088 0.053595
8 0.716912 0.506536 0.010294 0.019608
7 0.720221 0.473856 0.008088 0.024837
7 0.709559 0.471895 0.005882 0.031373
7 0.796324 0.467320 0.008824 0.035294
7 0.805147 0.471242 0.005882 0.024837
9 0.404779 0.624837 0.022794 0.065359
8 0.401103 0.614379 0.011029 0.041830
8 0.408824 0.616340 0.008824 0.030065
11 0.355147 0.511111 0.038235 0.065359
3 0.428676 0.477778 0.030882 0.043137
5 0.335294 0.504575 0.010294 0.031373
8 0.335662 0.492810 0.009559 0.031373
11 0.397794 0.437255 0.025000 0.048366
3 0.429412 0.403268 0.020588 0.032680
9 0.536397 0.411111 0.012500 0.035294
7 0.500368 0.371242 0.003676 0.020915
5 0.539338 0.377778 0.005147 0.015686
8 0.539706 0.374510 0.004412 0.016993
3 0.524265 0.343791 0.011765 0.018301
7 0.544118 0.371895 0.004412 0.022222
11 0.622794 0.473203 0.022059 0.044444
7 0.641176 0.449673 0.008824 0.036601
7 0.633088 0.450980 0.007353 0.028758
10 0.701838 0.456863 0.028676 0.045752
3 0.698897 0.435948 0.024265 0.030065
7 0.657721 0.440523 0.006618 0.031373
5 0.619118 0.421569 0.007353 0.019608
8 0.618750 0.416340 0.006618 0.022222
11 0.665074 0.395425 0.022794 0.027451
11 0.645956 0.383007 0.024265 0.028758
7 0.089338 0.592810 0.015441 0.064052
7 0.186029 0.541830 0.011765 0.053595
7 0.197059 0.545752 0.011765 0.053595
7 0.208456 0.537908 0.006618 0.032680
5 0.245588 0.478431 0.011765 0.036601
8 0.201471 0.523529 0.005882 0.030065
8 0.206250 0.516993 0.009559 0.032680
5 0.204412 0.533333 0.013235 0.036601
8 0.299632 0.673856 0.018382 0.061438
3 0.097426 0.503922 0.047794 0.040523
3 0.189706 0.444444 0.057353 0.033987
3 0.202574 0.426797 0.055147 0.027451
3 0.229412 0.416993 0.042647 0.033987
5 0.115441 0.433987 0.007353 0.026144
3 0.272059 0.390850 0.023529 0.023529
3 0.287868 0.382353 0.015441 0.022222
3 0.280882 0.349020 0.022059 0.018301
3 0.361765 0.357516 0.032353 0.014379
11 0.503676 0.344444 0.008824 0.019608
11 0.509559 0.332680 0.007353 0.016993
5 0.534559 0.350327 0.004412 0.013072
8 0.534926 0.346405 0.003676 0.015686
5 0.464706 0.337255 0.002941 0.010458
5 0.467647 0.329412 0.002941 0.007843
8 0.464706 0.333987 0.002941 0.011765
8 0.467279 0.325490 0.003676 0.010458
3 0.495956 0.323529 0.008088 0.011765
3 0.494485 0.313725 0.008088 0.010458
3 0.518382 0.322876 0.007353 0.010458
3 0.511397 0.316993 0.006618 0.011765
3 0.509926 0.313072 0.006618 0.009150
5 0.271324 0.364052 0.011765 0.014379
7 0.301471 0.380392 0.004412 0.018301
4 0.506250 0.283007 0.059559 0.045752
