11 0.508594 0.858333 0.040104 0.100000
3 0.581250 0.768519 0.032292 0.072222
3 0.428646 0.799537 0.033333 0.084259
8 0.549740 0.766204 0.009896 0.036111
5 0.550260 0.779630 0.010937 0.038889
8 0.403906 0.696296 0.009896 0.033333
8 0.422656 0.692593 0.009896 0.029630
8 0.422396 0.700463 0.011458 0.036111
5 0.423438 0.706481 0.010417 0.038889
5 0.520312 0.719907 0.009375 0.032407
5 0.538281 0.720833 0.009896 0.034259
8 0.520052 0.708796 0.008854 0.028704
8 0.538542 0.711574 0.008333 0.030556
8 0.540885 0.665741 0.007812 0.031481
5 0.540625 0.674537 0.009375 0.032407
5 0.519792 0.643056 0.009375 0.034259
8 0.520052 0.633333 0.008854 0.022222
8 0.519531 0.637500 0.008854 0.026852
3 0.447917 0.645833 0.025000 0.054630
3 0.442188 0.588889 0.020833 0.053704
8 0.407031 0.583796 0.006771 0.025000
5 0.406771 0.590278 0.007292 0.025000
5 0.478906 0.513889 0.008854 0.022222
8 0.478125 0.507870 0.006250 0.019444
5 0.493229 0.468981 0.012500 0.015741
8 0.492708 0.463889 0.006250 0.018519
8 0.489323 0.466204 0.004687 0.013889
0 0.505990 0.433796 0.016146 0.025000
8 0.503906 0.432407 0.003646 0.011111
8 0.509115 0.433796 0.004687 0.013889
8 0.508594 0.435185 0.004687 0.014815
8 0.515365 0.458796 0.005729 0.013889
3 0.456771 0.435648 0.030208 0.025000
7 0.532031 0.407407 0.002604 0.018519
7 0.535937 0.406019 0.003125 0.017593
8 0.530469 0.406481 0.002604 0.018519
5 0.530469 0.408796 0.005729 0.013889
0 0.558594 0.412037 0.014063 0.022222
5 0.552344 0.401852 0.009896 0.012963
5 0.550260 0.390741 0.009896 0.012963
4 0.547656 0.368056 0.038021 0.025000
5 0.519010 0.397222 0.006771 0.022222
8 0.518750 0.397222 0.003125 0.011111
6 0.516667 0.385185 0.005208 0.012963
8 0.516927 0.381481 0.003646 0.012963
8 0.521094 0.386574 0.003646 0.015741
5 0.520833 0.389815 0.003125 0.011111
11 0.516406 0.353704 0.009896 0.018519
3 0.497656 0.370370 0.011979 0.018519
3 0.499219 0.391204 0.011979 0.019444
3 0.481510 0.391667 0.013021 0.024074
3 0.476042 0.377778 0.011458 0.022222
4 0.478385 0.312037 0.058854 0.025926
8 0.453385 0.355556 0.003646 0.011111
5 0.453125 0.359259 0.003125 0.009259
1 0.825260 0.843056 0.021354 0.036111
7 0.849740 0.887500 0.013021 0.050926
5 0.860417 0.917593 0.031250 0.038889
8 0.840104 0.910648 0.013542 0.036111
8 0.830208 0.923148 0.013542 0.029630
8 0.821354 0.901389 0.011458 0.025000
8 0.804688 0.903704 0.011458 0.024074
8 0.813021 0.917593 0.015625 0.040741
5 0.799219 0.788426 0.022396 0.026852
5 0.774479 0.759259 0.022917 0.035185
7 0.769010 0.745833 0.014063 0.043519
8 0.775521 0.756481 0.013542 0.037037
4 0.813281 0.974537 0.074479 0.049074
8 0.485156 0.333796 0.002604 0.012037
5 0.485156 0.337037 0.002604 0.011111
5 0.490104 0.336574 0.002083 0.008333
5 0.495573 0.339352 0.002604 0.010185
8 0.495833 0.337500 0.002083 0.010185
