3 0.413971 0.973856 0.017647 0.049673
3 0.394485 0.898693 0.019853 0.071895
3 0.479779 0.954248 0.019853 0.075817
3 0.459926 0.701307 0.015441 0.064052
3 0.527574 0.720261 0.031618 0.039216
3 0.530882 0.661438 0.030882 0.044444
3 0.347059 0.899346 0.044118 0.047059
5 0.398897 0.707843 0.006618 0.019608
8 0.398897 0.701961 0.006618 0.010458
3 0.352941 0.737255 0.035294 0.047059
5 0.415809 0.550980 0.008088 0.030065
8 0.416544 0.553595 0.006618 0.016993
3 0.502206 0.570588 0.030882 0.030065
3 0.466544 0.489542 0.016912 0.064052
3 0.511397 0.489542 0.016912 0.061438
3 0.541544 0.475817 0.036029 0.033987
3 0.363971 0.593464 0.039706 0.028758
3 0.369118 0.529412 0.038235 0.031373
5 0.421324 0.414379 0.005882 0.023529
8 0.421691 0.413725 0.005147 0.014379
7 0.405515 0.463399 0.005147 0.011765
3 0.380147 0.361438 0.036765 0.035294
3 0.376838 0.458170 0.034559 0.024837
7 0.506985 0.452941 0.003676 0.011765
3 0.455147 0.345752 0.016176 0.064052
3 0.493382 0.226797 0.014706 0.056209
7 0.577206 0.305882 0.004412 0.013072
3 0.555147 0.221569 0.038235 0.035294
5 0.513603 0.216340 0.005147 0.022222
8 0.513971 0.215686 0.004412 0.015686
3 0.387500 0.233987 0.038235 0.036601
3 0.387500 0.193464 0.038235 0.031373
3 0.458824 0.128758 0.016176 0.064052
11 0.427941 0.104575 0.014706 0.065359
3 0.398162 0.135294 0.037500 0.032680
5 0.515074 0.128105 0.006618 0.023529
5 0.437500 0.124183 0.005882 0.020915
8 0.515441 0.125490 0.005882 0.007843
8 0.516176 0.132680 0.004412 0.006536
8 0.437132 0.125490 0.003676 0.013072
5 0.584926 0.143791 0.005147 0.020915
3 0.526838 0.081699 0.016912 0.053595
10 0.729044 0.672549 0.022794 0.090196
3 0.701471 0.504575 0.019118 0.070588
3 0.833088 0.506536 0.032353 0.045752
3 0.870588 0.561438 0.020588 0.064052
9 0.884926 0.524183 0.018382 0.031373
3 0.978309 0.597386 0.016912 0.065359
3 0.993382 0.592810 0.011765 0.066667
7 0.856250 0.462745 0.006618 0.007843
7 0.848897 0.443791 0.008088 0.006536
3 0.853676 0.328105 0.027941 0.026144
11 0.779412 0.317647 0.030882 0.026144
3 0.709191 0.345752 0.013971 0.045752
0 0.751103 0.386928 0.013971 0.054902
3 0.711765 0.177778 0.022059 0.052288
11 0.740441 0.083660 0.016176 0.073203
3 0.717279 0.034641 0.015441 0.058824
7 0.374632 0.060784 0.005147 0.016993
3 0.504412 0.011111 0.014706 0.022222
7 0.383456 0.019608 0.005147 0.023529
