8 0.379412 0.942484 0.010294 0.033987
8 0.382721 0.937255 0.011029 0.031373
8 0.397059 0.939869 0.017647 0.033987
8 0.525000 0.558170 0.004412 0.018301
8 0.519485 0.556863 0.006618 0.018301
8 0.546691 0.467320 0.005147 0.019608
8 0.348162 0.450327 0.005147 0.011765
8 0.354412 0.451634 0.004412 0.011765
8 0.460662 0.432680 0.003676 0.013072
8 0.464706 0.430719 0.004412 0.011765
8 0.495221 0.393464 0.005147 0.013072
8 0.502574 0.398039 0.003676 0.009150
8 0.597794 0.435948 0.002941 0.009150
8 0.602206 0.435294 0.004412 0.007843
8 0.625735 0.423529 0.004412 0.013072
7 0.599265 0.389542 0.004412 0.023529
7 0.639338 0.353595 0.003676 0.019608
7 0.635294 0.348366 0.004412 0.019608
7 0.625368 0.347059 0.003676 0.016993
7 0.622059 0.345752 0.002941 0.019608
7 0.637868 0.332680 0.002206 0.014379
7 0.646324 0.343137 0.002941 0.011765
7 0.655147 0.320261 0.002941 0.013072
7 0.630147 0.315686 0.002941 0.016993
7 0.631250 0.305229 0.003676 0.014379
7 0.622794 0.303268 0.002941 0.018301
7 0.609926 0.313725 0.002206 0.015686
7 0.604412 0.311111 0.002941 0.015686
7 0.603676 0.300654 0.002941 0.013072
7 0.601471 0.300000 0.001471 0.014379
7 0.591912 0.324837 0.002941 0.016993
7 0.591176 0.304575 0.002941 0.015686
7 0.582721 0.308497 0.002206 0.018301
7 0.590441 0.288235 0.002941 0.011765
7 0.568750 0.301961 0.003676 0.015686
7 0.556250 0.300000 0.003676 0.014379
7 0.517279 0.322222 0.002206 0.016993
7 0.506250 0.354902 0.002206 0.024837
7 0.518015 0.345752 0.003676 0.022222
7 0.525368 0.350980 0.003676 0.022222
7 0.529779 0.349020 0.003676 0.023529
7 0.533088 0.345098 0.002941 0.020915
7 0.584191 0.339869 0.003676 0.018301
7 0.573162 0.342484 0.003676 0.018301
7 0.572059 0.343791 0.004412 0.020915
7 0.567647 0.345098 0.002941 0.018301
7 0.562868 0.349673 0.002206 0.011765
7 0.523529 0.294771 0.002941 0.014379
7 0.510294 0.296732 0.002941 0.015686
7 0.533456 0.315686 0.003676 0.016993
7 0.540441 0.315033 0.002941 0.013072
7 0.544853 0.314379 0.004412 0.014379
7 0.322059 0.368627 0.005882 0.026144
7 0.311765 0.369281 0.002941 0.024837
7 0.304779 0.368627 0.003676 0.031373
7 0.239706 0.369935 0.004412 0.023529
7 0.204779 0.373856 0.002206 0.018301
7 0.202206 0.369935 0.004412 0.023529
7 0.168750 0.340523 0.003676 0.014379
7 0.175735 0.341176 0.004412 0.023529
7 0.262132 0.348366 0.003676 0.019608
7 0.273162 0.347059 0.003676 0.016993
7 0.269853 0.351634 0.002941 0.010458
7 0.240441 0.301307 0.002941 0.014379
7 0.243382 0.295425 0.002941 0.013072
7 0.236397 0.300654 0.003676 0.015686
7 0.202574 0.272549 0.002206 0.009150
7 0.200368 0.273856 0.002206 0.011765
3 0.994853 0.326797 0.008824 0.010458
7 0.973162 0.335294 0.003676 0.019608
7 0.967279 0.333987 0.003676 0.019608
7 0.955147 0.363399 0.004412 0.018301
8 0.941544 0.354902 0.005147 0.019608
3 0.973162 0.327451 0.021324 0.014379
3 0.948162 0.315686 0.011029 0.014379
3 0.921691 0.279739 0.016912 0.013072
3 0.928309 0.315033 0.009559 0.013072
3 0.900735 0.313725 0.010294 0.013072
3 0.938971 0.324837 0.022059 0.016993
3 0.915074 0.322222 0.021324 0.014379
3 0.884191 0.318954 0.018382 0.015686
3 0.864706 0.317647 0.017647 0.015686
3 0.848897 0.316993 0.013971 0.014379
3 0.843015 0.309150 0.013971 0.014379
11 0.828676 0.310458 0.017647 0.022222
3 0.811397 0.314379 0.015441 0.014379
11 0.809926 0.303922 0.012500 0.014379
3 0.796691 0.307843 0.011029 0.011765
3 0.776103 0.305882 0.018382 0.015686
3 0.756985 0.303922 0.016912 0.009150
3 0.735662 0.302614 0.012500 0.011765
3 0.722794 0.299346 0.014706 0.013072
3 0.705882 0.296732 0.011765 0.010458
3 0.693750 0.296078 0.009559 0.011765
3 0.673529 0.295425 0.011765 0.013072
3 0.656618 0.302614 0.010294 0.011765
3 0.641544 0.301307 0.009559 0.014379
11 0.629412 0.298039 0.011765 0.018301
3 0.615809 0.301307 0.008088 0.011765
3 0.613235 0.293464 0.013235 0.011765
3 0.602206 0.291503 0.014706 0.013072
3 0.775368 0.277124 0.009559 0.010458
3 0.792279 0.269935 0.013971 0.011765
3 0.808456 0.268627 0.005147 0.011765
3 0.758088 0.265359 0.014706 0.010458
3 0.650368 0.269935 0.012500 0.011765
11 0.628309 0.272549 0.019853 0.011765
3 0.601838 0.271242 0.015441 0.009150
3 0.576471 0.296078 0.008824 0.014379
3 0.562132 0.296078 0.009559 0.014379
3 0.586397 0.289542 0.011029 0.016993
11 0.570221 0.288889 0.015441 0.010458
3 0.553676 0.284967 0.013235 0.013072
11 0.546324 0.292810 0.010294 0.015686
3 0.534191 0.293464 0.006618 0.011765
3 0.541176 0.284314 0.014706 0.011765
3 0.531250 0.284314 0.009559 0.009150
3 0.515441 0.290850 0.008824 0.011765
3 0.508088 0.285621 0.005882 0.009150
3 0.512132 0.279739 0.012500 0.007843
3 0.567279 0.270588 0.018382 0.010458
3 0.527574 0.267974 0.015441 0.010458
3 0.501471 0.266013 0.014706 0.009150
3 0.469118 0.264052 0.011765 0.010458
3 0.497426 0.281699 0.011029 0.009150
3 0.496324 0.289542 0.007353 0.011765
3 0.484559 0.290196 0.007353 0.015686
3 0.486029 0.279739 0.005882 0.010458
3 0.479044 0.279739 0.009559 0.010458
3 0.476471 0.283660 0.010294 0.010458
3 0.472794 0.287582 0.008824 0.013072
3 0.463603 0.292810 0.009559 0.013072
3 0.453676 0.293464 0.011765 0.014379
3 0.458456 0.288235 0.008088 0.011765
11 0.464338 0.283007 0.006618 0.014379
3 0.466912 0.277778 0.007353 0.011765
3 0.440441 0.291503 0.013235 0.013072
3 0.427574 0.290850 0.012500 0.014379
3 0.413603 0.292157 0.009559 0.011765
3 0.451103 0.283660 0.008088 0.013072
3 0.441544 0.283660 0.011029 0.013072
3 0.427941 0.281699 0.011765 0.011765
3 0.416912 0.279739 0.011765 0.010458
3 0.445221 0.277124 0.013971 0.013072
3 0.431618 0.275163 0.011765 0.016993
3 0.418015 0.273856 0.012500 0.009150
3 0.403309 0.274510 0.011029 0.007843
3 0.390441 0.275817 0.011765 0.010458
3 0.380882 0.277124 0.016176 0.013072
3 0.375368 0.284314 0.006618 0.014379
3 0.354044 0.279085 0.018382 0.009150
3 0.366912 0.280392 0.014706 0.011765
3 0.373529 0.258824 0.013235 0.010458
3 0.451838 0.249673 0.006618 0.010458
3 0.416176 0.250327 0.008824 0.009150
3 0.471324 0.247059 0.010294 0.007843
3 0.477206 0.243791 0.011765 0.009150
3 0.483088 0.244444 0.010294 0.005229
3 0.492647 0.241830 0.010294 0.007843
3 0.499632 0.239216 0.009559 0.007843
3 0.504779 0.240523 0.009559 0.007843
3 0.506250 0.239869 0.013971 0.009150
3 0.510294 0.239869 0.010294 0.006536
4 0.549265 0.231373 0.060294 0.013072
