4 0.326302 0.118519 0.070312 0.068519
4 0.397656 0.129630 0.071354 0.050000
2 0.247917 0.865278 0.087500 0.267593
2 0.183333 0.584722 0.062500 0.193519
3 0.338281 0.601852 0.032813 0.074074
3 0.443229 0.768056 0.048958 0.097222
3 0.510417 0.811574 0.054167 0.100926
3 0.579688 0.769444 0.060417 0.092593
3 0.464844 0.612963 0.039062 0.062963
3 0.404687 0.539815 0.032292 0.053704
3 0.436979 0.485648 0.025000 0.043519
3 0.397656 0.460648 0.026562 0.050926
2 0.516406 0.589815 0.080729 0.185185
2 0.577865 0.586111 0.094271 0.190741
2 0.678646 0.785185 0.175000 0.305556
3 0.420312 0.412037 0.025000 0.038889
3 0.453385 0.405093 0.024479 0.045370
2 0.216667 0.438426 0.047917 0.119444
3 0.267708 0.399074 0.022917 0.050000
3 0.273438 0.307870 0.021875 0.028704
7 0.255208 0.302315 0.004167 0.023148
7 0.259896 0.302315 0.004167 0.023148
3 0.262240 0.290741 0.013021 0.024074
3 0.269271 0.270370 0.014583 0.022222
3 0.291667 0.243519 0.013542 0.018519
3 0.270833 0.247222 0.011458 0.016667
3 0.273958 0.238426 0.009375 0.019444
3 0.277865 0.231944 0.009896 0.019444
2 0.293750 0.215278 0.023958 0.037963
7 0.289583 0.265741 0.004167 0.014815
5 0.289583 0.271296 0.005208 0.012963
7 0.282552 0.256944 0.003646 0.015741
1 0.282031 0.262037 0.003646 0.011111
7 0.253125 0.360648 0.006250 0.039815
7 0.261719 0.356481 0.004687 0.037037
7 0.303125 0.345370 0.004167 0.035185
7 0.303646 0.342593 0.004167 0.037037
7 0.142448 0.302778 0.004687 0.018519
1 0.142708 0.309722 0.005208 0.015741
7 0.155469 0.283796 0.004687 0.015741
1 0.155469 0.289815 0.005729 0.014815
7 0.159635 0.257870 0.004687 0.021296
7 0.155729 0.257870 0.004167 0.019444
7 0.107813 0.300000 0.006250 0.022222
7 0.095833 0.292593 0.005208 0.022222
7 0.090885 0.291667 0.004687 0.024074
7 0.088802 0.318981 0.006771 0.023148
7 0.083594 0.322685 0.006771 0.017593
7 0.078385 0.319907 0.004687 0.023148
7 0.082552 0.305556 0.005729 0.024074
7 0.076302 0.307407 0.005729 0.024074
7 0.070573 0.336574 0.005729 0.023148
7 0.062240 0.337500 0.007812 0.025000
7 0.057292 0.324537 0.006250 0.028704
7 0.050260 0.326852 0.005729 0.027778
7 0.047656 0.289815 0.006771 0.024074
7 0.128385 0.261574 0.004687 0.017593
7 0.072135 0.281481 0.003646 0.014815
7 0.067969 0.278241 0.004687 0.019444
7 0.060937 0.278704 0.004167 0.020370
7 0.346354 0.335185 0.008333 0.033333
7 0.740625 0.450926 0.007292 0.037037
7 0.732812 0.447685 0.008333 0.047222
7 0.602865 0.333333 0.010937 0.035185
7 0.624219 0.326852 0.006771 0.037037
7 0.630729 0.326852 0.005208 0.033333
7 0.662240 0.332870 0.005729 0.032407
7 0.665625 0.341204 0.005208 0.021296
7 0.667708 0.325926 0.006250 0.035185
7 0.708854 0.343056 0.006250 0.036111
7 0.696354 0.337037 0.006250 0.035185
7 0.692448 0.343519 0.007812 0.031481
7 0.651563 0.334259 0.007292 0.037037
7 0.645833 0.332407 0.006250 0.033333
7 0.642969 0.328241 0.005729 0.032407
7 0.564583 0.343981 0.005208 0.030556
7 0.559896 0.343056 0.007292 0.032407
7 0.548958 0.351852 0.010417 0.035185
7 0.526042 0.338426 0.006250 0.032407
7 0.522135 0.333796 0.006771 0.036111
7 0.550260 0.316667 0.005729 0.022222
7 0.533333 0.292593 0.004167 0.022222
7 0.528646 0.292130 0.003125 0.021296
7 0.527083 0.311111 0.005208 0.016667
5 0.527865 0.316667 0.006771 0.012963
7 0.487500 0.301389 0.005208 0.019444
7 0.475521 0.282870 0.004167 0.019444
7 0.485938 0.270370 0.003125 0.012963
5 0.486198 0.275926 0.004687 0.011111
7 0.470052 0.267593 0.004687 0.020370
7 0.535417 0.261574 0.004167 0.019444
7 0.515365 0.272222 0.003646 0.018519
7 0.512240 0.270833 0.002604 0.015741
7 0.509635 0.270833 0.002604 0.017593
7 0.543750 0.259722 0.002083 0.015741
8 0.548698 0.258796 0.003646 0.013889
7 0.617708 0.416667 0.006250 0.025926
1 0.618229 0.422685 0.008333 0.025000
7 0.500000 0.295370 0.005208 0.018519
5 0.500260 0.300463 0.006771 0.015741
7 0.483333 0.232407 0.004167 0.016667
7 0.492708 0.225926 0.003125 0.016667
7 0.397135 0.347685 0.007812 0.036111
3 0.412500 0.285185 0.015625 0.022222
3 0.403646 0.263426 0.013542 0.017593
3 0.411198 0.240278 0.011979 0.015741
3 0.406510 0.225000 0.010937 0.012963
3 0.392708 0.307407 0.016667 0.022222
3 0.387500 0.284259 0.015625 0.024074
3 0.384635 0.262500 0.011979 0.015741
3 0.398698 0.249074 0.013021 0.018519
3 0.379427 0.240278 0.011979 0.015741
3 0.394531 0.236574 0.010937 0.015741
3 0.378906 0.229630 0.010937 0.014815
3 0.390104 0.227315 0.009375 0.015741
3 0.371354 0.221759 0.009375 0.013889
3 0.355990 0.218056 0.009896 0.013889
3 0.404687 0.212963 0.008333 0.014815
3 0.385417 0.212963 0.010417 0.012963
3 0.380469 0.196759 0.007812 0.010185
4 0.423698 0.206944 0.020313 0.026852
3 0.372656 0.214815 0.009896 0.011111
3 0.370573 0.207870 0.008854 0.012037
3 0.368490 0.202778 0.007812 0.011111
3 0.366927 0.197222 0.008854 0.012963
3 0.365885 0.189352 0.006771 0.012037
3 0.393750 0.206481 0.009375 0.012963
3 0.395052 0.198148 0.006771 0.009259
3 0.394531 0.190278 0.005729 0.012037
2 0.383594 0.181481 0.015104 0.025926
3 0.365365 0.179630 0.007812 0.009259
3 0.373698 0.175463 0.006771 0.010185
7 0.248177 0.290278 0.003646 0.021296
3 0.479427 0.212963 0.013021 0.016667
3 0.476562 0.206481 0.012500 0.018519
4 0.455469 0.208796 0.026562 0.028704
4 0.494531 0.211574 0.008854 0.006481
3 0.489063 0.205556 0.008333 0.014815
7 0.454688 0.233796 0.004167 0.015741
7 0.450781 0.241204 0.003646 0.015741
4 0.443229 0.244444 0.009375 0.016667
7 0.457292 0.184259 0.003125 0.012963
7 0.460156 0.178241 0.002604 0.017593
7 0.464062 0.178704 0.003125 0.016667
4 0.268750 0.209259 0.015625 0.022222
7 0.784896 0.587500 0.009375 0.054630
7 0.774740 0.579630 0.008854 0.055556
7 0.793229 0.540741 0.007292 0.048148
7 0.784896 0.539815 0.009375 0.050000
7 0.860156 0.536111 0.007812 0.040741
7 0.867448 0.533796 0.005729 0.047222
7 0.873437 0.529630 0.006250 0.038889
7 0.879948 0.529167 0.004687 0.036111
8 0.842448 0.590741 0.013021 0.020370
8 0.839583 0.610648 0.013542 0.023148
1 0.913802 0.648611 0.011979 0.045370
7 0.905208 0.809722 0.013542 0.056481
7 0.141406 0.611574 0.009896 0.045370
6 0.122135 0.687963 0.021354 0.051852
7 0.123958 0.611574 0.009375 0.045370
7 0.121094 0.607407 0.006771 0.046296
7 0.138281 0.569444 0.008854 0.046296
7 0.122135 0.577778 0.009896 0.038889
7 0.155990 0.563426 0.009896 0.045370
7 0.101562 0.613889 0.012500 0.050000
4 0.152083 0.514352 0.013542 0.043519
7 0.163542 0.526389 0.007292 0.030556
7 0.180469 0.476389 0.005729 0.032407
7 0.186458 0.475000 0.004167 0.029630
7 0.133594 0.519907 0.007812 0.037963
7 0.136458 0.511111 0.008333 0.031481
7 0.031771 0.713889 0.013542 0.057407
4 0.809375 0.853704 0.061458 0.107407
4 0.861458 0.951389 0.052083 0.089815
4 0.705729 0.691204 0.030208 0.049074
4 0.730729 0.739352 0.020833 0.036111
4 0.124740 0.317130 0.024479 0.010185
7 0.123958 0.343056 0.008333 0.037963
7 0.115885 0.341667 0.006771 0.037037
7 0.146615 0.255556 0.003646 0.018519
7 0.144010 0.260185 0.002604 0.018519
7 0.117448 0.264352 0.003646 0.023148
7 0.122917 0.269444 0.005208 0.020370
7 0.099219 0.261111 0.003646 0.018519
7 0.096615 0.259722 0.003646 0.017593
4 0.060156 0.258333 0.017188 0.014815
7 0.077344 0.259259 0.004687 0.018519
1 0.078125 0.263426 0.007292 0.013889
1 0.024740 0.869444 0.041146 0.042593
1 0.033594 0.826389 0.041146 0.039815
1 0.028646 0.804630 0.041667 0.044444
7 0.095573 0.616204 0.010937 0.049074
