4 0.222396 0.699537 0.073958 0.099074
4 0.587760 0.151389 0.013021 0.026852
4 0.549740 0.157407 0.023438 0.031481
3 0.568750 0.147685 0.003125 0.008333
3 0.535937 0.185648 0.008333 0.006481
3 0.537240 0.183333 0.008854 0.005556
3 0.538802 0.181019 0.008854 0.004630
3 0.571875 0.199537 0.005208 0.008333
7 0.580990 0.200000 0.001563 0.009259
7 0.591406 0.203241 0.001563 0.008333
7 0.593229 0.203704 0.001042 0.009259
8 0.540885 0.190278 0.001563 0.004630
5 0.540885 0.193981 0.002604 0.004630
11 0.541927 0.225926 0.005729 0.012963
8 0.569010 0.208796 0.001563 0.004630
5 0.568750 0.212500 0.002083 0.004630
8 0.566406 0.220833 0.001563 0.006481
5 0.566146 0.224074 0.002083 0.005556
3 0.561979 0.229167 0.006250 0.008333
3 0.561198 0.237500 0.005729 0.010185
3 0.557813 0.243056 0.006250 0.010185
3 0.555469 0.252778 0.005729 0.009259
3 0.543229 0.241667 0.006250 0.011111
7 0.563542 0.249074 0.002083 0.011111
7 0.566146 0.253241 0.002083 0.010185
7 0.569010 0.246759 0.001563 0.008333
7 0.568229 0.240741 0.002083 0.009259
7 0.565625 0.266204 0.002083 0.012037
8 0.541406 0.251852 0.002604 0.005556
5 0.541667 0.255556 0.002083 0.005556
8 0.540365 0.259259 0.002604 0.005556
5 0.540365 0.261574 0.002604 0.008333
7 0.552865 0.278704 0.002604 0.012963
8 0.558073 0.273611 0.002604 0.006481
5 0.557813 0.279167 0.002083 0.006481
7 0.557292 0.285648 0.002083 0.012037
9 0.568750 0.291204 0.006250 0.013889
7 0.562240 0.295370 0.001563 0.011111
8 0.562500 0.290741 0.003125 0.012963
7 0.527604 0.262963 0.002083 0.011111
3 0.524740 0.269907 0.008854 0.013889
7 0.525260 0.277315 0.001563 0.012037
8 0.536458 0.268519 0.002083 0.007407
5 0.536458 0.273148 0.002083 0.007407
8 0.535677 0.278704 0.001563 0.007407
5 0.535937 0.282870 0.002083 0.008333
3 0.570573 0.310648 0.009896 0.019444
3 0.552083 0.336111 0.009375 0.016667
3 0.541406 0.319907 0.008854 0.017593
11 0.436979 0.316204 0.014583 0.015741
3 0.453646 0.319444 0.014583 0.012963
3 0.453385 0.304630 0.016146 0.014815
3 0.433333 0.302315 0.013542 0.013889
3 0.477865 0.216204 0.013021 0.010185
5 0.567708 0.342593 0.007292 0.009259
5 0.561979 0.360648 0.006250 0.012037
8 0.550781 0.359259 0.003646 0.009259
5 0.549740 0.366204 0.003646 0.012037
8 0.541146 0.336574 0.003125 0.008333
5 0.541146 0.338426 0.004167 0.017593
8 0.537240 0.347685 0.002604 0.008333
5 0.537500 0.352315 0.002083 0.010185
8 0.533854 0.334722 0.003125 0.008333
8 0.533333 0.338426 0.004167 0.010185
5 0.533333 0.341204 0.002083 0.010185
8 0.524479 0.325000 0.002083 0.007407
5 0.523958 0.329167 0.003125 0.012037
3 0.503906 0.328704 0.010937 0.018519
7 0.502604 0.340278 0.003125 0.013889
8 0.501042 0.343519 0.002083 0.007407
5 0.501302 0.347222 0.002604 0.011111
8 0.514844 0.354167 0.002604 0.008333
9 0.514844 0.358333 0.006771 0.012963
8 0.516406 0.362037 0.002604 0.011111
5 0.516146 0.368519 0.004167 0.009259
7 0.505208 0.365741 0.003125 0.016667
9 0.499219 0.368519 0.005729 0.016667
0 0.489063 0.366667 0.009375 0.020370
3 0.488542 0.387037 0.011458 0.018519
3 0.513542 0.394907 0.012500 0.025000
11 0.458073 0.398148 0.022396 0.025926
11 0.483594 0.419907 0.014063 0.030556
7 0.561458 0.377315 0.003125 0.017593
0 0.554167 0.392593 0.007292 0.020370
8 0.533333 0.402778 0.003125 0.009259
8 0.532813 0.408333 0.002083 0.009259
5 0.533073 0.411574 0.003646 0.013889
8 0.539062 0.428704 0.003125 0.009259
8 0.539062 0.425000 0.003125 0.011111
5 0.539323 0.432407 0.002604 0.014815
3 0.549740 0.416667 0.014063 0.024074
8 0.543229 0.447222 0.003125 0.011111
8 0.542448 0.443981 0.003646 0.012037
5 0.542708 0.452315 0.004167 0.013889
5 0.600781 0.484259 0.013021 0.018519
7 0.539583 0.481019 0.005208 0.025000
8 0.531771 0.455093 0.004167 0.013889
5 0.531771 0.463426 0.004167 0.015741
8 0.527083 0.448611 0.003125 0.008333
8 0.527344 0.443519 0.003646 0.011111
5 0.527865 0.452778 0.002604 0.012963
8 0.520573 0.466204 0.004687 0.012037
5 0.520052 0.468519 0.005729 0.022222
3 0.545312 0.520370 0.018750 0.033333
9 0.458594 0.459259 0.007812 0.018519
5 0.453906 0.474074 0.009896 0.014815
5 0.443229 0.500926 0.008333 0.016667
3 0.430729 0.565278 0.018750 0.039815
3 0.410938 0.618519 0.020833 0.038889
11 0.368229 0.607870 0.023958 0.045370
7 0.444531 0.558796 0.004687 0.026852
8 0.492708 0.462500 0.004167 0.012037
5 0.492188 0.471759 0.003125 0.013889
8 0.510938 0.502778 0.004167 0.016667
5 0.510677 0.511574 0.003646 0.015741
8 0.480469 0.477315 0.005729 0.015741
5 0.479948 0.482407 0.005729 0.018519
8 0.482812 0.498148 0.004167 0.014815
5 0.482812 0.506481 0.004167 0.020370
8 0.508854 0.593056 0.005208 0.019444
8 0.511458 0.594907 0.003125 0.019444
5 0.508594 0.603241 0.005729 0.019444
8 0.485938 0.700463 0.010417 0.025000
5 0.485938 0.710648 0.013542 0.034259
8 0.512760 0.697685 0.006771 0.019444
8 0.512500 0.691204 0.006250 0.019444
5 0.513021 0.701389 0.007292 0.025000
8 0.492969 0.739815 0.010937 0.035185
8 0.492188 0.737500 0.007292 0.019444
5 0.492188 0.748148 0.007292 0.029630
7 0.391927 0.746296 0.006771 0.038889
7 0.400781 0.750926 0.007812 0.040741
3 0.381771 0.714815 0.034375 0.066667
3 0.322135 0.711574 0.024479 0.041667
9 0.365365 0.777778 0.017188 0.057407
8 0.418490 0.745833 0.005729 0.025000
5 0.418229 0.762037 0.008333 0.029630
8 0.462760 0.792130 0.007812 0.025000
8 0.463021 0.785185 0.008333 0.018519
8 0.464844 0.786574 0.007812 0.034259
5 0.463542 0.797222 0.009375 0.033333
8 0.398958 0.825463 0.008333 0.030556
8 0.400521 0.821296 0.006250 0.027778
5 0.399479 0.842593 0.011458 0.029630
5 0.282031 0.594444 0.018229 0.025926
8 0.246094 0.581481 0.007812 0.022222
7 0.137240 0.748611 0.011979 0.043519
8 0.142969 0.820370 0.013021 0.025926
8 0.129427 0.824537 0.013021 0.032407
8 0.094010 0.884722 0.010937 0.026852
8 0.077344 0.908333 0.008854 0.024074
8 0.065104 0.904167 0.012500 0.028704
8 0.046094 0.951389 0.016146 0.030556
8 0.057813 0.959722 0.011458 0.021296
8 0.042969 0.980556 0.013021 0.025926
8 0.030208 0.975926 0.008333 0.031481
8 0.022396 0.992130 0.008333 0.013889
8 0.010677 0.989352 0.009896 0.015741
1 0.008854 0.937963 0.017708 0.020370
5 0.055208 0.861111 0.012500 0.040741
3 0.336719 0.866204 0.044271 0.089815
3 0.306250 0.954630 0.047917 0.088889
7 0.327604 0.970833 0.011458 0.043519
7 0.304167 0.989352 0.008333 0.019444
3 0.521354 0.950463 0.035417 0.097222
3 0.461458 0.980093 0.034375 0.037963
7 0.477344 0.988889 0.010937 0.016667
8 0.359896 0.978241 0.014583 0.028704
5 0.359115 0.989352 0.015104 0.019444
8 0.358594 0.931481 0.009896 0.025926
8 0.360417 0.925463 0.010417 0.032407
5 0.357292 0.950926 0.015625 0.048148
5 0.590885 0.917593 0.021354 0.033333
5 0.558333 0.921759 0.020833 0.037963
