5 0.830882 0.977124 0.039706 0.043137
3 0.607721 0.673856 0.055147 0.121569
5 0.693750 0.604575 0.031618 0.037908
1 0.674265 0.471242 0.026471 0.030065
5 0.659191 0.414379 0.018382 0.036601
3 0.581250 0.435294 0.036029 0.075817
3 0.545221 0.342484 0.027206 0.049673
3 0.546691 0.284967 0.025735 0.052288
7 0.526103 0.239216 0.006618 0.036601
7 0.580515 0.214379 0.006618 0.033987
3 0.568750 0.167974 0.022794 0.035294
3 0.533088 0.153595 0.017647 0.030065
3 0.551471 0.126797 0.017647 0.028758
7 0.552206 0.102614 0.002941 0.024837
7 0.544118 0.108497 0.002941 0.026144
5 0.568750 0.116993 0.013971 0.014379
5 0.549632 0.083660 0.016912 0.015686
3 0.511765 0.073203 0.013235 0.026144
3 0.511765 0.058824 0.013235 0.020915
3 0.507721 0.048366 0.013971 0.023529
7 0.519118 0.037255 0.002941 0.014379
0 0.518382 0.035294 0.019118 0.020915
3 0.504779 0.016340 0.009559 0.016993
5 0.518382 0.009150 0.008824 0.010458
3 0.475000 0.026144 0.010294 0.018301
3 0.450368 0.014379 0.011029 0.020915
7 0.154044 0.815033 0.018382 0.071895
3 0.113603 0.688235 0.116912 0.098039
3 0.052206 0.554248 0.091176 0.073203
11 0.417647 0.015033 0.020588 0.024837
3 0.419118 0.026797 0.023529 0.022222
10 0.398162 0.032026 0.040441 0.030065
3 0.411765 0.045098 0.029412 0.019608
3 0.424632 0.054902 0.025735 0.023529
3 0.410294 0.064052 0.026471 0.020915
3 0.408824 0.071895 0.033824 0.023529
3 0.376103 0.076471 0.019853 0.035294
3 0.403309 0.107843 0.038971 0.024837
7 0.423897 0.118954 0.003676 0.026144
11 0.393382 0.125490 0.041176 0.039216
5 0.350368 0.142484 0.015441 0.015686
11 0.387132 0.182353 0.036029 0.040523
3 0.371691 0.263399 0.058088 0.045752
3 0.302206 0.286275 0.055882 0.047059
3 0.318750 0.216993 0.050735 0.039216
3 0.310294 0.238562 0.052941 0.035294
3 0.320588 0.449020 0.036765 0.066667
3 0.279412 0.422222 0.038235 0.062745
5 0.271324 0.343791 0.013235 0.033987
3 0.235294 0.435294 0.039706 0.067974
7 0.276471 0.515686 0.013235 0.050980
1 0.501838 0.305882 0.006618 0.033987
8 0.502574 0.296078 0.006618 0.035294
5 0.430882 0.224837 0.005882 0.031373
8 0.430515 0.218954 0.006618 0.030065
5 0.435662 0.333333 0.008088 0.031373
8 0.436397 0.322222 0.008088 0.030065
3 0.156250 0.430065 0.065441 0.065359
5 0.336397 0.750980 0.019853 0.061438
8 0.335662 0.733987 0.013971 0.050980
