10 0.570221 0.949020 0.049265 0.099346
3 0.674265 0.869281 0.077941 0.062745
5 0.731985 0.905882 0.012500 0.049673
11 0.577206 0.800654 0.058824 0.116340
3 0.628676 0.737908 0.069118 0.053595
3 0.486029 0.884967 0.029412 0.096732
3 0.408088 0.774510 0.029412 0.098039
10 0.565809 0.659477 0.043382 0.124183
5 0.625000 0.661438 0.022059 0.023529
5 0.636029 0.614379 0.022059 0.023529
5 0.620588 0.582353 0.013235 0.027451
5 0.627941 0.564052 0.019118 0.022222
3 0.497426 0.588235 0.024265 0.062745
10 0.601471 0.462092 0.063235 0.056209
3 0.592647 0.437908 0.042647 0.023529
3 0.582721 0.418954 0.041912 0.032680
3 0.678676 0.384314 0.019118 0.039216
3 0.505882 0.441830 0.020588 0.044444
3 0.598529 0.392157 0.042647 0.036601
3 0.569485 0.372549 0.040441 0.031373
11 0.593015 0.351634 0.046324 0.039216
3 0.601471 0.336601 0.038235 0.030065
3 0.629412 0.320915 0.039706 0.030065
7 0.688971 0.308497 0.007353 0.026144
3 0.584926 0.322222 0.040441 0.027451
3 0.591176 0.300654 0.041176 0.033987
3 0.572794 0.287582 0.036765 0.026144
3 0.580882 0.273856 0.038235 0.027451
3 0.592647 0.258170 0.035294 0.027451
3 0.585662 0.244444 0.040441 0.026144
3 0.592647 0.229412 0.036765 0.027451
5 0.673529 0.220915 0.010294 0.015686
3 0.665074 0.186928 0.013971 0.031373
11 0.645221 0.180392 0.015441 0.028758
3 0.601103 0.195425 0.034559 0.022222
3 0.598529 0.181699 0.032353 0.020915
9 0.686765 0.145752 0.014706 0.019608
8 0.685662 0.143791 0.006618 0.018301
7 0.655882 0.145752 0.002941 0.019608
7 0.652206 0.143137 0.002941 0.016993
7 0.648529 0.144444 0.004412 0.016993
3 0.670588 0.124837 0.014706 0.019608
11 0.654412 0.119608 0.016176 0.024837
3 0.638603 0.125490 0.013971 0.023529
3 0.621691 0.124837 0.018382 0.024837
7 0.611397 0.125490 0.003676 0.018301
7 0.606250 0.129412 0.005147 0.018301
3 0.608088 0.156863 0.029412 0.023529
3 0.588971 0.135294 0.014706 0.024837
7 0.650368 0.096078 0.002206 0.014379
7 0.648897 0.092810 0.003676 0.015686
7 0.637868 0.105229 0.002206 0.016993
7 0.600735 0.078431 0.002941 0.018301
7 0.571324 0.109150 0.002941 0.016993
7 0.568750 0.105882 0.005147 0.018301
3 0.559191 0.152288 0.030147 0.024837
3 0.550735 0.126797 0.013235 0.018301
7 0.546691 0.109150 0.003676 0.014379
7 0.539338 0.152288 0.003676 0.016993
7 0.544853 0.095425 0.002941 0.018301
3 0.548162 0.033333 0.011029 0.019608
3 0.548529 0.018301 0.008824 0.015686
2 0.524632 0.026797 0.015441 0.045752
3 0.514706 0.091503 0.011765 0.018301
3 0.530882 0.128105 0.017647 0.023529
3 0.516912 0.168627 0.013235 0.023529
3 0.519853 0.201961 0.013235 0.022222
11 0.499265 0.184314 0.014706 0.031373
3 0.491912 0.003268 0.011765 0.006536
9 0.479412 0.006536 0.005882 0.010458
11 0.468015 0.016993 0.011029 0.020915
3 0.438603 0.005882 0.009559 0.011765
3 0.475735 0.041176 0.008824 0.019608
3 0.457721 0.045098 0.009559 0.016993
9 0.446691 0.048366 0.009559 0.013072
10 0.467279 0.074510 0.012500 0.031373
10 0.468750 0.100654 0.015441 0.036601
3 0.441176 0.090196 0.026471 0.020915
7 0.470956 0.127451 0.002206 0.016993
7 0.473897 0.137908 0.003676 0.016993
9 0.482721 0.160131 0.008088 0.019608
8 0.483088 0.159477 0.004412 0.013072
7 0.464706 0.149020 0.004412 0.020915
8 0.462132 0.154902 0.003676 0.009150
7 0.447059 0.122222 0.002941 0.016993
7 0.442279 0.120261 0.005147 0.020915
5 0.463971 0.174510 0.004412 0.016993
5 0.413235 0.229412 0.014706 0.014379
1 0.418382 0.190196 0.010294 0.011765
5 0.422426 0.181699 0.009559 0.013072
1 0.420221 0.168627 0.011029 0.010458
7 0.435662 0.177124 0.002206 0.016993
7 0.458456 0.196078 0.002206 0.020915
7 0.462500 0.193464 0.002941 0.015686
3 0.469485 0.205229 0.016912 0.028758
7 0.433824 0.270588 0.004412 0.026144
11 0.442279 0.275163 0.019853 0.043137
3 0.476471 0.328105 0.017647 0.041830
7 0.406250 0.275163 0.003676 0.016993
7 0.400735 0.303268 0.004412 0.018301
11 0.416912 0.301307 0.035294 0.037908
3 0.425368 0.354248 0.015441 0.041830
3 0.389338 0.361438 0.043382 0.035294
3 0.385662 0.403268 0.040441 0.032680
11 0.421324 0.417647 0.029412 0.064052
7 0.433824 0.389542 0.004412 0.018301
7 0.427941 0.388889 0.004412 0.019608
9 0.362500 0.533987 0.013235 0.043137
3 0.968750 0.283660 0.034559 0.039216
3 0.912868 0.283007 0.021324 0.040523
3 0.918382 0.360131 0.042647 0.037908
3 0.881985 0.387582 0.047794 0.043137
3 0.774632 0.383007 0.037500 0.039216
3 0.847794 0.445752 0.020588 0.047059
3 0.875000 0.450980 0.022059 0.041830
1 0.937868 0.341830 0.011029 0.016993
11 0.991176 0.435294 0.016176 0.028758
