7 0.241667 0.507407 0.007292 0.035185
7 0.204687 0.518981 0.010417 0.039815
8 0.175781 0.525000 0.010937 0.031481
4 0.011719 0.608796 0.023438 0.047222
1 0.030469 0.605556 0.029687 0.040741
1 0.022917 0.599537 0.026042 0.039815
1 0.036198 0.600000 0.030729 0.035185
1 0.039583 0.591204 0.027083 0.039815
1 0.053385 0.588889 0.024479 0.044444
1 0.056250 0.589352 0.023958 0.037963
1 0.065365 0.584722 0.025521 0.037963
1 0.066927 0.581944 0.023438 0.037963
1 0.074479 0.580556 0.023958 0.037037
1 0.078646 0.577315 0.025000 0.039815
1 0.081771 0.575926 0.025000 0.035185
1 0.087500 0.575000 0.023958 0.037037
1 0.090365 0.573611 0.024479 0.036111
1 0.109896 0.569444 0.021875 0.042593
1 0.117969 0.566667 0.021354 0.037037
1 0.125781 0.564352 0.023438 0.036111
1 0.134115 0.561574 0.022396 0.036111
1 0.137240 0.560185 0.021354 0.033333
1 0.145313 0.558333 0.020833 0.033333
1 0.146875 0.557870 0.023958 0.032407
1 0.160677 0.551852 0.024479 0.029630
1 0.175000 0.537500 0.016667 0.028704
1 0.217188 0.529630 0.019792 0.029630
1 0.224479 0.528704 0.016667 0.029630
1 0.203125 0.528241 0.012500 0.023148
3 0.201302 0.597222 0.073438 0.062963
3 0.087500 0.647222 0.100000 0.077778
3 0.016406 0.689815 0.032813 0.068519
3 0.013542 0.738889 0.027083 0.068519
3 0.095573 0.720370 0.132812 0.120370
4 0.401823 0.470833 0.041146 0.026852
4 0.690885 0.390278 0.038021 0.028704
4 0.599219 0.406481 0.015104 0.016667
4 0.536458 0.407870 0.041667 0.030556
4 0.504427 0.426852 0.008854 0.018519
4 0.601042 0.723611 0.052083 0.054630
4 0.636719 0.394907 0.035937 0.021296
8 0.253646 0.445833 0.006250 0.017593
7 0.271615 0.457407 0.011979 0.031481
7 0.280990 0.449537 0.006771 0.030556
7 0.014063 0.962963 0.022917 0.072222
7 0.057292 0.965278 0.023958 0.067593
7 0.054948 0.943056 0.024479 0.091667
7 0.106510 0.955556 0.026562 0.087037
7 0.217969 0.961574 0.024479 0.075000
7 0.298958 0.968981 0.023958 0.060185
7 0.312500 0.956481 0.021875 0.085185
7 0.333854 0.969444 0.021875 0.059259
8 0.355990 0.954630 0.026562 0.088889
1 0.354687 0.973148 0.022917 0.051852
7 0.531250 0.963426 0.014583 0.071296
7 0.625000 0.969444 0.020833 0.059259
7 0.631510 0.951389 0.018229 0.095370
7 0.627083 0.954630 0.017708 0.088889
7 0.527865 0.936574 0.018229 0.115741
7 0.536979 0.911574 0.016667 0.100926
7 0.635417 0.843981 0.021875 0.099074
1 0.388542 0.938426 0.021875 0.089815
8 0.392448 0.922685 0.029687 0.100926
1 0.408594 0.900926 0.022396 0.092593
8 0.409635 0.882870 0.021354 0.110185
1 0.446615 0.909259 0.031771 0.087037
8 0.448177 0.892593 0.023438 0.109259
1 0.496615 0.916204 0.019271 0.084259
1 0.647917 0.813426 0.050000 0.060185
1 0.545573 0.862963 0.051562 0.061111
1 0.549479 0.849074 0.048958 0.050000
1 0.566927 0.827778 0.050521 0.066667
1 0.564323 0.804167 0.047396 0.056481
1 0.584896 0.800000 0.044792 0.064815
1 0.576302 0.783333 0.043229 0.066667
1 0.581510 0.771296 0.042188 0.059259
1 0.588542 0.750000 0.046875 0.050000
1 0.619531 0.681019 0.038021 0.047222
7 0.597917 0.692130 0.015625 0.073148
7 0.608333 0.743519 0.016667 0.075926
7 0.609115 0.793056 0.011979 0.089815
7 0.957292 0.960185 0.026042 0.077778
7 0.986198 0.938889 0.026562 0.116667
7 0.829688 0.774074 0.017708 0.094444
7 0.827865 0.764352 0.020313 0.089815
7 0.650000 0.806481 0.019792 0.094444
7 0.807552 0.641667 0.014063 0.072222
7 0.800521 0.618981 0.012500 0.054630
8 0.990625 0.453704 0.017708 0.062963
8 0.956250 0.441204 0.016667 0.041667
8 0.897917 0.443056 0.030208 0.050926
8 0.871615 0.439815 0.023438 0.064815
8 0.745573 0.418981 0.020313 0.041667
8 0.735938 0.414815 0.013542 0.046296
8 0.777344 0.427778 0.018229 0.059259
8 0.918490 0.420370 0.021354 0.044444
8 0.970833 0.428704 0.020833 0.042593
8 0.940365 0.425000 0.019271 0.044444
3 0.490104 0.797222 0.088542 0.120370
3 0.542708 0.714352 0.064583 0.084259
3 0.577083 0.663889 0.051042 0.064815
3 0.592708 0.621759 0.046875 0.054630
3 0.611458 0.596296 0.038542 0.053704
3 0.628125 0.571759 0.033333 0.047222
3 0.636458 0.548148 0.030208 0.042593
3 0.645052 0.536111 0.027604 0.042593
3 0.654948 0.521759 0.023438 0.034259
3 0.660937 0.509259 0.021875 0.035185
3 0.669010 0.499074 0.020313 0.029630
3 0.674219 0.488889 0.021354 0.029630
3 0.677865 0.478241 0.018229 0.025000
3 0.681771 0.470833 0.019792 0.026852
3 0.687760 0.466204 0.015104 0.026852
3 0.691146 0.460648 0.014583 0.023148
3 0.694792 0.449074 0.015625 0.022222
3 0.699479 0.443519 0.013542 0.020370
7 0.650521 0.577315 0.010417 0.049074
1 0.670573 0.534259 0.006771 0.020370
1 0.681510 0.519907 0.010937 0.023148
1 0.703125 0.500926 0.010417 0.020370
1 0.705990 0.497222 0.007812 0.022222
7 0.699219 0.530093 0.007812 0.030556
5 0.696615 0.560185 0.015104 0.038889
7 0.696615 0.516667 0.006771 0.035185
7 0.689063 0.517130 0.006250 0.034259
8 0.709375 0.506481 0.008333 0.016667
8 0.710677 0.503241 0.006771 0.015741
7 0.703125 0.475926 0.005208 0.025926
4 0.711458 0.458333 0.009375 0.018519
8 0.688542 0.430093 0.003125 0.017593
1 0.688542 0.433333 0.004167 0.012963
3 0.613281 0.529630 0.029687 0.035185
3 0.611198 0.493519 0.024479 0.027778
3 0.623177 0.475463 0.020313 0.025000
3 0.633594 0.467593 0.017188 0.022222
3 0.626042 0.457870 0.022917 0.017593
3 0.650521 0.451852 0.016667 0.020370
3 0.660677 0.467130 0.017188 0.026852
3 0.668229 0.460185 0.015625 0.024074
3 0.671094 0.430093 0.010937 0.017593
3 0.663281 0.440278 0.013021 0.017593
3 0.655729 0.427315 0.011458 0.017593
3 0.649219 0.433796 0.013021 0.017593
3 0.644271 0.438426 0.013542 0.017593
3 0.639062 0.443519 0.013542 0.016667
11 0.630208 0.444444 0.015625 0.020370
3 0.621094 0.454167 0.015104 0.021296
3 0.605729 0.467593 0.017708 0.024074
3 0.593229 0.476852 0.022917 0.027778
3 0.574740 0.497685 0.026562 0.034259
3 0.527344 0.542593 0.033854 0.038889
4 0.700260 0.415741 0.017188 0.020370
8 0.689063 0.412963 0.003125 0.009259
5 0.689063 0.415741 0.003125 0.009259
3 0.665885 0.400463 0.007812 0.010185
3 0.657552 0.399537 0.006771 0.010185
3 0.498698 0.532870 0.025521 0.036111
3 0.505469 0.516204 0.033854 0.034259
3 0.525000 0.504630 0.028125 0.031481
3 0.546615 0.492593 0.024479 0.027778
3 0.580208 0.467593 0.015625 0.022222
11 0.558333 0.478704 0.023958 0.033333
11 0.570833 0.468056 0.021875 0.030556
3 0.590104 0.458333 0.016667 0.018519
3 0.600781 0.452315 0.017188 0.019444
3 0.607292 0.447685 0.017708 0.021296
3 0.616146 0.441667 0.015625 0.020370
3 0.626823 0.433333 0.015104 0.018519
3 0.632031 0.430556 0.011979 0.016667
3 0.638802 0.427315 0.013021 0.015741
3 0.640104 0.412500 0.011458 0.012037
3 0.627865 0.420833 0.011979 0.015741
3 0.610677 0.417130 0.009896 0.019444
11 0.572917 0.391204 0.011458 0.012037
11 0.583073 0.394444 0.014063 0.012963
3 0.600260 0.396296 0.014063 0.011111
3 0.605990 0.394444 0.020313 0.011111
1 0.589844 0.422685 0.003646 0.012037
8 0.589063 0.417130 0.003125 0.008333
5 0.583594 0.421296 0.003646 0.011111
8 0.583333 0.417593 0.003125 0.012963
3 0.560677 0.448611 0.016146 0.019444
3 0.539323 0.464815 0.022396 0.027778
3 0.573438 0.420370 0.014583 0.016667
3 0.563021 0.426852 0.012500 0.014815
11 0.557813 0.419444 0.015625 0.020370
5 0.548698 0.439352 0.003646 0.013889
8 0.549219 0.436574 0.004687 0.015741
3 0.622656 0.413426 0.009896 0.013889
11 0.601042 0.432407 0.015625 0.022222
11 0.598437 0.425926 0.013542 0.018519
3 0.533333 0.448148 0.019792 0.020370
3 0.538281 0.429167 0.014063 0.015741
1 0.574740 0.429167 0.003646 0.008333
8 0.575000 0.421759 0.003125 0.010185
3 0.526823 0.433333 0.013021 0.016667
3 0.514323 0.456019 0.021354 0.023148
3 0.515104 0.437037 0.016667 0.020370
3 0.495312 0.441204 0.016667 0.017593
3 0.489063 0.473148 0.030208 0.027778
3 0.461198 0.479167 0.023438 0.032407
3 0.442969 0.490741 0.030729 0.031481
3 0.420052 0.484722 0.032813 0.028704
3 0.407552 0.502778 0.033854 0.035185
3 0.366406 0.518519 0.041146 0.037037
3 0.327604 0.537500 0.046875 0.043519
11 0.297917 0.602315 0.064583 0.086111
3 0.275260 0.559722 0.056771 0.050926
3 0.265104 0.526852 0.046875 0.038889
3 0.223177 0.656481 0.084896 0.085185
3 0.338542 0.500926 0.038542 0.033333
1 0.309115 0.501389 0.018229 0.023148
1 0.380729 0.479630 0.012500 0.016667
1 0.376823 0.481481 0.011979 0.016667
1 0.371875 0.481019 0.013542 0.019444
1 0.366667 0.478704 0.012500 0.018519
1 0.365104 0.483796 0.013542 0.017593
1 0.362500 0.486111 0.013542 0.016667
1 0.358594 0.486574 0.011979 0.017593
3 0.435937 0.463889 0.026042 0.027778
3 0.460938 0.548611 0.040625 0.047222
7 0.650000 0.491204 0.005208 0.032407
8 0.629948 0.494907 0.006771 0.021296
8 0.588542 0.531481 0.007292 0.035185
8 0.615365 0.506019 0.007812 0.023148
8 0.599479 0.512037 0.008333 0.025926
8 0.583073 0.539815 0.007812 0.029630
8 0.566667 0.536111 0.007292 0.037037
1 0.566146 0.543519 0.007292 0.029630
1 0.582292 0.547222 0.007292 0.029630
1 0.588542 0.540741 0.007292 0.029630
5 0.598698 0.518056 0.006771 0.023148
5 0.630208 0.502315 0.007292 0.019444
8 0.648438 0.461574 0.005208 0.017593
1 0.648698 0.469907 0.004687 0.017593
7 0.475260 0.437037 0.003646 0.024074
7 0.483594 0.423611 0.004687 0.019444
8 0.466406 0.462500 0.005729 0.017593
5 0.467187 0.468056 0.005208 0.013889
8 0.444792 0.466204 0.005208 0.019444
5 0.444792 0.472685 0.006250 0.013889
1 0.466406 0.453241 0.010937 0.013889
3 0.485417 0.452315 0.021875 0.023148
8 0.480729 0.453241 0.004167 0.019444
8 0.464844 0.444907 0.003646 0.013889
7 0.417708 0.410185 0.004167 0.016667
7 0.318229 0.475463 0.004167 0.026852
7 0.378646 0.468981 0.004167 0.021296
7 0.355469 0.432870 0.003646 0.025000
7 0.347656 0.436111 0.004687 0.025926
7 0.450781 0.406019 0.002604 0.013889
8 0.266927 0.437500 0.005729 0.013889
