8 0.049632 0.201307 0.011029 0.026144
7 0.042647 0.177778 0.010294 0.041830
6 0.039706 0.207843 0.013235 0.031373
8 0.218015 0.325490 0.012500 0.044444
8 0.210294 0.318301 0.014706 0.048366
5 0.210662 0.336601 0.024265 0.043137
7 0.358824 0.301961 0.011765 0.065359
7 0.469853 0.375817 0.008824 0.045752
7 0.462132 0.361438 0.009559 0.069281
7 0.470956 0.352288 0.015441 0.061438
8 0.447426 0.364706 0.009559 0.023529
6 0.451103 0.367320 0.018382 0.049673
3 0.369118 0.691503 0.210294 0.151634
8 0.375368 0.686275 0.019853 0.039216
8 0.986765 0.420915 0.014706 0.036601
9 0.985294 0.436601 0.026471 0.091503
3 0.940074 0.379085 0.072794 0.091503
3 0.882353 0.330719 0.067647 0.096732
3 0.984926 0.321569 0.028676 0.075817
7 0.841544 0.195425 0.009559 0.040523
7 0.831618 0.187582 0.007353 0.037908
7 0.829779 0.193464 0.006618 0.041830
7 0.822794 0.195425 0.007353 0.032680
5 0.808824 0.185621 0.010294 0.026144
3 0.670956 0.181046 0.040441 0.035294
7 0.697794 0.136601 0.007353 0.037908
3 0.754779 0.134641 0.056618 0.031373
3 0.768382 0.118954 0.052941 0.028758
11 0.795956 0.109804 0.046324 0.026144
8 0.706985 0.121569 0.008088 0.015686
7 0.711397 0.085621 0.006618 0.024837
7 0.719485 0.092810 0.003676 0.023529
8 0.707353 0.105882 0.007353 0.018301
11 0.841176 0.089542 0.025000 0.030065
3 0.863603 0.081046 0.019853 0.023529
7 0.877941 0.078431 0.004412 0.018301
3 0.854044 0.041830 0.025735 0.020915
7 0.853676 0.041176 0.002941 0.022222
7 0.849632 0.041830 0.003676 0.018301
5 0.848897 0.057516 0.011029 0.010458
5 0.841912 0.059477 0.013235 0.014379
5 0.818750 0.073203 0.013971 0.015686
