11 0.466146 0.419444 0.026042 0.064815
7 0.375521 0.888889 0.013542 0.107407
7 0.510938 0.931481 0.026042 0.133333
7 0.350521 0.700926 0.019792 0.101852
7 0.427083 0.808333 0.022917 0.061111
5 0.425521 0.838889 0.032292 0.129630
5 0.553125 0.939815 0.045833 0.109259
7 0.403125 0.641667 0.014583 0.075926
4 0.494792 0.226852 0.087500 0.109259
7 0.142187 0.737037 0.019792 0.103704
11 0.554688 0.309259 0.038542 0.037037
11 0.575000 0.301852 0.037500 0.037037
11 0.413021 0.342593 0.021875 0.040741
10 0.479167 0.307407 0.016667 0.037037
10 0.569271 0.275000 0.048958 0.042593
9 0.595833 0.625926 0.070833 0.088889
9 0.757812 0.545370 0.030208 0.087037
9 0.688542 0.538889 0.054167 0.070370
9 0.361458 0.449074 0.056250 0.050000
11 0.370312 0.399074 0.061458 0.046296
3 0.315104 0.370370 0.053125 0.044444
9 0.326042 0.624074 0.083333 0.051852
5 0.619271 0.757407 0.048958 0.051852
7 0.617188 0.738889 0.019792 0.066667
7 0.602604 0.736111 0.009375 0.050000
5 0.801562 0.514815 0.048958 0.051852
5 0.615625 0.345370 0.031250 0.024074
9 0.502604 0.328704 0.009375 0.031481
1 0.423438 0.487037 0.011458 0.040741
7 0.423958 0.473148 0.008333 0.046296
7 0.382292 0.370370 0.006250 0.029630
5 0.356771 0.715741 0.034375 0.053704
8 0.352604 0.608333 0.015625 0.038889
1 0.345833 0.530556 0.039583 0.031481
1 0.358333 0.499074 0.039583 0.031481
1 0.348958 0.569444 0.039583 0.031481
5 0.131250 0.950926 0.060417 0.094444
5 0.326042 0.784259 0.043750 0.068519
7 0.325521 0.758333 0.019792 0.101852
5 0.131250 0.573148 0.031250 0.042593
5 0.213542 0.619444 0.039583 0.038889
7 0.445312 0.359259 0.005208 0.022222
7 0.447917 0.309259 0.004167 0.014815
7 0.480729 0.330556 0.005208 0.016667
7 0.515104 0.331481 0.005208 0.022222
9 0.507812 0.301852 0.009375 0.022222
9 0.520833 0.309259 0.006250 0.014815
5 0.605208 0.358333 0.031250 0.024074
5 0.598958 0.371296 0.022917 0.020370
7 0.554688 0.620370 0.013542 0.051852
7 0.691146 0.834259 0.023958 0.072222
10 0.881771 0.751852 0.136458 0.237037
5 0.728125 0.496296 0.020833 0.025926
7 0.704167 0.493519 0.010417 0.038889
8 0.575521 0.403704 0.011458 0.040741
