5 0.426471 0.927451 0.013235 0.053595
9 0.545956 0.898039 0.031618 0.112418
5 0.504044 0.590196 0.012500 0.048366
5 0.577206 0.560131 0.011765 0.048366
5 0.575735 0.521569 0.011765 0.041830
7 0.631985 0.594118 0.011029 0.043137
8 0.426471 0.909804 0.017647 0.044444
8 0.552941 0.900000 0.017647 0.053595
5 0.626838 0.924183 0.021324 0.078431
7 0.702941 0.805229 0.013235 0.054902
5 0.683456 0.634641 0.022794 0.040523
1 0.662500 0.622876 0.027941 0.035294
8 0.655882 0.617647 0.007353 0.024837
7 0.661765 0.608497 0.008824 0.045752
7 0.401838 0.518301 0.011029 0.037908
7 0.369853 0.383660 0.008824 0.043137
3 0.126838 0.254902 0.065441 0.052288
5 0.138235 0.185621 0.022059 0.028758
3 0.201471 0.125490 0.050000 0.033987
10 0.400735 0.186928 0.032353 0.075817
3 0.432353 0.087582 0.033824 0.041830
3 0.492647 0.055556 0.017647 0.032680
7 0.415441 0.054248 0.007353 0.027451
11 0.416176 0.031373 0.016176 0.044444
7 0.568750 0.400654 0.008088 0.045752
11 0.536397 0.271242 0.024265 0.064052
5 0.500368 0.235294 0.008088 0.031373
8 0.500000 0.229412 0.005882 0.030065
7 0.524265 0.111111 0.007353 0.031373
7 0.536397 0.294118 0.008088 0.041830
5 0.522059 0.111765 0.017647 0.024837
7 0.524632 0.081699 0.005147 0.027451
5 0.588971 0.133333 0.005882 0.026144
5 0.514338 0.088235 0.006618 0.022222
8 0.512868 0.083007 0.008088 0.027451
3 0.540074 0.033333 0.021324 0.030065
5 0.583824 0.199346 0.010294 0.027451
7 0.584926 0.190196 0.005147 0.027451
