4 0.458333 0.342593 0.079167 0.107407
3 0.319792 0.939815 0.085417 0.094444
3 0.081250 0.895370 0.097917 0.083333
3 0.181250 0.742593 0.075000 0.062963
7 0.206250 0.962037 0.010417 0.061111
8 0.073958 0.843519 0.016667 0.031481
5 0.071875 0.856481 0.031250 0.042593
7 0.107292 0.815741 0.008333 0.053704
7 0.117708 0.816667 0.010417 0.051852
7 0.131250 0.813889 0.012500 0.053704
7 0.144792 0.810185 0.012500 0.050000
7 0.154688 0.786111 0.013542 0.046296
7 0.148438 0.855556 0.011458 0.048148
7 0.285938 0.780556 0.011458 0.050000
7 0.231250 0.838889 0.016667 0.048148
7 0.308333 0.783333 0.008333 0.044444
5 0.221354 0.830556 0.038542 0.046296
5 0.227604 0.853704 0.028125 0.037037
8 0.166146 0.839815 0.015625 0.046296
8 0.185417 0.836111 0.016667 0.042593
5 0.164583 0.850926 0.010417 0.035185
5 0.185417 0.841667 0.016667 0.031481
7 0.262500 0.661111 0.012500 0.040741
7 0.267188 0.656481 0.009375 0.042593
11 0.326562 0.635185 0.034375 0.059259
3 0.476042 0.574074 0.020833 0.040741
8 0.813021 0.863889 0.017708 0.046296
5 0.809896 0.875926 0.044792 0.048148
5 0.869271 0.880556 0.032292 0.038889
8 0.871875 0.870370 0.014583 0.044444
7 0.744271 0.800926 0.009375 0.038889
7 0.821354 0.786111 0.009375 0.042593
8 0.806771 0.830556 0.013542 0.042593
8 0.800521 0.831481 0.013542 0.044444
5 0.805729 0.841667 0.036458 0.038889
7 0.834375 0.825926 0.010417 0.051852
7 0.846354 0.804630 0.009375 0.042593
7 0.859375 0.804630 0.010417 0.038889
8 0.859375 0.833333 0.010417 0.040741
5 0.860938 0.844444 0.032292 0.040741
5 0.835938 0.716667 0.019792 0.037037
7 0.684375 0.662037 0.008333 0.035185
8 0.640104 0.772222 0.011458 0.025926
8 0.629687 0.767593 0.009375 0.027778
7 0.654687 0.709259 0.007292 0.037037
7 0.655729 0.717593 0.007292 0.027778
8 0.398958 0.900000 0.014583 0.048148
8 0.403646 0.914815 0.015625 0.040741
5 0.398438 0.912037 0.028125 0.050000
3 0.544271 0.523148 0.044792 0.035185
11 0.457292 0.410185 0.010417 0.020370
11 0.482292 0.435185 0.010417 0.025926
5 0.767188 0.769444 0.028125 0.038889
8 0.642708 0.876852 0.010417 0.053704
8 0.650521 0.875926 0.011458 0.040741
5 0.640625 0.885185 0.031250 0.033333
8 0.638021 0.847222 0.011458 0.038889
5 0.636458 0.859259 0.033333 0.037037
8 0.613542 0.832407 0.010417 0.038889
5 0.611979 0.835185 0.026042 0.033333
8 0.529167 0.770370 0.010417 0.033333
5 0.529167 0.787963 0.008333 0.031481
5 0.502083 0.715741 0.008333 0.024074
8 0.501563 0.699074 0.009375 0.027778
8 0.462500 0.690741 0.008333 0.025926
8 0.460938 0.703704 0.007292 0.018519
5 0.460938 0.705556 0.007292 0.029630
7 0.571875 0.725926 0.008333 0.033333
9 0.586458 0.741667 0.029167 0.031481
7 0.588542 0.741667 0.012500 0.035185
7 0.593229 0.659259 0.005208 0.033333
7 0.585417 0.680556 0.006250 0.042593
9 0.531771 0.675000 0.030208 0.035185
9 0.512500 0.571296 0.014583 0.027778
5 0.508333 0.547222 0.008333 0.020370
9 0.258333 0.788889 0.020833 0.059259
9 0.291667 0.780556 0.027083 0.042593
8 0.344271 0.746296 0.009375 0.029630
7 0.361979 0.720370 0.009375 0.033333
8 0.373958 0.714815 0.012500 0.018519
7 0.348958 0.730556 0.008333 0.027778
7 0.415104 0.671296 0.007292 0.035185
5 0.291667 0.659259 0.010417 0.025926
5 0.310417 0.666667 0.012500 0.029630
9 0.414062 0.637037 0.015625 0.033333
8 0.026562 0.815741 0.013542 0.035185
5 0.422917 0.575926 0.020833 0.025926
5 0.421875 0.532407 0.012500 0.024074
7 0.441667 0.499074 0.006250 0.024074
8 0.431250 0.502778 0.006250 0.012963
9 0.425000 0.510185 0.025000 0.020370
8 0.468229 0.454630 0.005208 0.016667
8 0.479167 0.471296 0.004167 0.016667
8 0.498437 0.461111 0.005208 0.014815
8 0.459375 0.453704 0.004167 0.014815
