10 0.546875 0.607407 0.054167 0.100000
10 0.457292 0.391667 0.052083 0.109259
3 0.370833 0.262037 0.012500 0.016667
3 0.393750 0.252778 0.012500 0.016667
5 0.806771 0.750926 0.019792 0.050000
8 0.807813 0.746296 0.009375 0.040741
4 0.844792 0.762963 0.022917 0.051852
5 0.655729 0.732407 0.013542 0.035185
8 0.655729 0.719444 0.009375 0.027778
8 0.656771 0.729630 0.013542 0.029630
4 0.318750 0.428704 0.010417 0.027778
7 0.697917 0.287963 0.002083 0.016667
4 0.634375 0.232407 0.004167 0.012963
4 0.705729 0.293519 0.007292 0.016667
10 0.371354 0.191667 0.011458 0.024074
3 0.358854 0.164815 0.009375 0.011111
4 0.393750 0.208333 0.004167 0.012963
10 0.353646 0.198148 0.017708 0.040741
10 0.343229 0.170370 0.013542 0.029630
4 0.341146 0.066667 0.021875 0.025926
4 0.336979 0.114815 0.028125 0.029630
11 0.317708 0.131481 0.004167 0.007407
4 0.370312 0.068519 0.013542 0.014815
4 0.305729 0.098148 0.032292 0.051852
3 0.308333 0.136111 0.006250 0.009259
4 0.311979 0.141667 0.005208 0.009259
4 0.294271 0.148148 0.009375 0.033333
4 0.301563 0.171296 0.019792 0.031481
4 0.243229 0.120370 0.013542 0.025926
4 0.069792 0.139815 0.139583 0.075926
4 0.297917 0.240741 0.008333 0.014815
3 0.302083 0.266667 0.010417 0.014815
3 0.302604 0.281481 0.011458 0.014815
3 0.303646 0.300926 0.013542 0.020370
3 0.305729 0.315741 0.013542 0.020370
4 0.316667 0.263889 0.016667 0.057407
7 0.986458 0.933333 0.014583 0.066667
