3 0.147396 0.575000 0.011458 0.038889
10 0.136979 0.679630 0.032292 0.044444
3 0.163542 0.579630 0.010417 0.040741
11 0.176563 0.587037 0.009375 0.037037
3 0.205208 0.596296 0.012500 0.044444
3 0.217708 0.576852 0.008333 0.042593
3 0.229687 0.632407 0.021875 0.016667
3 0.262500 0.637037 0.022917 0.018519
3 0.237500 0.586111 0.010417 0.046296
3 0.253125 0.589815 0.008333 0.042593
3 0.267188 0.587037 0.009375 0.044444
3 0.283854 0.600926 0.009375 0.042593
3 0.299479 0.602778 0.011458 0.042593
3 0.290625 0.562963 0.025000 0.014815
3 0.329167 0.576852 0.008333 0.042593
3 0.341146 0.608333 0.011458 0.042593
3 0.366146 0.607407 0.011458 0.048148
3 0.380729 0.595370 0.009375 0.038889
11 0.395313 0.587037 0.009375 0.044444
3 0.452604 0.592593 0.009375 0.044444
3 0.450521 0.639815 0.023958 0.016667
3 0.720833 0.902778 0.010417 0.042593
3 0.098958 0.277778 0.027083 0.018519
3 0.101562 0.510185 0.023958 0.012963
3 0.100000 0.554630 0.025000 0.016667
10 0.844271 0.145370 0.011458 0.050000
3 0.801562 0.012037 0.026042 0.016667
11 0.779167 0.043519 0.014583 0.053704
3 0.738542 0.040741 0.010417 0.040741
11 0.780208 0.124074 0.010417 0.033333
2 0.706250 0.291667 0.014583 0.068519
3 0.762500 0.419444 0.010417 0.046296
9 0.636458 0.039815 0.010417 0.009259
9 0.636979 0.052778 0.013542 0.009259
9 0.635417 0.066667 0.016667 0.011111
9 0.635938 0.080556 0.015625 0.012963
9 0.636458 0.098148 0.012500 0.011111
9 0.636979 0.113889 0.015625 0.009259
9 0.636979 0.125926 0.015625 0.011111
9 0.638021 0.139815 0.013542 0.009259
9 0.636458 0.153704 0.014583 0.007407
9 0.636979 0.165741 0.013542 0.009259
9 0.639583 0.179630 0.014583 0.011111
9 0.607812 0.129630 0.015625 0.011111
9 0.607812 0.143519 0.015625 0.009259
9 0.606771 0.153704 0.015625 0.007407
9 0.607812 0.164815 0.017708 0.011111
9 0.607812 0.176852 0.017708 0.012963
9 0.639583 0.211111 0.014583 0.011111
9 0.639062 0.222222 0.013542 0.011111
9 0.639583 0.237037 0.014583 0.007407
9 0.640104 0.248148 0.015625 0.007407
9 0.641146 0.280556 0.013542 0.009259
9 0.640625 0.296296 0.016667 0.014815
9 0.642188 0.320370 0.013542 0.011111
9 0.637500 0.403704 0.014583 0.007407
9 0.638542 0.413889 0.016667 0.009259
9 0.639062 0.425926 0.017708 0.007407
9 0.625000 0.322222 0.016667 0.007407
9 0.622917 0.294444 0.014583 0.007407
9 0.623958 0.280556 0.016667 0.009259
5 0.627604 0.266667 0.011458 0.003704
5 0.625000 0.256481 0.010417 0.005556
5 0.625000 0.247222 0.012500 0.005556
5 0.624479 0.237037 0.011458 0.007407
5 0.623958 0.228704 0.010417 0.005556
5 0.624479 0.218519 0.011458 0.003704
5 0.624479 0.209259 0.011458 0.003704
9 0.681250 0.236111 0.006250 0.035185
9 0.685417 0.297222 0.008333 0.027778
11 0.681771 0.370370 0.009375 0.044444
3 0.711458 0.548148 0.008333 0.044444
3 0.786979 0.549074 0.011458 0.042593
3 0.726042 0.678704 0.010417 0.042593
3 0.636458 0.505556 0.022917 0.018519
9 0.636458 0.528704 0.012500 0.012963
3 0.650521 0.566667 0.021875 0.014815
3 0.640625 0.596296 0.025000 0.018519
3 0.642188 0.621296 0.023958 0.016667
3 0.622396 0.712037 0.007292 0.024074
3 0.686458 0.760185 0.006250 0.024074
3 0.686979 0.788889 0.007292 0.025926
9 0.650000 0.707407 0.014583 0.011111
9 0.651042 0.718519 0.016667 0.011111
9 0.650521 0.729630 0.017708 0.007407
9 0.650000 0.740741 0.016667 0.011111
9 0.651042 0.750926 0.016667 0.009259
9 0.652604 0.769444 0.015625 0.009259
9 0.653125 0.782407 0.016667 0.012963
9 0.653646 0.795370 0.015625 0.012963
9 0.655208 0.849074 0.014583 0.012963
9 0.654687 0.860185 0.015625 0.009259
9 0.654687 0.871296 0.015625 0.009259
9 0.650000 0.819444 0.006250 0.027778
9 0.659375 0.819444 0.006250 0.024074
9 0.655729 0.884259 0.015625 0.009259
9 0.655729 0.897222 0.013542 0.009259
9 0.655208 0.907407 0.014583 0.007407
9 0.655729 0.917593 0.015625 0.009259
9 0.655729 0.927778 0.015625 0.011111
9 0.655729 0.939815 0.015625 0.005556
9 0.655208 0.950000 0.014583 0.007407
9 0.655208 0.961111 0.014583 0.011111
3 0.697396 0.987963 0.007292 0.020370
3 0.623958 0.896296 0.012500 0.011111
3 0.622917 0.884259 0.012500 0.005556
3 0.831771 0.554630 0.011458 0.042593
3 0.826042 0.332407 0.012500 0.038889
5 0.848437 0.041667 0.009375 0.009259
3 0.834896 0.919444 0.011458 0.042593
3 0.241146 0.947222 0.015625 0.016667
