7 0.868015 0.761438 0.028676 0.074510
7 0.674265 0.723529 0.027941 0.064052
7 0.809559 0.545752 0.027941 0.056209
7 0.630882 0.267974 0.008824 0.054902
7 0.491912 0.056209 0.005882 0.047059
7 0.495588 0.061438 0.010294 0.036601
7 0.513971 0.024183 0.005882 0.048366
7 0.620588 0.269281 0.011765 0.057516
7 0.512868 0.126797 0.008088 0.047059
9 0.666912 0.727451 0.051471 0.118954
9 0.730147 0.282353 0.057353 0.052288
5 0.808824 0.554248 0.035294 0.067974
1 0.868750 0.782353 0.065441 0.069281
7 0.631250 0.283660 0.009559 0.057516
3 0.669118 0.584967 0.075000 0.152941
3 0.504412 0.757516 0.089706 0.189542
3 0.451103 0.603922 0.116912 0.130719
3 0.426471 0.445752 0.123529 0.112418
3 0.353676 0.318301 0.057353 0.103268
3 0.327941 0.111765 0.086765 0.074510
3 0.285662 0.027451 0.068382 0.054902
3 0.677206 0.207190 0.079412 0.071895
3 0.709559 0.241176 0.089706 0.058824
3 0.769485 0.367974 0.069853 0.084967
1 0.323897 0.471242 0.018382 0.056209
1 0.261765 0.017647 0.052941 0.035294
3 0.515441 0.058824 0.052941 0.047059
1 0.764338 0.169281 0.022794 0.035294
