4 0.509375 0.301389 0.122917 0.045370
7 0.604948 0.961111 0.019271 0.068519
7 0.524479 0.688889 0.010417 0.040741
7 0.539323 0.642593 0.008854 0.040741
7 0.493490 0.671759 0.011979 0.030556
5 0.491927 0.682870 0.014063 0.036111
3 0.529167 0.437500 0.017708 0.023148
7 0.455208 0.415741 0.006250 0.033333
7 0.435937 0.378241 0.005208 0.025000
7 0.442448 0.406944 0.003646 0.013889
5 0.442708 0.414815 0.005208 0.022222
7 0.426302 0.471759 0.004687 0.015741
5 0.426042 0.480093 0.007292 0.021296
7 0.417708 0.453241 0.005208 0.013889
5 0.416927 0.465741 0.006771 0.020370
7 0.455208 0.335648 0.004167 0.015741
5 0.454948 0.343056 0.007812 0.015741
