4 0.587132 0.170588 0.065441 0.139869
4 0.367647 0.782353 0.035294 0.087582
3 0.213603 0.467974 0.034559 0.026144
3 0.366912 0.437908 0.036765 0.031373
3 0.456250 0.530719 0.034559 0.026144
3 0.550000 0.531373 0.036765 0.030065
11 0.320588 0.469935 0.029412 0.024837
11 0.425368 0.468627 0.030147 0.022222
9 0.440809 0.419608 0.022794 0.018301
11 0.567279 0.453595 0.031618 0.028758
3 0.498529 0.764052 0.016176 0.066667
3 0.500735 0.854902 0.014706 0.067974
3 0.523162 0.754248 0.015441 0.065359
3 0.526471 0.850327 0.017647 0.074510
3 0.662500 0.522222 0.036765 0.030065
3 0.755515 0.524837 0.038971 0.027451
3 0.787868 0.564052 0.037500 0.030065
3 0.739706 0.601307 0.035294 0.028758
3 0.832353 0.532026 0.035294 0.028758
3 0.756618 0.662092 0.027941 0.056209
3 0.777574 0.650980 0.027206 0.067974
3 0.728309 0.654248 0.031618 0.058824
11 0.713603 0.472549 0.044853 0.030065
11 0.846324 0.475163 0.030882 0.022222
3 0.437132 0.201961 0.013971 0.058824
3 0.459191 0.236601 0.015441 0.065359
3 0.457353 0.141176 0.013235 0.062745
11 0.586029 0.257516 0.026471 0.026144
7 0.502206 0.391503 0.004412 0.009150
5 0.630515 0.018301 0.012500 0.018301
3 0.577574 0.059477 0.034559 0.032680
3 0.632353 0.110458 0.013235 0.053595
3 0.639706 0.566013 0.038235 0.031373
3 0.803309 0.645752 0.024265 0.060131
3 0.826471 0.645752 0.027941 0.060131
3 0.863971 0.644444 0.035294 0.052288
4 0.312500 0.677778 0.091176 0.053595
5 0.243750 0.675163 0.006618 0.022222
3 0.575368 0.807843 0.015441 0.062745
11 0.573529 0.906536 0.014706 0.077124
3 0.501838 0.956209 0.013971 0.061438
3 0.531985 0.932680 0.022794 0.069281
3 0.988235 0.538562 0.022059 0.026144
3 0.984559 0.447712 0.026471 0.027451
3 0.875368 0.386275 0.038971 0.043137
3 0.839338 0.346405 0.034559 0.044444
3 0.870221 0.327451 0.028676 0.061438
3 0.800368 0.383007 0.030147 0.047059
3 0.916176 0.358170 0.029412 0.054902
3 0.939338 0.337908 0.028676 0.058824
3 0.972794 0.350327 0.022059 0.062745
5 0.937500 0.651634 0.010294 0.030065
5 0.714338 0.667974 0.009559 0.018301
7 0.689706 0.613725 0.005882 0.009150
5 0.811029 0.601307 0.013235 0.007843
8 0.814338 0.600000 0.005147 0.010458
3 0.405147 0.836601 0.036765 0.041830
3 0.400735 0.911765 0.036765 0.043137
5 0.448529 0.875817 0.005882 0.023529
8 0.449265 0.878431 0.004412 0.007843
7 0.786397 0.697386 0.006618 0.009150
5 0.823897 0.703922 0.011029 0.019608
5 0.826103 0.688889 0.006618 0.023529
3 0.056250 0.653595 0.027206 0.054902
3 0.103676 0.658170 0.027941 0.058824
7 0.163603 0.698039 0.009559 0.007843
5 0.120956 0.724183 0.016912 0.015686
5 0.033088 0.727451 0.007353 0.024837
5 0.016176 0.724183 0.011765 0.015686
7 0.595221 0.911111 0.006618 0.005229
7 0.809191 0.254248 0.009559 0.009150
0 0.499265 0.575163 0.020588 0.015686
8 0.505515 0.576471 0.003676 0.010458
3 0.456618 0.066667 0.016176 0.052288
5 0.688603 0.266667 0.009559 0.023529
7 0.638603 0.405882 0.008088 0.006536
7 0.673529 0.597386 0.005882 0.007843
4 0.549632 0.932026 0.012500 0.128105
5 0.429779 0.582353 0.012500 0.009150
4 0.648529 0.322222 0.042647 0.095425
5 0.655147 0.424183 0.014706 0.006536
8 0.656250 0.422222 0.005147 0.010458
5 0.879779 0.262745 0.009559 0.023529
5 0.862500 0.428105 0.013235 0.014379
5 0.705147 0.569935 0.013235 0.010458
8 0.705882 0.570588 0.005882 0.011765
5 0.550735 0.499346 0.011765 0.013072
