11 0.295221 0.954902 0.083088 0.087582
3 0.753309 0.894118 0.066912 0.151634
3 0.658456 0.777778 0.044853 0.120261
3 0.533088 0.747712 0.042647 0.109804
3 0.689706 0.640523 0.045588 0.094118
11 0.351838 0.642484 0.087500 0.084967
11 0.367647 0.602614 0.070588 0.065359
3 0.388235 0.533987 0.077941 0.058824
3 0.351103 0.407190 0.049265 0.098039
4 0.513971 0.043791 0.163235 0.084967
3 0.415809 0.381046 0.059559 0.050980
3 0.420956 0.347712 0.047794 0.036601
3 0.427574 0.286928 0.050735 0.035294
3 0.447426 0.319608 0.043382 0.050980
3 0.539338 0.411765 0.027206 0.057516
3 0.598529 0.388889 0.027941 0.056209
3 0.595221 0.338562 0.025735 0.047059
3 0.588971 0.298693 0.027941 0.048366
7 0.570221 0.321569 0.006618 0.036601
7 0.724265 0.668627 0.013235 0.053595
7 0.667279 0.544444 0.008088 0.043137
8 0.745221 0.617647 0.012500 0.022222
7 0.684559 0.522222 0.007353 0.045752
9 0.669853 0.424183 0.035294 0.030065
7 0.606250 0.267320 0.006618 0.024837
7 0.657353 0.261438 0.005882 0.028758
3 0.581618 0.196078 0.016176 0.028758
4 0.606618 0.126797 0.026471 0.112418
3 0.579044 0.170588 0.018382 0.027451
3 0.575735 0.144444 0.016176 0.027451
3 0.568750 0.113072 0.013971 0.027451
3 0.570221 0.098693 0.015441 0.019608
10 0.504044 0.103268 0.018382 0.047059
3 0.464706 0.109804 0.027941 0.023529
11 0.462132 0.092157 0.015441 0.024837
3 0.481985 0.097386 0.015441 0.024837
3 0.455147 0.129412 0.023529 0.031373
3 0.447794 0.181699 0.033824 0.028758
11 0.444118 0.201307 0.035294 0.041830
3 0.444853 0.224837 0.041176 0.039216
10 0.408088 0.254248 0.070588 0.053595
5 0.255147 0.696078 0.032353 0.032680
5 0.262868 0.667320 0.027206 0.022222
1 0.266544 0.660131 0.031618 0.028758
5 0.717647 0.573856 0.019118 0.031373
8 0.391176 0.388235 0.010294 0.028758
0 0.605147 0.260784 0.032353 0.040523
8 0.545956 0.173203 0.006618 0.016993
5 0.545588 0.180392 0.005882 0.020915
