4 0.507292 0.021296 0.089583 0.027778
3 0.498958 0.091667 0.006250 0.009259
8 0.433333 0.947222 0.154167 0.101852
9 0.573958 0.887037 0.072917 0.070370
8 0.561979 0.875000 0.017708 0.046296
8 0.718750 0.809259 0.016667 0.051852
3 0.715625 0.828704 0.037500 0.050000
8 0.808333 0.847222 0.016667 0.057407
1 0.802604 0.862037 0.036458 0.046296
3 0.743229 0.714815 0.098958 0.074074
7 0.668229 0.646296 0.011458 0.037037
7 0.669792 0.625926 0.010417 0.040741
7 0.740104 0.463889 0.009375 0.038889
7 0.746354 0.444444 0.007292 0.040741
3 0.699479 0.465741 0.044792 0.064815
3 0.517708 0.507407 0.031250 0.062963
3 0.558333 0.393519 0.025000 0.046296
3 0.591146 0.413889 0.007292 0.042593
3 0.720313 0.350926 0.019792 0.038889
3 0.701562 0.316667 0.032292 0.037037
7 0.679167 0.300926 0.008333 0.035185
11 0.490104 0.363889 0.021875 0.046296
3 0.451562 0.322222 0.021875 0.040741
8 0.069792 0.975000 0.020833 0.046296
1 0.073958 0.974074 0.035417 0.048148
3 0.104688 0.564815 0.076042 0.055556
3 0.137500 0.528704 0.085417 0.057407
7 0.198958 0.632407 0.012500 0.050000
5 0.069792 0.529630 0.029167 0.037037
1 0.097917 0.498148 0.022917 0.029630
3 0.266146 0.425926 0.034375 0.051852
3 0.260937 0.344444 0.030208 0.037037
3 0.239583 0.317593 0.027083 0.038889
3 0.338021 0.352778 0.030208 0.046296
3 0.368750 0.297222 0.025000 0.035185
3 0.388021 0.262037 0.026042 0.031481
3 0.392188 0.238889 0.021875 0.033333
3 0.401562 0.219444 0.011458 0.024074
11 0.422396 0.212037 0.015625 0.027778
3 0.434896 0.277778 0.017708 0.033333
3 0.391146 0.190741 0.028125 0.022222
3 0.523958 0.198148 0.012500 0.022222
3 0.601042 0.270370 0.016667 0.029630
3 0.473438 0.199074 0.011458 0.020370
3 0.493229 0.169444 0.011458 0.016667
3 0.555729 0.155556 0.011458 0.022222
3 0.550000 0.124074 0.008333 0.014815
3 0.560937 0.111111 0.007292 0.011111
3 0.472917 0.152778 0.010417 0.016667
3 0.491146 0.129630 0.009375 0.014815
3 0.434896 0.152778 0.011458 0.016667
3 0.440625 0.137963 0.010417 0.016667
3 0.447396 0.123148 0.005208 0.012963
7 0.455208 0.148148 0.004167 0.018519
3 0.473958 0.112037 0.004167 0.012963
3 0.488542 0.105556 0.012500 0.011111
3 0.498437 0.103704 0.007292 0.011111
3 0.505729 0.096296 0.007292 0.011111
3 0.466667 0.085185 0.008333 0.011111
10 0.475521 0.076852 0.009375 0.012963
7 0.483854 0.077778 0.001042 0.007407
3 0.491667 0.077778 0.006250 0.007407
3 0.504167 0.071296 0.004167 0.009259
3 0.506771 0.062963 0.009375 0.007407
3 0.526563 0.063889 0.007292 0.009259
3 0.541667 0.071296 0.006250 0.005556
7 0.545833 0.108333 0.002083 0.009259
7 0.547917 0.108333 0.004167 0.012963
3 0.540104 0.051852 0.003125 0.011111
3 0.512500 0.050000 0.010417 0.003704
3 0.486458 0.056481 0.004167 0.005556
3 0.484375 0.065741 0.006250 0.005556
3 0.475000 0.064815 0.004167 0.007407
3 0.475000 0.052778 0.008333 0.009259
10 0.489583 0.046296 0.006250 0.007407
3 0.479167 0.057407 0.004167 0.007407
7 0.528125 0.058333 0.002083 0.009259
3 0.947396 0.887037 0.098958 0.092593
