3 0.487132 0.177778 0.038971 0.041830
3 0.455882 0.707843 0.072059 0.118954
3 0.538971 0.958170 0.080882 0.081046
3 0.437500 0.952288 0.085294 0.087582
3 0.342279 0.828105 0.075735 0.124183
3 0.446324 0.835294 0.088235 0.143791
3 0.356250 0.713072 0.069853 0.108497
3 0.269853 0.711765 0.067647 0.108497
3 0.281985 0.599346 0.063971 0.095425
3 0.199632 0.571242 0.063971 0.104575
3 0.246324 0.510458 0.055882 0.090196
3 0.235294 0.370588 0.038235 0.061438
3 0.179779 0.441176 0.055147 0.092810
3 0.145956 0.493464 0.050735 0.074510
3 0.094853 0.406536 0.048529 0.067974
3 0.050735 0.349673 0.044118 0.074510
3 0.143015 0.390850 0.046324 0.070588
3 0.105515 0.332026 0.046324 0.070588
3 0.084559 0.283007 0.045588 0.050980
3 0.016912 0.291503 0.033824 0.067974
3 0.035294 0.230719 0.039706 0.053595
3 0.018750 0.119608 0.034559 0.043137
2 0.108088 0.211111 0.080882 0.116340
3 0.007721 0.184314 0.015441 0.039216
