7 0.895588 0.884314 0.016176 0.058824
7 0.877941 0.866013 0.017647 0.074510
7 0.868382 0.834641 0.029412 0.071895
7 0.859926 0.811765 0.024265 0.070588
7 0.872059 0.616993 0.017647 0.060131
7 0.950368 0.607190 0.019853 0.066667
8 0.942279 0.570588 0.015441 0.050980
5 0.934191 0.581699 0.044853 0.044444
7 0.961397 0.537908 0.016912 0.056209
3 0.771324 0.839869 0.064706 0.179085
7 0.697794 0.744444 0.022059 0.066667
3 0.631985 0.730065 0.055147 0.139869
11 0.782353 0.566013 0.101471 0.101961
10 0.791912 0.454248 0.050000 0.137255
8 0.777941 0.462745 0.014706 0.028758
7 0.819118 0.496078 0.013235 0.035294
7 0.823529 0.481699 0.011765 0.043137
8 0.687868 0.401307 0.009559 0.031373
11 0.685294 0.375163 0.050000 0.091503
11 0.582353 0.327451 0.036765 0.084967
10 0.148897 0.874510 0.194853 0.248366
8 0.207721 0.828105 0.028676 0.077124
9 0.274265 0.865359 0.082353 0.135948
7 0.262868 0.811765 0.015441 0.070588
5 0.270588 0.765359 0.055882 0.074510
8 0.272426 0.747712 0.019853 0.065359
3 0.426103 0.723529 0.050735 0.189542
7 0.672426 0.061438 0.005147 0.036601
7 0.679412 0.064706 0.005882 0.037908
7 0.687500 0.062745 0.007353 0.036601
7 0.757721 0.020915 0.006618 0.033987
11 0.070588 0.681699 0.141176 0.113725
7 0.105515 0.613725 0.019853 0.058824
7 0.131985 0.605882 0.021324 0.061438
9 0.297059 0.477124 0.072059 0.054902
11 0.116544 0.449020 0.102206 0.084967
8 0.341912 0.390196 0.011765 0.032680
9 0.280882 0.391503 0.026471 0.061438
5 0.017279 0.349673 0.027206 0.032680
1 0.020956 0.341176 0.028676 0.033987
5 0.030882 0.330065 0.026471 0.037908
1 0.048529 0.320915 0.030882 0.037908
9 0.068750 0.287582 0.037500 0.052288
7 0.108088 0.251634 0.013235 0.056209
3 0.198897 0.225490 0.052206 0.050980
3 0.300000 0.283660 0.039706 0.073203
5 0.184191 0.096078 0.019853 0.027451
3 0.249265 0.118954 0.063235 0.049673
11 0.253676 0.048366 0.026471 0.049673
9 0.259926 0.078431 0.016912 0.026144
7 0.244853 0.018954 0.005882 0.019608
7 0.266176 0.017647 0.007353 0.027451
7 0.283824 0.016340 0.005882 0.027451
5 0.226838 0.015033 0.013971 0.019608
3 0.556618 0.036601 0.020588 0.039216
3 0.545221 0.136601 0.028676 0.050980
3 0.450735 0.232026 0.030882 0.069281
3 0.404044 0.234641 0.034559 0.071895
11 0.414706 0.151634 0.027941 0.065359
8 0.535294 0.570588 0.013235 0.056209
5 0.534926 0.593464 0.013971 0.052288
7 0.553676 0.526797 0.007353 0.057516
7 0.567647 0.487582 0.008824 0.060131
1 0.563603 0.505229 0.025735 0.053595
8 0.425735 0.053595 0.008824 0.026144
5 0.426103 0.062745 0.008088 0.028758
8 0.445221 0.027451 0.005147 0.018301
5 0.445588 0.043137 0.007353 0.023529
