3 0.412868 0.400654 0.056618 0.147712
3 0.607353 0.444444 0.072059 0.135948
3 0.140809 0.641176 0.121324 0.179085
3 0.043015 0.773203 0.086029 0.192157
7 0.984559 0.517647 0.029412 0.075817
5 0.905882 0.515033 0.045588 0.054902
7 0.938971 0.307190 0.026471 0.078431
7 0.904779 0.284967 0.012500 0.062745
7 0.708088 0.124837 0.011765 0.061438
7 0.685294 0.118954 0.010294 0.052288
7 0.611397 0.079739 0.013971 0.052288
5 0.636029 0.052941 0.023529 0.030065
5 0.662132 0.143791 0.027206 0.036601
5 0.671691 0.148366 0.031618 0.032680
5 0.287500 0.392810 0.038235 0.040523
