3 0.338021 0.912500 0.208333 0.173148
8 0.824219 0.883796 0.051562 0.215741
1 0.817969 0.923611 0.060937 0.150926
1 0.029687 0.789352 0.054167 0.115741
7 0.096615 0.782870 0.057813 0.200926
7 0.096875 0.743519 0.041667 0.162963
7 0.146615 0.707407 0.046354 0.159259
7 0.225260 0.734259 0.034896 0.181481
8 0.262760 0.762500 0.034896 0.154630
1 0.256771 0.826852 0.048958 0.109259
3 0.417448 0.708796 0.085938 0.134259
3 0.527604 0.658333 0.065625 0.116667
1 0.297656 0.601389 0.018229 0.047222
5 0.325260 0.584259 0.025521 0.051852
8 0.351562 0.613889 0.020833 0.066667
1 0.348958 0.651389 0.015625 0.063889
3 0.450260 0.605093 0.047396 0.073148
3 0.521615 0.591204 0.045312 0.054630
3 0.515625 0.572222 0.034375 0.038889
3 0.513021 0.558796 0.032292 0.034259
3 0.457552 0.566204 0.034896 0.041667
3 0.465625 0.552315 0.027083 0.036111
3 0.475521 0.536111 0.021875 0.027778
3 0.478906 0.518519 0.015104 0.025926
11 0.481250 0.512963 0.014583 0.033333
3 0.496875 0.521759 0.015625 0.021296
3 0.496875 0.511574 0.008333 0.013889
11 0.497135 0.505093 0.009896 0.017593
8 0.390625 0.528704 0.006250 0.031481
1 0.390365 0.543519 0.007812 0.022222
8 0.401302 0.531481 0.005729 0.025926
5 0.404167 0.546296 0.017708 0.024074
8 0.438542 0.528241 0.004167 0.012037
8 0.439063 0.522222 0.005208 0.018519
1 0.438281 0.534722 0.004687 0.017593
8 0.612760 0.656481 0.019271 0.092593
1 0.610417 0.681019 0.010417 0.069444
8 0.639844 0.656481 0.020313 0.085185
1 0.639844 0.680556 0.022396 0.070370
8 0.570052 0.602778 0.017188 0.050000
5 0.567187 0.621296 0.015625 0.057407
8 0.601562 0.606019 0.013542 0.060185
1 0.599740 0.624074 0.011979 0.050000
8 0.564844 0.569444 0.008854 0.046296
1 0.563021 0.584722 0.006250 0.030556
3 0.586458 0.552315 0.053125 0.039815
3 0.616927 0.533333 0.039062 0.033333
8 0.650521 0.546296 0.007292 0.027778
3 0.590104 0.525463 0.034375 0.025000
3 0.580469 0.525000 0.027604 0.025926
3 0.573958 0.520833 0.025000 0.019444
8 0.553385 0.519907 0.004687 0.019444
1 0.553125 0.532870 0.003125 0.017593
3 0.560156 0.518056 0.022396 0.015741
3 0.556510 0.512037 0.022396 0.018519
8 0.545833 0.533796 0.004167 0.019444
1 0.545052 0.545833 0.003646 0.019444
8 0.534375 0.531481 0.005208 0.018519
8 0.538021 0.528241 0.003125 0.017593
1 0.533854 0.544907 0.004167 0.017593
1 0.537760 0.540278 0.003646 0.017593
8 0.528385 0.525926 0.004687 0.014815
1 0.527865 0.537963 0.003646 0.014815
8 0.522396 0.528241 0.003125 0.015741
1 0.522917 0.539352 0.003125 0.012037
8 0.515885 0.518056 0.003646 0.017593
5 0.515625 0.526852 0.003125 0.012963
8 0.512500 0.514815 0.005208 0.012963
1 0.511979 0.525463 0.003125 0.012037
4 0.813542 0.585185 0.100000 0.057407
4 0.945052 0.618981 0.108854 0.086111
