3 0.023529 0.529412 0.045588 0.096732
7 0.017647 0.584314 0.017647 0.062745
7 0.029044 0.585621 0.019853 0.065359
7 0.036029 0.560131 0.019118 0.064052
3 0.109926 0.585621 0.118382 0.086275
9 0.118382 0.535948 0.052941 0.041830
3 0.194485 0.519608 0.065441 0.092810
1 0.129044 0.437255 0.033088 0.040523
8 0.175735 0.367320 0.011765 0.044444
8 0.187132 0.367320 0.011029 0.028758
3 0.238235 0.377124 0.036765 0.069281
7 0.722059 0.916340 0.020588 0.078431
7 0.713603 0.890850 0.027206 0.079739
8 0.796691 0.900654 0.024265 0.054902
7 0.763235 0.842484 0.020588 0.064052
5 0.678676 0.772549 0.023529 0.075817
3 0.795221 0.520261 0.056618 0.083660
7 0.674265 0.542484 0.011765 0.060131
8 0.688603 0.524183 0.015441 0.044444
9 0.694118 0.544444 0.048529 0.053595
10 0.741176 0.547059 0.083824 0.152941
8 0.605882 0.407190 0.010294 0.022222
9 0.601103 0.421569 0.037500 0.058824
7 0.575735 0.373203 0.011765 0.045752
7 0.574632 0.367320 0.009559 0.044444
9 0.583456 0.380392 0.031618 0.044444
3 0.646324 0.350980 0.066176 0.053595
9 0.583088 0.330719 0.044118 0.031373
7 0.571691 0.330065 0.008088 0.043137
7 0.577206 0.316993 0.008824 0.040523
3 0.633088 0.263399 0.029412 0.056209
3 0.569118 0.276471 0.029412 0.053595
7 0.568382 0.216993 0.005882 0.033987
3 0.602941 0.194771 0.044118 0.033987
3 0.538971 0.258170 0.029412 0.043137
3 0.547794 0.214379 0.025000 0.033987
3 0.552941 0.183007 0.022059 0.041830
3 0.548162 0.160784 0.018382 0.031373
7 0.523162 0.158170 0.006618 0.033987
7 0.529779 0.158824 0.006618 0.035294
9 0.426471 0.721569 0.025000 0.094118
8 0.424632 0.708497 0.019853 0.065359
5 0.433088 0.530719 0.014706 0.060131
8 0.431250 0.519608 0.012500 0.048366
8 0.433456 0.515686 0.011029 0.045752
3 0.367279 0.507843 0.046324 0.095425
3 0.413235 0.435948 0.038235 0.082353
11 0.470221 0.411111 0.036029 0.098039
3 0.373529 0.376471 0.045588 0.099346
7 0.410662 0.367320 0.011029 0.054902
7 0.466176 0.306536 0.011765 0.045752
8 0.516176 0.323529 0.008824 0.037908
5 0.515809 0.328758 0.009559 0.035294
1 0.538971 0.318954 0.008824 0.036601
8 0.538603 0.305882 0.008088 0.036601
3 0.390074 0.282353 0.031618 0.062745
3 0.418015 0.321569 0.031618 0.060131
3 0.399632 0.238562 0.027206 0.058824
3 0.406250 0.203922 0.022794 0.041830
3 0.409559 0.172549 0.023529 0.041830
3 0.419118 0.118301 0.020588 0.032680
11 0.423162 0.090850 0.015441 0.027451
3 0.427206 0.082353 0.014706 0.026144
3 0.430882 0.049020 0.016176 0.022222
3 0.432721 0.036601 0.015441 0.020915
7 0.438235 0.075163 0.004412 0.022222
7 0.441544 0.079085 0.003676 0.016993
7 0.444485 0.074510 0.005147 0.020915
8 0.491912 0.092810 0.007353 0.020915
5 0.492647 0.098693 0.007353 0.019608
5 0.561029 0.066667 0.010294 0.015686
5 0.567647 0.039216 0.011765 0.013072
7 0.513603 0.083007 0.005147 0.022222
7 0.521691 0.094118 0.005147 0.026144
7 0.526838 0.092157 0.003676 0.019608
7 0.538235 0.082353 0.004412 0.023529
5 0.539706 0.087582 0.002941 0.015686
3 0.530882 0.076471 0.013235 0.022222
7 0.519485 0.082353 0.003676 0.020915
3 0.502941 0.053595 0.019118 0.020915
9 0.523897 0.044444 0.019853 0.015686
3 0.490809 0.044444 0.015441 0.023529
3 0.489706 0.030065 0.014706 0.018301
3 0.488971 0.010458 0.011765 0.018301
7 0.512132 0.017647 0.003676 0.019608
5 0.475000 0.035294 0.004412 0.015686
8 0.475368 0.029412 0.003676 0.016993
