8 0.849265 0.892157 0.063235 0.056209
8 0.856985 0.926797 0.027206 0.033987
5 0.760294 0.768627 0.023529 0.104575
1 0.753309 0.525490 0.022794 0.081046
5 0.686765 0.516340 0.045588 0.044444
5 0.671691 0.475163 0.028676 0.066667
5 0.676838 0.430719 0.034559 0.069281
1 0.683824 0.296078 0.013235 0.064052
7 0.623162 0.098693 0.012500 0.058824
3 0.539706 0.049673 0.035294 0.062745
3 0.561029 0.154902 0.108824 0.079739
3 0.563603 0.201307 0.106618 0.075817
3 0.570956 0.259477 0.103676 0.084967
3 0.587132 0.325490 0.102206 0.104575
3 0.574632 0.467974 0.134559 0.101961
3 0.624632 0.574510 0.150735 0.116340
8 0.461397 0.933987 0.027206 0.069281
8 0.396324 0.952288 0.030882 0.074510
8 0.392647 0.980392 0.017647 0.036601
1 0.461765 0.944444 0.027941 0.108497
9 0.295588 0.623529 0.050000 0.125490
5 0.394853 0.952288 0.029412 0.092810
7 0.377574 0.207190 0.013971 0.069281
3 0.124265 0.229412 0.070588 0.103268
3 0.227941 0.175817 0.048529 0.090196
