3 0.417708 0.331481 0.011458 0.024074
3 0.435156 0.338426 0.013021 0.017593
4 0.434115 0.275463 0.050521 0.034259
3 0.331510 0.853241 0.052604 0.121296
3 0.526563 0.912963 0.053125 0.135185
3 0.505990 0.762963 0.045312 0.096296
3 0.493750 0.611574 0.033333 0.065741
5 0.576823 0.751389 0.023438 0.062037
8 0.575260 0.753241 0.015104 0.034259
8 0.592187 0.665278 0.009375 0.034259
5 0.590365 0.678241 0.009896 0.028704
1 0.546615 0.643981 0.018229 0.049074
8 0.545052 0.642593 0.008854 0.027778
4 0.589323 0.514352 0.027604 0.047222
8 0.485156 0.544907 0.005729 0.028704
8 0.483594 0.545370 0.007812 0.027778
5 0.483073 0.555093 0.010937 0.023148
8 0.522656 0.519444 0.007812 0.025926
8 0.521354 0.512500 0.006250 0.023148
5 0.521615 0.522685 0.009896 0.017593
8 0.463802 0.493981 0.006771 0.026852
5 0.463281 0.511574 0.004687 0.023148
8 0.467969 0.509259 0.006771 0.024074
5 0.467969 0.520370 0.005729 0.018519
8 0.486458 0.501389 0.006250 0.023148
5 0.485156 0.510648 0.008854 0.019444
8 0.495573 0.496759 0.007812 0.021296
5 0.495312 0.506019 0.008333 0.021296
5 0.503125 0.490278 0.015625 0.028704
7 0.502865 0.481019 0.008854 0.021296
4 0.568229 0.465278 0.134375 0.056481
8 0.474740 0.428241 0.004687 0.013889
5 0.473177 0.439352 0.008854 0.023148
3 0.928125 0.903241 0.082292 0.117593
3 0.353125 0.742130 0.045833 0.089815
