7 0.151042 0.963889 0.039583 0.064815
7 0.073958 0.958333 0.035417 0.079630
8 0.116667 0.902778 0.043750 0.061111
7 0.072917 0.926852 0.047917 0.075926
7 0.077083 0.885185 0.035417 0.070370
7 0.059375 0.858333 0.037500 0.064815
7 0.029167 0.865741 0.050000 0.083333
8 0.131250 0.843519 0.045833 0.075926
7 0.094271 0.832407 0.028125 0.079630
7 0.110417 0.798148 0.031250 0.070370
8 0.142187 0.800926 0.026042 0.046296
7 0.151042 0.757407 0.039583 0.074074
7 0.161979 0.725926 0.032292 0.077778
7 0.124479 0.724074 0.026042 0.074074
7 0.106771 0.717593 0.034375 0.072222
8 0.039062 0.662963 0.034375 0.059259
7 0.166667 0.698148 0.027083 0.074074
7 0.175521 0.675926 0.028125 0.077778
7 0.134375 0.687037 0.033333 0.077778
7 0.190625 0.645370 0.022917 0.072222
7 0.120833 0.629630 0.029167 0.077778
7 0.107292 0.562963 0.031250 0.077778
7 0.156250 0.643519 0.012500 0.061111
8 0.190625 0.601852 0.022917 0.055556
7 0.169271 0.601852 0.019792 0.092593
8 0.179167 0.572222 0.020833 0.029630
7 0.149479 0.591667 0.021875 0.064815
7 0.153125 0.567593 0.025000 0.068519
7 0.131250 0.546296 0.029167 0.085185
7 0.238542 0.538889 0.025000 0.077778
8 0.211458 0.520370 0.027083 0.048148
7 0.173437 0.534259 0.023958 0.075926
7 0.186458 0.501852 0.020833 0.070370
7 0.170313 0.512037 0.021875 0.057407
7 0.149479 0.503704 0.034375 0.074074
7 0.143750 0.464815 0.027083 0.066667
7 0.169792 0.469444 0.022917 0.072222
8 0.234375 0.471296 0.027083 0.057407
8 0.239583 0.449074 0.018750 0.050000
7 0.202083 0.465741 0.020833 0.068519
7 0.210938 0.450000 0.023958 0.066667
7 0.184375 0.440741 0.020833 0.074074
7 0.193229 0.425000 0.019792 0.064815
1 0.069271 0.482407 0.051042 0.053704
9 0.081771 0.455556 0.055208 0.048148
7 0.101562 0.410185 0.019792 0.068519
7 0.131250 0.419444 0.020833 0.068519
7 0.113542 0.390741 0.018750 0.059259
1 0.104167 0.380556 0.035417 0.050000
7 0.041667 0.410185 0.031250 0.075926
7 0.015625 0.419444 0.031250 0.072222
7 0.175000 0.409259 0.022917 0.077778
7 0.185938 0.337963 0.017708 0.068519
7 0.221875 0.422222 0.016667 0.066667
7 0.208333 0.403704 0.020833 0.059259
7 0.210417 0.384259 0.014583 0.050000
7 0.237500 0.400000 0.016667 0.074074
7 0.229167 0.380556 0.014583 0.061111
8 0.257292 0.372222 0.025000 0.051852
6 0.257812 0.382407 0.030208 0.042593
7 0.241146 0.357407 0.019792 0.055556
7 0.218229 0.354630 0.015625 0.057407
7 0.224479 0.337963 0.011458 0.038889
7 0.214583 0.317593 0.016667 0.050000
7 0.257812 0.329630 0.019792 0.055556
7 0.236458 0.321296 0.016667 0.050000
7 0.245833 0.305556 0.016667 0.055556
7 0.271875 0.305556 0.020833 0.066667
7 0.284896 0.297222 0.011458 0.068519
7 0.268750 0.285185 0.014583 0.055556
7 0.250521 0.283333 0.015625 0.070370
7 0.233333 0.260185 0.012500 0.057407
7 0.250000 0.243519 0.012500 0.050000
7 0.236979 0.239815 0.013542 0.042593
7 0.298438 0.287037 0.015625 0.062963
8 0.311458 0.287963 0.010417 0.031481
7 0.358854 0.737963 0.028125 0.098148
7 0.505729 0.739815 0.028125 0.094444
7 0.611979 0.728704 0.026042 0.109259
7 0.752083 0.740741 0.039583 0.096296
7 0.370312 0.602778 0.032292 0.087037
7 0.467708 0.588889 0.037500 0.088889
7 0.588021 0.590741 0.019792 0.074074
7 0.686979 0.558333 0.028125 0.090741
7 0.751042 0.618519 0.031250 0.088889
7 0.785417 0.617593 0.035417 0.075926
7 0.805729 0.703704 0.042708 0.085185
7 0.563542 0.480556 0.025000 0.075926
7 0.488021 0.467593 0.023958 0.083333
7 0.377083 0.488889 0.029167 0.077778
7 0.653646 0.471296 0.026042 0.079630
7 0.726042 0.461111 0.022917 0.074074
7 0.386458 0.422222 0.018750 0.077778
7 0.465104 0.409259 0.021875 0.074074
7 0.555729 0.404630 0.023958 0.064815
7 0.616146 0.387963 0.019792 0.072222
7 0.643229 0.385185 0.021875 0.074074
7 0.707812 0.375000 0.021875 0.072222
7 0.614583 0.347222 0.020833 0.072222
7 0.540104 0.340741 0.017708 0.059259
7 0.482292 0.351852 0.016667 0.062963
7 0.384375 0.356481 0.018750 0.072222
7 0.394271 0.305556 0.017708 0.070370
7 0.467708 0.306481 0.016667 0.064815
7 0.534896 0.288889 0.021875 0.062963
7 0.564063 0.280556 0.015625 0.072222
7 0.602604 0.305556 0.015625 0.055556
7 0.595833 0.279630 0.016667 0.055556
7 0.400000 0.238889 0.020833 0.059259
7 0.422917 0.233333 0.014583 0.055556
7 0.455729 0.248148 0.013542 0.055556
7 0.496875 0.240741 0.012500 0.062963
7 0.533333 0.228704 0.014583 0.061111
7 0.502604 0.215741 0.011458 0.050000
7 0.471354 0.226852 0.011458 0.046296
7 0.667708 0.962037 0.041667 0.072222
4 0.984896 0.656481 0.017708 0.079630
4 0.933854 0.554630 0.061458 0.124074
4 0.905729 0.489815 0.061458 0.146296
4 0.868750 0.442593 0.052083 0.125926
4 0.827604 0.373148 0.048958 0.087037
7 0.285938 0.648148 0.034375 0.096296
7 0.752083 0.962037 0.033333 0.072222
7 0.530729 0.966667 0.030208 0.062963
1 0.120833 0.338889 0.050000 0.037037
1 0.124479 0.325000 0.048958 0.031481
8 0.114062 0.311111 0.021875 0.062963
7 0.038542 0.313889 0.029167 0.068519
7 0.050521 0.299074 0.026042 0.064815
7 0.091146 0.269444 0.019792 0.064815
7 0.081771 0.259259 0.017708 0.062963
7 0.118750 0.264815 0.020833 0.059259
7 0.103646 0.261111 0.021875 0.059259
7 0.138021 0.240741 0.021875 0.066667
9 0.185417 0.149074 0.020833 0.050000
7 0.040625 0.150000 0.016667 0.044444
7 0.015104 0.112963 0.019792 0.044444
7 0.005729 0.116667 0.011458 0.044444
7 0.036458 0.056481 0.018750 0.046296
7 0.054167 0.023148 0.016667 0.046296
7 0.066146 0.026852 0.013542 0.046296
7 0.079687 0.019444 0.013542 0.038889
7 0.086458 0.018519 0.014583 0.037037
7 0.136458 0.046296 0.010417 0.044444
7 0.144792 0.045370 0.010417 0.038889
7 0.197396 0.058333 0.017708 0.053704
7 0.205729 0.057407 0.007292 0.029630
7 0.215104 0.060185 0.013542 0.050000
7 0.245312 0.090741 0.009375 0.033333
7 0.260937 0.080556 0.011458 0.050000
7 0.260937 0.072222 0.011458 0.048148
1 0.291146 0.132407 0.030208 0.031481
1 0.286458 0.139815 0.033333 0.031481
1 0.279167 0.151852 0.029167 0.025926
7 0.265104 0.164815 0.009375 0.051852
7 0.266146 0.176852 0.013542 0.057407
7 0.271875 0.268519 0.014583 0.059259
7 0.280729 0.252778 0.011458 0.053704
7 0.260417 0.218519 0.012500 0.051852
7 0.291146 0.267593 0.013542 0.053704
7 0.294792 0.245370 0.010417 0.038889
7 0.281771 0.227778 0.011458 0.048148
7 0.302604 0.236111 0.011458 0.046296
7 0.315104 0.237963 0.013542 0.061111
8 0.332813 0.256481 0.013542 0.035185
8 0.341146 0.247222 0.015625 0.031481
8 0.351562 0.248148 0.011458 0.055556
7 0.293750 0.222222 0.010417 0.037037
8 0.312500 0.214815 0.012500 0.040741
7 0.299479 0.198148 0.015625 0.048148
8 0.353646 0.217593 0.009375 0.024074
7 0.335417 0.205556 0.012500 0.055556
7 0.319792 0.209259 0.014583 0.059259
7 0.342187 0.191667 0.013542 0.053704
7 0.315104 0.194444 0.009375 0.044444
7 0.279167 0.178704 0.012500 0.050000
7 0.293750 0.178704 0.012500 0.042593
7 0.309896 0.175000 0.009375 0.046296
7 0.337500 0.166667 0.010417 0.040741
7 0.348958 0.173148 0.008333 0.053704
7 0.358854 0.180556 0.011458 0.050000
7 0.394792 0.156481 0.012500 0.050000
7 0.473438 0.192593 0.013542 0.048148
7 0.442188 0.165741 0.009375 0.027778
7 0.429167 0.135185 0.012500 0.051852
7 0.453646 0.128704 0.011458 0.050000
7 0.483854 0.106481 0.011458 0.050000
7 0.500521 0.132407 0.011458 0.053704
7 0.533333 0.200000 0.012500 0.059259
7 0.573438 0.220370 0.011458 0.066667
7 0.538021 0.181481 0.009375 0.055556
7 0.607812 0.255556 0.013542 0.051852
8 0.661458 0.323148 0.014583 0.042593
7 0.669792 0.290741 0.014583 0.062963
7 0.668750 0.259259 0.012500 0.055556
7 0.646875 0.225000 0.010417 0.053704
7 0.635938 0.218519 0.011458 0.055556
7 0.645312 0.183333 0.009375 0.055556
7 0.686979 0.226852 0.007292 0.046296
7 0.651042 0.163889 0.010417 0.046296
7 0.475000 0.046296 0.008333 0.051852
7 0.572396 0.022222 0.009375 0.040741
7 0.638021 0.081481 0.013542 0.048148
7 0.678125 0.154630 0.008333 0.027778
7 0.689063 0.133333 0.011458 0.051852
7 0.705729 0.144444 0.011458 0.051852
7 0.704167 0.225926 0.012500 0.062963
8 0.760417 0.221296 0.014583 0.046296
7 0.728646 0.241667 0.011458 0.050000
7 0.727604 0.272222 0.015625 0.066667
7 0.736979 0.350000 0.019792 0.062963
7 0.757812 0.362037 0.019792 0.064815
8 0.777604 0.398148 0.026042 0.037037
7 0.785417 0.428704 0.018750 0.038889
9 0.744792 0.292593 0.022917 0.066667
8 0.859375 0.373148 0.025000 0.064815
7 0.842187 0.311111 0.017708 0.070370
7 0.813021 0.442593 0.023958 0.081481
7 0.922396 0.699074 0.034375 0.087037
8 0.920312 0.651852 0.040625 0.055556
7 0.880729 0.633333 0.036458 0.088889
7 0.836979 0.576852 0.026042 0.083333
8 0.865625 0.543519 0.016667 0.053704
7 0.843750 0.544444 0.025000 0.070370
7 0.758333 0.163889 0.016667 0.064815
7 0.770312 0.157407 0.013542 0.062963
7 0.975000 0.902778 0.039583 0.072222
7 0.950521 0.725000 0.044792 0.087037
8 0.955208 0.671296 0.035417 0.068519
7 0.985938 0.750000 0.026042 0.085185
7 0.961458 0.212037 0.022917 0.068519
7 0.972396 0.217593 0.017708 0.061111
7 0.938542 0.031481 0.018750 0.048148
