4 0.488021 0.149537 0.021875 0.013889
7 0.026042 0.819444 0.016667 0.048148
7 0.052604 0.807407 0.012500 0.057407
7 0.076302 0.828704 0.010937 0.046296
5 0.117969 0.833796 0.038021 0.054630
5 0.136198 0.810648 0.025521 0.036111
8 0.159896 0.752778 0.009375 0.031481
5 0.187240 0.712037 0.025521 0.027778
11 0.184375 0.316204 0.022917 0.015741
3 0.339323 0.868519 0.035937 0.077778
8 0.467969 0.920833 0.006771 0.026852
8 0.469531 0.908333 0.009896 0.042593
5 0.469531 0.906019 0.021354 0.078704
3 0.541146 0.928241 0.042708 0.100926
8 0.503125 0.840741 0.010417 0.040741
5 0.502865 0.848611 0.013021 0.047222
7 0.554948 0.837500 0.010937 0.052778
7 0.548958 0.779630 0.010417 0.048148
7 0.538542 0.778241 0.008333 0.045370
7 0.583854 0.808796 0.010417 0.039815
5 0.589583 0.818519 0.020833 0.029630
5 0.581250 0.733796 0.018750 0.030556
3 0.479948 0.762963 0.032813 0.068519
3 0.356771 0.748611 0.055208 0.091667
8 0.444531 0.612037 0.011979 0.027778
8 0.443750 0.614815 0.007292 0.027778
5 0.443229 0.621759 0.009375 0.030556
5 0.383594 0.616667 0.014063 0.031481
5 0.396615 0.568056 0.016146 0.021296
9 0.401042 0.539352 0.013542 0.030556
7 0.552865 0.631944 0.008854 0.041667
7 0.536458 0.568519 0.006250 0.035185
8 0.529948 0.593981 0.006771 0.032407
5 0.566927 0.575463 0.006771 0.026852
8 0.566927 0.570370 0.008854 0.029630
5 0.530729 0.597685 0.006250 0.030556
8 0.630990 0.569907 0.008854 0.025000
3 0.540104 0.521759 0.022917 0.034259
0 0.533333 0.478241 0.009375 0.028704
7 0.416927 0.460648 0.002604 0.013889
7 0.421094 0.467130 0.003646 0.017593
7 0.425260 0.463426 0.004687 0.025000
3 0.482552 0.463889 0.017188 0.029630
3 0.435677 0.432407 0.015104 0.029630
8 0.503385 0.450463 0.002604 0.013889
8 0.503385 0.449537 0.004687 0.017593
0 0.503125 0.449537 0.009375 0.028704
8 0.512240 0.442593 0.006771 0.022222
5 0.511979 0.445370 0.006250 0.018519
1 0.547396 0.475463 0.017708 0.017593
7 0.522656 0.443056 0.004687 0.019444
9 0.519792 0.446759 0.008333 0.017593
9 0.446354 0.407870 0.008333 0.021296
0 0.433854 0.406481 0.010417 0.029630
8 0.399740 0.604167 0.007812 0.025000
1 0.400260 0.614815 0.006771 0.027778
8 0.464844 0.397222 0.004687 0.016667
5 0.464323 0.401389 0.005729 0.017593
3 0.357292 0.325000 0.020833 0.016667
11 0.361719 0.342593 0.022396 0.022222
3 0.382292 0.350000 0.026042 0.022222
3 0.404427 0.339815 0.025521 0.016667
3 0.381250 0.328704 0.020833 0.016667
7 0.398698 0.324537 0.002604 0.013889
7 0.405469 0.323611 0.002604 0.017593
4 0.538281 0.412037 0.011979 0.020370
4 0.540625 0.431019 0.009375 0.013889
4 0.541927 0.456481 0.013021 0.007407
5 0.534375 0.448611 0.008333 0.017593
5 0.530990 0.430556 0.011979 0.012963
7 0.526302 0.410185 0.003646 0.022222
4 0.530990 0.375000 0.013021 0.025926
4 0.535156 0.393981 0.011979 0.010185
5 0.524219 0.393519 0.008854 0.011111
8 0.514323 0.381944 0.003646 0.017593
1 0.514323 0.386111 0.003646 0.014815
8 0.502604 0.387500 0.004167 0.015741
5 0.502865 0.391204 0.004687 0.015741
8 0.469010 0.381481 0.004687 0.014815
5 0.468490 0.385648 0.004687 0.015741
5 0.494792 0.358796 0.003125 0.013889
8 0.457031 0.369444 0.003646 0.016667
1 0.456771 0.373148 0.003125 0.014815
8 0.471875 0.353241 0.003125 0.012037
5 0.471875 0.356944 0.004167 0.015741
3 0.447135 0.356019 0.014063 0.025000
5 0.453646 0.344907 0.010417 0.012037
8 0.453906 0.340741 0.002604 0.012963
7 0.451042 0.339352 0.003125 0.017593
7 0.448177 0.339352 0.003646 0.019444
7 0.455469 0.332407 0.002604 0.018519
5 0.527083 0.354630 0.009375 0.011111
7 0.510156 0.352778 0.003646 0.018519
7 0.520052 0.346296 0.002604 0.018519
8 0.514062 0.343981 0.002083 0.013889
5 0.514062 0.346759 0.003125 0.013889
8 0.502865 0.346296 0.002604 0.012963
8 0.495052 0.355556 0.002604 0.012963
5 0.502865 0.348611 0.002604 0.013889
3 0.523958 0.329630 0.011458 0.016667
3 0.503125 0.335648 0.011458 0.019444
8 0.523177 0.313426 0.003646 0.012037
1 0.523177 0.316204 0.007812 0.010185
0 0.523438 0.312037 0.012500 0.014815
9 0.525521 0.338426 0.017708 0.017593
4 0.522656 0.291667 0.009896 0.022222
5 0.517188 0.302315 0.007292 0.010185
8 0.490104 0.343056 0.003125 0.012037
5 0.490365 0.346759 0.003646 0.013889
8 0.486719 0.336111 0.002604 0.012963
5 0.486719 0.338426 0.003646 0.013889
5 0.489583 0.334722 0.003125 0.012037
8 0.489323 0.331944 0.002604 0.013889
8 0.472396 0.331019 0.004167 0.012037
5 0.472656 0.334722 0.003646 0.013889
8 0.473698 0.321759 0.003646 0.012037
5 0.473438 0.324537 0.003125 0.012037
3 0.458594 0.308333 0.015104 0.016667
9 0.465365 0.318981 0.005729 0.013889
8 0.459635 0.315741 0.002604 0.009259
5 0.459635 0.317130 0.002604 0.010185
8 0.510938 0.306944 0.003125 0.013889
5 0.511719 0.308333 0.003646 0.011111
7 0.507552 0.303704 0.002604 0.014815
8 0.490365 0.305093 0.003646 0.010185
5 0.490625 0.307870 0.003125 0.012037
3 0.494271 0.300463 0.008333 0.013889
8 0.474219 0.294907 0.002604 0.012037
5 0.474479 0.297222 0.002083 0.011111
3 0.460677 0.281019 0.008854 0.013889
3 0.479948 0.252778 0.006771 0.011111
8 0.506250 0.288426 0.002083 0.008333
8 0.505729 0.287037 0.002083 0.011111
5 0.505990 0.290278 0.002604 0.008333
8 0.486458 0.278704 0.002083 0.009259
5 0.486458 0.281944 0.003125 0.010185
8 0.516146 0.275000 0.002083 0.009259
1 0.516406 0.276852 0.001563 0.007407
8 0.506510 0.262037 0.001563 0.007407
5 0.506771 0.264352 0.002083 0.008333
8 0.513542 0.256481 0.002083 0.007407
5 0.513802 0.258333 0.002604 0.007407
8 0.511198 0.253704 0.002604 0.011111
5 0.511458 0.255556 0.003125 0.009259
7 0.514323 0.252778 0.001563 0.011111
7 0.514583 0.244907 0.001042 0.010185
8 0.510417 0.242130 0.002083 0.008333
5 0.510677 0.244444 0.001563 0.007407
9 0.505469 0.253241 0.004687 0.010185
4 0.521094 0.192593 0.010937 0.016667
4 0.531771 0.194444 0.005208 0.007407
4 0.524740 0.206944 0.007812 0.006481
4 0.515104 0.162037 0.004167 0.007407
8 0.498958 0.250463 0.001042 0.006481
5 0.498698 0.251852 0.002604 0.003704
4 0.498437 0.243056 0.006250 0.004630
8 0.492708 0.238889 0.002083 0.007407
5 0.492448 0.240741 0.001563 0.005556
3 0.493229 0.233333 0.014583 0.011111
8 0.501563 0.235185 0.002083 0.007407
8 0.475260 0.228241 0.001563 0.006481
8 0.479948 0.226852 0.002604 0.007407
5 0.475000 0.231019 0.002083 0.008333
5 0.479948 0.228704 0.002604 0.007407
4 0.466667 0.192593 0.008333 0.011111
9 0.499479 0.237037 0.013542 0.007407
9 0.474479 0.234722 0.016667 0.010185
7 0.475521 0.171759 0.001042 0.004630
4 0.478385 0.160648 0.003646 0.000926
4 0.502865 0.162500 0.003646 0.006481
8 0.505729 0.187037 0.001042 0.005556
5 0.505729 0.187500 0.001042 0.004630
8 0.500000 0.185185 0.001042 0.003704
8 0.500781 0.174537 0.000521 0.004630
5 0.501042 0.176389 0.001042 0.004630
8 0.508594 0.180556 0.000521 0.003704
5 0.508854 0.181481 0.001042 0.003704
