7 0.086397 0.094118 0.008088 0.020915
7 0.137500 0.088889 0.005882 0.028758
7 0.141176 0.087582 0.005882 0.031373
7 0.157721 0.107190 0.006618 0.033987
7 0.151471 0.087582 0.007353 0.031373
7 0.158456 0.132680 0.006618 0.035294
7 0.153309 0.132026 0.006618 0.033987
7 0.149632 0.136601 0.005147 0.032680
7 0.147426 0.152288 0.006618 0.037908
8 0.147794 0.162092 0.005882 0.020915
8 0.021691 0.178431 0.009559 0.030065
8 0.028676 0.179739 0.007353 0.030065
7 0.025368 0.142484 0.011029 0.041830
7 0.016912 0.145098 0.010294 0.044444
7 0.116912 0.118301 0.007353 0.037908
7 0.106250 0.121569 0.009559 0.039216
7 0.071324 0.147059 0.010294 0.043137
7 0.082721 0.139216 0.009559 0.040523
7 0.097059 0.183007 0.008824 0.039216
7 0.089338 0.177778 0.008088 0.044444
8 0.058824 0.141830 0.008824 0.030065
8 0.055515 0.147712 0.009559 0.028758
8 0.147059 0.224837 0.008824 0.028758
8 0.206250 0.357516 0.019853 0.050980
8 0.229044 0.353595 0.016912 0.043137
8 0.215074 0.332026 0.012500 0.036601
8 0.230147 0.291503 0.013235 0.039216
8 0.259191 0.290850 0.009559 0.053595
7 0.110662 0.090850 0.005147 0.030065
7 0.112132 0.087582 0.006618 0.036601
5 0.070588 0.091503 0.017647 0.020915
5 0.053676 0.111765 0.013235 0.016993
5 0.119118 0.193464 0.016176 0.020915
5 0.136397 0.183660 0.016912 0.019608
5 0.150000 0.190196 0.020588 0.016993
5 0.140074 0.195425 0.021324 0.019608
5 0.155882 0.206536 0.020588 0.026144
5 0.133456 0.210458 0.025735 0.026144
5 0.147794 0.235948 0.025000 0.030065
5 0.118015 0.224837 0.025735 0.028758
1 0.126471 0.246405 0.026471 0.024837
5 0.124632 0.267974 0.022794 0.026144
5 0.109559 0.284967 0.027941 0.020915
5 0.100735 0.301307 0.027941 0.019608
5 0.106618 0.276471 0.026471 0.016993
5 0.124265 0.311111 0.027941 0.026144
5 0.112132 0.319608 0.028676 0.030065
1 0.110294 0.335294 0.027941 0.030065
1 0.093382 0.345752 0.038235 0.035294
1 0.091912 0.369281 0.035294 0.030065
5 0.070588 0.315033 0.030882 0.031373
5 0.062132 0.362092 0.025735 0.041830
5 0.051103 0.386275 0.022794 0.045752
5 0.059559 0.424837 0.027941 0.047059
5 0.147059 0.376471 0.039706 0.039216
5 0.195588 0.473203 0.030882 0.057516
5 0.169485 0.430719 0.038971 0.032680
5 0.191912 0.411765 0.036765 0.031373
5 0.141176 0.467974 0.029412 0.047059
5 0.115809 0.435948 0.034559 0.040523
5 0.107353 0.413725 0.036765 0.037908
1 0.166912 0.349020 0.017647 0.047059
1 0.190074 0.393464 0.038971 0.039216
0 0.205147 0.331373 0.066176 0.061438
0 0.211397 0.254902 0.063971 0.052288
5 0.260294 0.297386 0.030882 0.040523
5 0.308456 0.416340 0.038971 0.048366
8 0.290074 0.456209 0.016912 0.057516
8 0.280882 0.383007 0.020588 0.041830
8 0.288235 0.345752 0.019118 0.040523
8 0.286397 0.289542 0.015441 0.043137
8 0.246691 0.192157 0.009559 0.031373
8 0.307721 0.169935 0.008088 0.028758
7 0.274265 0.120261 0.007353 0.036601
5 0.308456 0.180392 0.011029 0.028758
5 0.053309 0.204575 0.025735 0.024837
5 0.042279 0.210458 0.025735 0.023529
5 0.074632 0.216993 0.040441 0.023529
5 0.068015 0.224837 0.036029 0.018301
5 0.072059 0.234641 0.029412 0.019608
5 0.086765 0.238562 0.036765 0.027451
5 0.080515 0.254902 0.030147 0.026144
5 0.069485 0.266013 0.031618 0.027451
5 0.062132 0.283007 0.021324 0.027451
5 0.024265 0.339216 0.030882 0.040523
5 0.033824 0.328758 0.030882 0.032680
5 0.040441 0.318301 0.027941 0.030065
5 0.043015 0.302614 0.030147 0.035294
5 0.113235 0.479085 0.019118 0.056209
5 0.103676 0.508497 0.017647 0.062745
5 0.077941 0.502614 0.014706 0.069281
5 0.057721 0.526144 0.022794 0.071895
5 0.036029 0.526144 0.013235 0.066667
5 0.015809 0.530065 0.018382 0.064052
5 0.006985 0.471895 0.013971 0.060131
7 0.069485 0.496732 0.013971 0.083660
5 0.154044 0.530719 0.046324 0.052288
5 0.123162 0.575163 0.031618 0.060131
9 0.212132 0.584967 0.072794 0.071895
9 0.286765 0.501961 0.080882 0.070588
0 0.258456 0.541830 0.083088 0.095425
5 0.005882 0.358824 0.011765 0.019608
1 0.012132 0.283007 0.024265 0.024837
1 0.025000 0.227451 0.035294 0.026144
1 0.023162 0.235948 0.033088 0.030065
1 0.023897 0.241830 0.031618 0.020915
1 0.018015 0.244444 0.033088 0.020915
1 0.013235 0.253595 0.026471 0.028758
7 0.031985 0.083007 0.009559 0.037908
7 0.232721 0.020915 0.005147 0.023529
7 0.229412 0.022222 0.004412 0.023529
3 0.291176 0.020915 0.013235 0.015686
3 0.268015 0.110458 0.021324 0.035294
3 0.249632 0.121569 0.021324 0.041830
3 0.261765 0.144444 0.020588 0.032680
3 0.268015 0.168627 0.025735 0.041830
3 0.284559 0.203922 0.030882 0.047059
3 0.294485 0.239216 0.036029 0.054902
3 0.343382 0.349673 0.048529 0.082353
3 0.345588 0.436601 0.085294 0.101961
11 0.320588 0.264706 0.042647 0.061438
3 0.228676 0.682353 0.158824 0.130719
3 0.085294 0.747712 0.170588 0.135948
3 0.054779 0.871895 0.109559 0.183007
8 0.967647 0.546405 0.019118 0.062745
5 0.966176 0.573856 0.036765 0.039216
7 0.725368 0.610458 0.016912 0.088889
7 0.727941 0.583660 0.016176 0.071895
7 0.627941 0.517647 0.013235 0.073203
7 0.520956 0.622876 0.018382 0.090196
7 0.516912 0.601307 0.019118 0.083660
7 0.516544 0.551634 0.015441 0.091503
7 0.571324 0.483007 0.017647 0.071895
8 0.574265 0.539216 0.013235 0.082353
5 0.568015 0.550980 0.043382 0.048366
5 0.694485 0.421569 0.087500 0.087582
5 0.500368 0.394118 0.050735 0.098039
5 0.461029 0.311765 0.039706 0.061438
5 0.529412 0.254248 0.048529 0.053595
11 0.611397 0.332680 0.059559 0.087582
7 0.450735 0.439216 0.013235 0.078431
8 0.420956 0.484967 0.012500 0.049673
5 0.419485 0.507190 0.012500 0.060131
11 0.403309 0.053595 0.019853 0.023529
3 0.388971 0.046405 0.013235 0.019608
3 0.376103 0.036601 0.012500 0.020915
3 0.366544 0.029412 0.012500 0.019608
7 0.393015 0.053595 0.005147 0.026144
7 0.445588 0.051634 0.005882 0.027451
3 0.491544 0.056863 0.015441 0.022222
7 0.633824 0.201961 0.005882 0.040523
3 0.682353 0.169281 0.020588 0.045752
5 0.748897 0.190196 0.021324 0.022222
3 0.744485 0.215686 0.056618 0.039216
3 0.797059 0.249673 0.063235 0.049673
3 0.872059 0.271242 0.051471 0.048366
3 0.930515 0.288235 0.053676 0.050980
3 0.977574 0.320261 0.043382 0.062745
7 0.965074 0.202614 0.005147 0.036601
7 0.962500 0.201307 0.008824 0.039216
8 0.992647 0.248366 0.008824 0.039216
5 0.988971 0.264052 0.020588 0.026144
9 0.848529 0.213725 0.033824 0.037908
