4 0.883456 0.056209 0.044853 0.039216
4 0.930515 0.093464 0.056618 0.058824
4 0.990441 0.144444 0.017647 0.035294
7 0.672794 0.839869 0.008824 0.040523
7 0.684559 0.841830 0.008824 0.039216
3 0.433088 0.969281 0.032353 0.058824
11 0.481985 0.972549 0.030147 0.052288
5 0.598897 0.907843 0.012500 0.053595
8 0.599632 0.903268 0.011029 0.039216
3 0.481985 0.834641 0.033088 0.111111
3 0.548529 0.579085 0.025000 0.065359
10 0.430515 0.833333 0.033088 0.121569
3 0.436029 0.587582 0.026471 0.082353
3 0.436029 0.707843 0.027941 0.087582
10 0.483088 0.662745 0.033824 0.162092
3 0.485294 0.555556 0.027941 0.073203
3 0.532721 0.445098 0.022794 0.050980
3 0.534191 0.356209 0.018382 0.037908
3 0.496324 0.417647 0.017647 0.045752
11 0.483088 0.458170 0.020588 0.066667
3 0.494853 0.294118 0.017647 0.039216
10 0.462868 0.330719 0.027206 0.088889
11 0.457721 0.259477 0.021324 0.056209
10 0.307721 0.141176 0.018382 0.060131
3 0.435662 0.036601 0.009559 0.031373
7 0.590441 0.275817 0.008824 0.026144
2 0.576838 0.303268 0.033088 0.112418
5 0.641176 0.214379 0.010294 0.015686
3 0.498529 0.180392 0.014706 0.031373
11 0.522426 0.200000 0.013971 0.033987
2 0.555882 0.220261 0.030882 0.090196
3 0.555147 0.176471 0.020588 0.026144
11 0.564706 0.156863 0.011765 0.031373
7 0.568015 0.094771 0.003676 0.016993
3 0.560662 0.130719 0.013971 0.023529
11 0.522426 0.141176 0.013971 0.033987
3 0.528309 0.111765 0.012500 0.024837
3 0.550735 0.078431 0.011765 0.020915
3 0.484926 0.115686 0.012500 0.027451
3 0.472059 0.030719 0.011765 0.019608
3 0.475735 0.005882 0.011765 0.011765
11 0.494118 0.051634 0.011765 0.035294
3 0.520956 0.071242 0.012500 0.024837
3 0.514338 0.042484 0.009559 0.016993
3 0.545956 0.051634 0.011029 0.022222
2 0.545221 0.021569 0.015441 0.043137
11 0.530147 0.041176 0.010294 0.024837
10 0.525735 0.015686 0.011765 0.031373
3 0.215441 0.219608 0.019118 0.031373
10 0.109191 0.228105 0.059559 0.045752
3 0.142279 0.352941 0.036029 0.049673
3 0.114338 0.345752 0.030147 0.045752
3 0.083088 0.347712 0.032353 0.047059
3 0.043382 0.348366 0.039706 0.053595
3 0.007353 0.364706 0.014706 0.049673
3 0.987500 0.220915 0.023529 0.026144
3 0.988235 0.201961 0.022059 0.022222
3 0.923897 0.407843 0.052206 0.049673
3 0.794118 0.262745 0.022059 0.041830
3 0.842279 0.324837 0.037500 0.050980
3 0.862868 0.400000 0.028676 0.073203
3 0.934926 0.245098 0.036029 0.032680
3 0.916912 0.247712 0.032353 0.030065
3 0.897059 0.248366 0.026471 0.026144
3 0.877574 0.250327 0.028676 0.032680
3 0.963603 0.177124 0.028676 0.037908
3 0.940809 0.183660 0.024265 0.024837
3 0.920956 0.183660 0.024265 0.024837
3 0.895956 0.182353 0.027206 0.035294
3 0.880147 0.186928 0.025000 0.031373
3 0.863603 0.186275 0.025735 0.032680
3 0.845588 0.191503 0.022059 0.032680
7 0.926471 0.139216 0.004412 0.019608
7 0.931985 0.138562 0.005147 0.020915
7 0.936765 0.142484 0.004412 0.020915
3 0.940441 0.158170 0.023529 0.026144
3 0.924632 0.160131 0.024265 0.027451
3 0.908824 0.162092 0.023529 0.026144
3 0.891544 0.162092 0.024265 0.026144
3 0.874632 0.164052 0.025735 0.022222
3 0.858088 0.164052 0.020588 0.024837
3 0.839706 0.164052 0.026471 0.024837
3 0.908088 0.136601 0.027941 0.019608
3 0.801838 0.166013 0.024265 0.026144
3 0.780147 0.142484 0.030882 0.026144
4 0.857721 0.052941 0.021324 0.043137
4 0.830882 0.022876 0.020588 0.030065
3 0.890441 0.117647 0.019118 0.023529
3 0.877206 0.116993 0.016176 0.022222
3 0.869853 0.099346 0.019118 0.023529
3 0.861029 0.116993 0.019118 0.024837
3 0.845221 0.115033 0.021324 0.028758
3 0.830147 0.117647 0.020588 0.028758
3 0.856250 0.098693 0.015441 0.022222
3 0.842647 0.098039 0.017647 0.020915
3 0.823897 0.098693 0.018382 0.016993
3 0.810294 0.097386 0.019118 0.027451
3 0.765074 0.103268 0.019853 0.020915
3 0.738603 0.109804 0.016912 0.020915
3 0.831985 0.065359 0.018382 0.020915
3 0.818382 0.066013 0.017647 0.019608
3 0.805147 0.064052 0.017647 0.023529
3 0.790441 0.065359 0.019118 0.026144
3 0.776103 0.067974 0.019853 0.023529
3 0.750000 0.070588 0.017647 0.020915
7 0.713971 0.123529 0.002941 0.022222
7 0.718382 0.124837 0.002941 0.022222
5 0.753676 0.133333 0.005882 0.015686
8 0.752941 0.128105 0.004412 0.015686
3 0.718382 0.075817 0.022059 0.023529
3 0.718382 0.038562 0.022059 0.016993
7 0.699265 0.073856 0.004412 0.019608
3 0.699265 0.050327 0.014706 0.024837
3 0.688971 0.032680 0.010294 0.020915
3 0.718750 0.011111 0.013971 0.014379
11 0.815441 0.045098 0.017647 0.024837
7 0.799632 0.016340 0.005147 0.019608
3 0.802574 0.052288 0.018382 0.015686
3 0.787868 0.051634 0.016912 0.016993
3 0.770588 0.050980 0.017647 0.020915
3 0.773897 0.026797 0.016912 0.019608
3 0.771691 0.009804 0.013971 0.016993
3 0.758456 0.013072 0.016912 0.015686
3 0.761765 0.029412 0.016176 0.019608
3 0.745588 0.012418 0.016176 0.016993
3 0.748897 0.027451 0.013971 0.018301
3 0.750735 0.056863 0.013235 0.022222
