4 0.441146 0.125926 0.107292 0.211111
4 0.673958 0.265741 0.077083 0.083333
1 0.476562 0.250926 0.005208 0.016667
8 0.476042 0.244444 0.006250 0.018519
1 0.467708 0.255556 0.006250 0.018519
8 0.468229 0.247222 0.005208 0.020370
5 0.439063 0.254630 0.005208 0.016667
8 0.439063 0.246296 0.007292 0.018519
3 0.380729 0.306481 0.019792 0.038889
11 0.384375 0.280556 0.020833 0.038889
3 0.507292 0.229630 0.016667 0.029630
7 0.409375 0.269444 0.006250 0.031481
3 0.385417 0.257407 0.016667 0.029630
3 0.390104 0.243519 0.017708 0.031481
7 0.504687 0.261111 0.003125 0.025926
7 0.500521 0.268519 0.005208 0.025926
7 0.508854 0.263889 0.003125 0.027778
7 0.513542 0.268519 0.004167 0.022222
10 0.437500 0.300926 0.022917 0.079630
7 0.409375 0.361111 0.006250 0.029630
7 0.426042 0.436111 0.012500 0.046296
8 0.486979 0.398148 0.007292 0.022222
8 0.486979 0.387037 0.007292 0.025926
5 0.487500 0.400000 0.008333 0.025926
5 0.499479 0.385185 0.007292 0.025926
5 0.506250 0.368519 0.006250 0.022222
8 0.499479 0.383333 0.007292 0.022222
8 0.498958 0.375000 0.006250 0.027778
8 0.505729 0.357407 0.005208 0.022222
8 0.506250 0.362963 0.004167 0.022222
8 0.431771 0.478704 0.009375 0.038889
5 0.431771 0.493519 0.009375 0.038889
7 0.410938 0.497222 0.009375 0.046296
9 0.507292 0.488889 0.014583 0.040741
8 0.506771 0.475926 0.011458 0.037037
7 0.526042 0.402778 0.008333 0.046296
7 0.536458 0.406481 0.008333 0.042593
8 0.223438 0.592593 0.011458 0.037037
7 0.560937 0.459259 0.011458 0.051852
7 0.538021 0.544444 0.011458 0.059259
10 0.633854 0.162037 0.044792 0.031481
8 0.642708 0.200926 0.004167 0.016667
8 0.635938 0.200000 0.007292 0.014815
8 0.627083 0.196296 0.008333 0.018519
8 0.664062 0.197222 0.005208 0.009259
11 0.585938 0.493519 0.038542 0.075926
3 0.577604 0.550926 0.073958 0.072222
3 0.503125 0.583333 0.041667 0.088889
3 0.461458 0.501852 0.037500 0.092593
3 0.444792 0.641667 0.043750 0.124074
0 0.582812 0.628704 0.032292 0.120370
7 0.548958 0.742593 0.016667 0.081481
0 0.373958 0.585185 0.025000 0.096296
7 0.385937 0.577778 0.007292 0.051852
5 0.334375 0.567593 0.037500 0.035185
5 0.341667 0.535185 0.037500 0.037037
5 0.325000 0.612963 0.027083 0.048148
5 0.311458 0.625926 0.041667 0.048148
5 0.300521 0.687963 0.038542 0.046296
5 0.236458 0.722222 0.033333 0.048148
5 0.548958 0.673148 0.016667 0.061111
8 0.547396 0.665741 0.015625 0.042593
8 0.550000 0.660185 0.016667 0.050000
8 0.428646 0.544444 0.013542 0.051852
8 0.394271 0.663889 0.011458 0.050000
8 0.372396 0.771296 0.017708 0.072222
8 0.401042 0.722222 0.016667 0.059259
8 0.401562 0.609259 0.013542 0.033333
7 0.419271 0.582407 0.011458 0.057407
7 0.411979 0.572222 0.013542 0.062963
8 0.403125 0.607407 0.020833 0.048148
5 0.400521 0.627778 0.015625 0.040741
5 0.198437 0.878704 0.044792 0.068519
3 0.318229 0.886111 0.071875 0.187037
3 0.675521 0.916667 0.084375 0.162963
5 0.617708 0.925926 0.018750 0.077778
5 0.572396 0.854630 0.026042 0.072222
5 0.526042 0.850000 0.020833 0.077778
8 0.617188 0.907407 0.019792 0.074074
8 0.572917 0.845370 0.020833 0.075926
8 0.528125 0.847222 0.020833 0.046296
8 0.525521 0.824074 0.019792 0.051852
5 0.876042 0.492593 0.025000 0.040741
8 0.878646 0.485185 0.013542 0.040741
5 0.762500 0.407407 0.027083 0.029630
8 0.125521 0.969444 0.019792 0.038889
5 0.700000 0.315741 0.022917 0.031481
