3 0.559375 0.817593 0.047917 0.135185
3 0.565104 0.648148 0.040625 0.114815
3 0.510417 0.501852 0.033333 0.055556
3 0.467708 0.422222 0.027083 0.040741
3 0.558333 0.437963 0.025000 0.046296
3 0.556771 0.395370 0.019792 0.035185
3 0.559896 0.324074 0.019792 0.033333
3 0.556250 0.272222 0.016667 0.018519
3 0.511458 0.261111 0.012500 0.022222
4 0.479167 0.255556 0.043750 0.085185
7 0.434375 0.659259 0.012500 0.055556
7 0.548958 0.583333 0.012500 0.048148
3 0.445833 0.518519 0.035417 0.070370
3 0.428125 0.594444 0.041667 0.096296
7 0.511458 0.328704 0.006250 0.035185
3 0.492708 0.345370 0.022917 0.038889
3 0.494271 0.311111 0.019792 0.022222
3 0.514583 0.249074 0.012500 0.020370
3 0.513021 0.227778 0.009375 0.014815
2 0.556771 0.232407 0.017708 0.035185
10 0.558854 0.210185 0.015625 0.016667
4 0.534375 0.152778 0.056250 0.098148
7 0.586458 0.188889 0.006250 0.014815
7 0.573958 0.174074 0.002083 0.011111
7 0.570833 0.174074 0.002083 0.014815
4 0.804167 0.221296 0.364583 0.079630
7 0.846875 0.285185 0.008333 0.018519
