4 0.149479 0.203704 0.055208 0.037037
7 0.142187 0.257407 0.003125 0.018519
7 0.152604 0.290741 0.005208 0.022222
7 0.157292 0.290741 0.004167 0.018519
11 0.163542 0.310185 0.027083 0.035185
4 0.139063 0.346296 0.017708 0.025926
7 0.173958 0.453704 0.008333 0.040741
7 0.158333 0.443519 0.006250 0.031481
7 0.162500 0.445370 0.006250 0.031481
0 0.161979 0.466667 0.021875 0.051852
11 0.107813 0.489815 0.063542 0.094444
7 0.092188 0.469444 0.005208 0.031481
5 0.005729 0.571296 0.011458 0.035185
5 0.009375 0.593519 0.008333 0.027778
5 0.017708 0.600000 0.016667 0.051852
8 0.005729 0.687963 0.011458 0.042593
8 0.016667 0.666667 0.012500 0.029630
8 0.039583 0.662963 0.016667 0.040741
4 0.066667 0.574074 0.064583 0.066667
5 0.115104 0.553704 0.017708 0.029630
4 0.137500 0.548148 0.020833 0.014815
7 0.155729 0.565741 0.011458 0.046296
0 0.142708 0.589815 0.025000 0.064815
9 0.120313 0.612963 0.038542 0.051852
7 0.171875 0.623148 0.006250 0.027778
7 0.179688 0.617593 0.009375 0.050000
8 0.182292 0.590741 0.014583 0.037037
4 0.293229 0.212037 0.055208 0.046296
4 0.330208 0.294444 0.029167 0.018519
5 0.213542 0.437037 0.022917 0.033333
7 0.201042 0.447222 0.006250 0.038889
8 0.202604 0.479630 0.013542 0.022222
7 0.209375 0.512963 0.008333 0.044444
8 0.203646 0.511111 0.005208 0.014815
7 0.200000 0.519444 0.004167 0.035185
1 0.203646 0.525000 0.007292 0.031481
4 0.230729 0.555556 0.011458 0.040741
8 0.255729 0.533333 0.017708 0.022222
8 0.277604 0.534259 0.011458 0.035185
8 0.290625 0.531481 0.010417 0.040741
7 0.254688 0.668519 0.011458 0.048148
8 0.227083 0.980556 0.014583 0.031481
4 0.253125 0.449074 0.014583 0.024074
4 0.241667 0.475000 0.035417 0.020370
7 0.238021 0.441667 0.007292 0.035185
7 0.240625 0.431481 0.008333 0.033333
8 0.229687 0.453704 0.009375 0.018519
7 0.259375 0.436111 0.004167 0.027778
7 0.316667 0.464815 0.006250 0.022222
7 0.305729 0.459259 0.007292 0.037037
7 0.316667 0.443519 0.006250 0.031481
4 0.379167 0.339815 0.035417 0.031481
8 0.382292 0.422222 0.006250 0.029630
8 0.390104 0.420370 0.007292 0.025926
8 0.393750 0.411111 0.012500 0.025926
7 0.370833 0.405556 0.004167 0.018519
8 0.367188 0.413889 0.007292 0.020370
5 0.363021 0.428704 0.011458 0.024074
7 0.425521 0.391667 0.007292 0.027778
7 0.425521 0.407407 0.005208 0.025926
7 0.410417 0.449074 0.008333 0.035185
7 0.381250 0.461111 0.008333 0.033333
7 0.358333 0.483333 0.008333 0.033333
7 0.395313 0.492593 0.009375 0.040741
8 0.380208 0.522222 0.010417 0.029630
8 0.404167 0.511111 0.006250 0.022222
7 0.415104 0.509259 0.009375 0.040741
7 0.433333 0.497222 0.008333 0.038889
5 0.310417 0.521296 0.010417 0.031481
5 0.330208 0.513889 0.012500 0.031481
5 0.344792 0.506481 0.010417 0.031481
4 0.381250 0.493519 0.014583 0.024074
7 0.371875 0.470370 0.008333 0.040741
4 0.408854 0.478704 0.011458 0.016667
4 0.447917 0.473148 0.016667 0.035185
8 0.467187 0.470370 0.009375 0.029630
8 0.479167 0.463889 0.010417 0.031481
8 0.492188 0.462963 0.007292 0.033333
7 0.468229 0.451852 0.005208 0.029630
4 0.508854 0.452778 0.015625 0.035185
7 0.556250 0.449074 0.006250 0.038889
4 0.477083 0.496296 0.022917 0.018519
7 0.539583 0.511111 0.006250 0.040741
8 0.525000 0.514815 0.008333 0.029630
7 0.510417 0.531481 0.004167 0.014815
8 0.505208 0.524074 0.006250 0.014815
7 0.501042 0.523148 0.008333 0.042593
7 0.490104 0.522222 0.009375 0.022222
7 0.486458 0.532407 0.008333 0.046296
7 0.530208 0.559259 0.006250 0.022222
7 0.582292 0.582407 0.010417 0.035185
7 0.610417 0.587963 0.014583 0.035185
7 0.667708 0.574074 0.010417 0.029630
7 0.665625 0.603704 0.006250 0.022222
8 0.704688 0.625000 0.009375 0.027778
8 0.722396 0.629630 0.011458 0.033333
7 0.763542 0.580556 0.010417 0.046296
8 0.756250 0.475926 0.004167 0.014815
7 0.757812 0.488889 0.007292 0.037037
7 0.591667 0.420370 0.006250 0.033333
7 0.605729 0.419444 0.009375 0.035185
7 0.563542 0.417593 0.008333 0.031481
4 0.508333 0.294444 0.039583 0.033333
11 0.527604 0.284259 0.023958 0.035185
4 0.550521 0.270370 0.015625 0.048148
6 0.577083 0.263889 0.033333 0.031481
11 0.589583 0.294444 0.045833 0.044444
7 0.610417 0.330556 0.004167 0.020370
7 0.616667 0.332407 0.004167 0.027778
4 0.652604 0.296296 0.063542 0.100000
11 0.490104 0.242593 0.036458 0.025926
8 0.439583 0.720370 0.014583 0.044444
7 0.422396 0.718519 0.007292 0.044444
7 0.409896 0.711111 0.009375 0.062963
7 0.416667 0.692593 0.008333 0.040741
7 0.423438 0.698148 0.007292 0.029630
7 0.439583 0.701852 0.006250 0.029630
7 0.446875 0.698148 0.006250 0.025926
7 0.454688 0.683333 0.007292 0.029630
7 0.453125 0.725000 0.006250 0.027778
7 0.460938 0.719444 0.007292 0.027778
7 0.464583 0.703704 0.006250 0.022222
7 0.468750 0.683333 0.006250 0.044444
7 0.494792 0.747222 0.010417 0.057407
7 0.494792 0.845370 0.012500 0.068519
7 0.603125 0.716667 0.008333 0.059259
7 0.614583 0.740741 0.010417 0.059259
7 0.627083 0.733333 0.012500 0.059259
7 0.668229 0.753704 0.009375 0.059259
7 0.697396 0.720370 0.015625 0.055556
7 0.709375 0.752778 0.010417 0.046296
7 0.711979 0.736111 0.013542 0.053704
7 0.719792 0.787963 0.008333 0.038889
1 0.746875 0.647222 0.031250 0.027778
7 0.798958 0.689815 0.008333 0.035185
7 0.811458 0.705556 0.008333 0.033333
8 0.819792 0.808333 0.016667 0.046296
8 0.805208 0.756481 0.006250 0.024074
7 0.806771 0.772222 0.015625 0.059259
7 0.834896 0.716667 0.011458 0.059259
7 0.836979 0.714815 0.009375 0.044444
7 0.941667 0.451852 0.006250 0.040741
7 0.928646 0.449074 0.011458 0.042593
4 0.899479 0.440741 0.026042 0.055556
4 0.938021 0.530556 0.048958 0.068519
7 0.966146 0.557407 0.011458 0.048148
7 0.893750 0.537963 0.010417 0.050000
7 0.933333 0.638889 0.014583 0.055556
7 0.979688 0.796296 0.015625 0.066667
7 0.957292 0.953704 0.016667 0.059259
7 0.942187 0.934259 0.023958 0.072222
8 0.936979 0.982407 0.015625 0.031481
7 0.990625 0.675926 0.014583 0.055556
