7 0.594271 0.509259 0.007292 0.048148
7 0.535937 0.335185 0.005208 0.029630
7 0.532292 0.333333 0.006250 0.029630
3 0.517188 0.360185 0.023958 0.038889
1 0.488542 0.324074 0.006250 0.022222
8 0.488021 0.315741 0.009375 0.027778
10 0.539062 0.460185 0.028125 0.068519
3 0.510417 0.257407 0.037500 0.022222
3 0.511979 0.246296 0.032292 0.022222
3 0.500000 0.510185 0.033333 0.064815
9 0.431771 0.338889 0.013542 0.040741
7 0.410938 0.291667 0.005208 0.027778
7 0.413021 0.297222 0.005208 0.024074
7 0.411458 0.302778 0.002083 0.020370
7 0.414583 0.357407 0.006250 0.033333
