3 0.120588 0.043791 0.016176 0.016993
3 0.158824 0.029412 0.013235 0.016993
3 0.196324 0.047712 0.016176 0.019608
3 0.208088 0.032026 0.011765 0.014379
3 0.192279 0.032680 0.012500 0.013072
3 0.208456 0.016993 0.021324 0.015686
3 0.234926 0.049673 0.012500 0.015686
3 0.255147 0.048366 0.011765 0.020915
3 0.303309 0.050327 0.013971 0.019608
3 0.287868 0.048366 0.012500 0.015686
3 0.274265 0.046405 0.011765 0.016993
3 0.145956 0.027451 0.011029 0.013072
3 0.131985 0.033333 0.021324 0.011765
10 0.272426 0.022222 0.028676 0.023529
3 0.012132 0.386928 0.024265 0.036601
3 0.040809 0.356863 0.065441 0.033987
3 0.026471 0.334641 0.052941 0.036601
3 0.048529 0.311111 0.064706 0.033987
3 0.109926 0.373203 0.053676 0.040523
3 0.132721 0.349673 0.049265 0.032680
3 0.112132 0.326144 0.055147 0.035294
3 0.126103 0.305882 0.059559 0.036601
3 0.192647 0.298039 0.054412 0.031373
3 0.187868 0.318954 0.046324 0.033987
3 0.193382 0.360131 0.061765 0.045752
11 0.206618 0.336601 0.051471 0.043137
3 0.328309 0.939216 0.053676 0.118954
3 0.402941 0.868627 0.042647 0.139869
3 0.545588 0.895425 0.047059 0.135948
11 0.535662 0.647712 0.031618 0.100654
3 0.490809 0.643137 0.034559 0.094118
3 0.524632 0.477124 0.025735 0.060131
11 0.486029 0.492810 0.027941 0.065359
8 0.556985 0.464706 0.006618 0.022222
8 0.556985 0.474510 0.006618 0.020915
5 0.556985 0.479085 0.006618 0.032680
3 0.463235 0.404575 0.025000 0.043137
10 0.406618 0.446405 0.035294 0.121569
3 0.421324 0.376471 0.023529 0.047059
7 0.327941 0.280392 0.007353 0.032680
3 0.416176 0.272549 0.019118 0.040523
3 0.522059 0.284967 0.020588 0.031373
11 0.491544 0.263399 0.016912 0.040523
3 0.502206 0.235294 0.014706 0.031373
11 0.465441 0.256863 0.022059 0.048366
3 0.461397 0.230719 0.018382 0.032680
3 0.447794 0.206536 0.020588 0.033987
3 0.404779 0.200000 0.030147 0.026144
3 0.326103 0.022876 0.009559 0.014379
3 0.464338 0.184314 0.013971 0.031373
3 0.456985 0.156209 0.013971 0.024837
11 0.443015 0.137908 0.012500 0.030065
3 0.447059 0.110458 0.010294 0.024837
3 0.468015 0.103268 0.011029 0.026144
10 0.488971 0.152941 0.023529 0.086275
10 0.508824 0.127451 0.019118 0.048366
3 0.879044 0.279739 0.033088 0.031373
3 0.943750 0.221569 0.034559 0.027451
3 0.937500 0.204575 0.026471 0.027451
3 0.890441 0.209150 0.035294 0.028758
3 0.896324 0.198039 0.035294 0.027451
3 0.841912 0.213725 0.035294 0.030065
3 0.804044 0.235294 0.038971 0.026144
3 0.791544 0.218954 0.033088 0.027451
3 0.808456 0.203268 0.036029 0.030065
3 0.754779 0.238562 0.038971 0.027451
3 0.747426 0.223529 0.036029 0.023529
3 0.736765 0.210458 0.032353 0.026144
3 0.709559 0.253595 0.038235 0.033987
3 0.703309 0.237908 0.038971 0.026144
3 0.693382 0.222876 0.036765 0.030065
3 0.678676 0.213072 0.027941 0.026144
7 0.723162 0.182353 0.005147 0.024837
3 0.627574 0.218301 0.038971 0.026144
5 0.621691 0.203922 0.012500 0.013072
8 0.622059 0.197386 0.004412 0.013072
3 0.575000 0.213725 0.036765 0.024837
3 0.534926 0.196078 0.030147 0.023529
7 0.579412 0.178431 0.002941 0.022222
7 0.573897 0.177124 0.005147 0.024837
7 0.565441 0.177124 0.005882 0.027451
7 0.555882 0.169935 0.004412 0.023529
8 0.432353 0.100000 0.004412 0.011765
1 0.431250 0.110458 0.005147 0.009150
5 0.514338 0.094771 0.005147 0.009150
5 0.511029 0.030065 0.002941 0.007843
5 0.515441 0.032026 0.002941 0.006536
8 0.515441 0.087582 0.005882 0.010458
8 0.509926 0.022876 0.003676 0.009150
8 0.513971 0.022876 0.001471 0.003922
7 0.510662 0.052941 0.003676 0.016993
3 0.519485 0.060784 0.009559 0.016993
3 0.505147 0.075817 0.010294 0.015686
3 0.493750 0.092157 0.011029 0.019608
3 0.492279 0.064052 0.011029 0.018301
3 0.496324 0.050980 0.007353 0.018301
3 0.505515 0.039216 0.006618 0.015686
3 0.502206 0.028105 0.008824 0.014379
3 0.505882 0.022222 0.007353 0.010458
3 0.502574 0.011111 0.005147 0.011765
3 0.492647 0.033333 0.007353 0.011765
3 0.492279 0.019608 0.006618 0.015686
3 0.492279 0.006536 0.005147 0.010458
3 0.492279 0.005229 0.009559 0.010458
3 0.504044 0.005229 0.006618 0.010458
3 0.516912 0.015686 0.005882 0.015686
3 0.516176 0.005882 0.008824 0.011765
3 0.472426 0.086275 0.008088 0.018301
3 0.450735 0.085621 0.013235 0.022222
3 0.458088 0.074510 0.010294 0.018301
3 0.471324 0.054248 0.010294 0.014379
3 0.477941 0.039216 0.008824 0.013072
3 0.479412 0.033333 0.008824 0.016993
10 0.476838 0.015686 0.011029 0.031373
3 0.457353 0.054248 0.010294 0.016993
3 0.462500 0.041830 0.010294 0.010458
2 0.457353 0.023529 0.013235 0.028758
3 0.461397 0.020915 0.009559 0.013072
3 0.460662 0.005882 0.008088 0.009150
