3 0.169531 0.865741 0.082812 0.148148
3 0.300781 0.697685 0.056771 0.095370
3 0.421094 0.877778 0.051562 0.124074
3 0.430469 0.741667 0.040104 0.090741
3 0.447396 0.656019 0.033333 0.067593
3 0.507812 0.774537 0.039583 0.099074
3 0.508333 0.673611 0.035417 0.075000
3 0.499219 0.929630 0.047396 0.129630
3 0.566406 0.675926 0.036979 0.079630
3 0.585156 0.806944 0.041146 0.097222
3 0.650521 0.745833 0.048958 0.099074
3 0.622656 0.659722 0.036979 0.071296
10 0.650000 0.753241 0.068750 0.184259
3 0.593490 0.950000 0.058854 0.096296
8 0.752344 0.961574 0.021354 0.045370
5 0.752083 0.974074 0.029167 0.050000
3 0.816146 0.494444 0.062500 0.044444
3 0.804167 0.474074 0.062500 0.035185
3 0.711979 0.477778 0.048958 0.035185
3 0.643490 0.443056 0.045312 0.049074
3 0.576042 0.452778 0.058333 0.042593
3 0.569271 0.380093 0.025000 0.032407
3 0.324219 0.437963 0.050521 0.050000
3 0.364323 0.425463 0.042188 0.039815
3 0.311198 0.400463 0.042188 0.032407
3 0.238542 0.439815 0.048958 0.037037
3 0.220573 0.402315 0.047396 0.034259
3 0.152083 0.428704 0.057292 0.050000
10 0.159375 0.395833 0.072917 0.069444
10 0.428646 0.455556 0.071875 0.074074
10 0.449740 0.427778 0.050521 0.037037
3 0.063542 0.418519 0.048958 0.033333
3 0.041406 0.393519 0.046354 0.029630
3 0.022656 0.377315 0.043229 0.028704
7 0.270573 0.369444 0.005729 0.029630
7 0.280729 0.366667 0.007292 0.018519
7 0.261719 0.368981 0.003646 0.026852
7 0.259635 0.367130 0.004687 0.026852
8 0.225260 0.372222 0.007812 0.018519
1 0.226042 0.381944 0.016667 0.019444
8 0.356250 0.350463 0.004167 0.025000
1 0.355990 0.356481 0.005729 0.022222
3 0.403385 0.345833 0.017188 0.026852
3 0.427604 0.349537 0.016667 0.028704
3 0.453385 0.348611 0.015104 0.028704
3 0.457813 0.323148 0.013542 0.024074
3 0.430729 0.329630 0.015625 0.022222
3 0.435937 0.313426 0.014583 0.023148
3 0.441406 0.298611 0.013021 0.021296
3 0.444531 0.278241 0.011979 0.019444
3 0.460677 0.303704 0.014063 0.025926
3 0.466927 0.285648 0.014063 0.019444
3 0.468229 0.271759 0.011458 0.013889
3 0.468490 0.257870 0.010937 0.019444
3 0.448958 0.272685 0.010417 0.017593
3 0.451823 0.260648 0.010937 0.013889
3 0.433854 0.248148 0.012500 0.018519
3 0.423958 0.257870 0.010417 0.017593
3 0.431510 0.264352 0.009896 0.015741
3 0.425260 0.277778 0.013021 0.018519
3 0.421354 0.289352 0.010417 0.019444
2 0.407031 0.307870 0.031771 0.054630
8 0.520573 0.408333 0.005729 0.024074
1 0.522656 0.417130 0.020313 0.023148
7 0.539844 0.561574 0.010937 0.043519
3 0.566406 0.247685 0.013021 0.017593
7 0.554948 0.243519 0.002604 0.014815
7 0.543490 0.223611 0.002604 0.012037
7 0.456771 0.239815 0.002083 0.011111
7 0.453906 0.242130 0.001563 0.012037
7 0.433333 0.234722 0.002083 0.012037
7 0.419531 0.238426 0.003646 0.013889
7 0.411719 0.234259 0.002604 0.014815
3 0.490365 0.211574 0.005729 0.017593
3 0.474740 0.214815 0.007812 0.012963
3 0.464323 0.225926 0.008854 0.014815
3 0.449479 0.192130 0.006250 0.010185
3 0.474479 0.179167 0.006250 0.010185
3 0.489063 0.162500 0.005208 0.006481
3 0.450260 0.184259 0.005729 0.009259
3 0.456771 0.172685 0.006250 0.010185
3 0.460677 0.171296 0.006771 0.007407
3 0.551562 0.191204 0.006250 0.015741
4 0.616927 0.180556 0.056771 0.090741
3 0.467708 0.163426 0.005208 0.008333
3 0.471354 0.160648 0.005208 0.008333
3 0.478385 0.158333 0.004687 0.007407
3 0.476562 0.153241 0.005208 0.006481
4 0.874219 0.250463 0.063021 0.015741
4 0.266667 0.187963 0.016667 0.009259
