8 0.377083 0.851852 0.014583 0.044444
8 0.391406 0.816204 0.018229 0.047222
1 0.376302 0.884259 0.023438 0.051852
1 0.395052 0.845833 0.016146 0.045370
3 0.342708 0.791667 0.050000 0.107407
10 0.368229 0.669444 0.062500 0.118519
10 0.413802 0.464352 0.038021 0.082407
3 0.483594 0.475926 0.022396 0.038889
3 0.430208 0.426852 0.031250 0.044444
3 0.497656 0.396296 0.018229 0.027778
10 0.444010 0.377315 0.025521 0.041667
10 0.460677 0.325926 0.019271 0.042593
10 0.462240 0.311574 0.013021 0.034259
10 0.470313 0.304630 0.015625 0.029630
3 0.494010 0.292130 0.008854 0.017593
3 0.516406 0.272222 0.011979 0.018519
3 0.548438 0.315741 0.006250 0.016667
7 0.541406 0.299537 0.005729 0.015741
3 0.646875 0.288426 0.018750 0.015741
10 0.632031 0.276852 0.034896 0.025926
4 0.571094 0.247222 0.064062 0.051852
6 0.500000 0.245370 0.023958 0.027778
10 0.719271 0.303704 0.019792 0.029630
10 0.689323 0.264352 0.018229 0.030556
6 0.076042 0.477778 0.073958 0.087037
6 0.127344 0.315741 0.046354 0.040741
10 0.229948 0.386574 0.050521 0.043519
8 0.231771 0.373148 0.004167 0.022222
8 0.225521 0.374537 0.006250 0.023148
11 0.185677 0.446759 0.033854 0.047222
4 0.372135 0.325463 0.090104 0.112037
