3 0.050000 0.792157 0.022059 0.028758
3 0.021324 0.822222 0.026471 0.028758
3 0.003309 0.850980 0.006618 0.031373
3 0.218750 0.852941 0.021324 0.032680
2 0.258088 0.902614 0.048529 0.082353
7 0.308088 0.982353 0.002941 0.016993
7 0.315074 0.979085 0.003676 0.018301
7 0.285662 0.896078 0.003676 0.016993
8 0.280147 0.954248 0.002941 0.015686
1 0.279779 0.960131 0.009559 0.014379
3 0.330515 0.673856 0.016912 0.022222
3 0.438235 0.654902 0.011765 0.018301
3 0.331618 0.586275 0.013235 0.022222
3 0.472426 0.445752 0.008088 0.010458
3 0.452941 0.400000 0.008824 0.010458
3 0.509926 0.405229 0.008088 0.010458
3 0.500735 0.400654 0.007353 0.011765
2 0.486765 0.365359 0.016176 0.022222
10 0.709191 0.258170 0.033088 0.022222
3 0.594485 0.303268 0.005147 0.007843
3 0.565074 0.280392 0.003676 0.006536
3 0.583456 0.269281 0.003676 0.007843
3 0.619118 0.183007 0.002941 0.005229
3 0.627941 0.185621 0.002941 0.005229
3 0.598897 0.241176 0.002206 0.003922
10 0.593382 0.205229 0.008824 0.013072
10 0.575735 0.204575 0.010294 0.016993
3 0.623897 0.177778 0.002206 0.005229
3 0.634191 0.177124 0.000735 0.003922
10 0.864706 0.461438 0.014706 0.033987
10 0.579044 0.374510 0.011029 0.019608
