4 0.253906 0.478241 0.040104 0.039815
4 0.355990 0.500463 0.044271 0.050926
4 0.719531 0.571759 0.081771 0.056481
7 0.874740 0.631944 0.015104 0.050926
7 0.879427 0.731019 0.014063 0.075000
3 0.813802 0.603241 0.036979 0.060185
7 0.833073 0.698611 0.015104 0.028704
7 0.862760 0.693056 0.009896 0.028704
7 0.883073 0.690278 0.013021 0.045370
3 0.932552 0.774537 0.086979 0.125000
9 0.852344 0.735648 0.039062 0.073148
9 0.846094 0.617130 0.026562 0.058333
5 0.845052 0.657870 0.039062 0.039815
3 0.800260 0.959722 0.170313 0.076852
1 0.777344 0.684722 0.009896 0.049074
