7 0.008824 0.983660 0.017647 0.030065
5 0.275368 0.696078 0.015441 0.061438
8 0.276471 0.678431 0.016176 0.054902
3 0.390441 0.851634 0.060294 0.210458
7 0.298162 0.474510 0.012500 0.052288
8 0.352574 0.518954 0.013971 0.049673
3 0.351471 0.533987 0.013235 0.050980
3 0.368382 0.271242 0.010294 0.030065
3 0.447059 0.478431 0.041176 0.109804
3 0.390441 0.471242 0.039706 0.103268
3 0.506985 0.328758 0.033088 0.069281
3 0.543015 0.225490 0.030147 0.056209
3 0.437132 0.317647 0.037500 0.096732
3 0.396691 0.316993 0.033088 0.082353
3 0.406618 0.140523 0.026471 0.056209
3 0.451471 0.107190 0.023529 0.049673
11 0.447059 0.225490 0.026471 0.077124
11 0.396691 0.214379 0.028676 0.078431
1 0.362868 0.432680 0.011029 0.044444
1 0.346324 0.428758 0.010294 0.044444
1 0.370221 0.336601 0.008088 0.040523
1 0.550735 0.061438 0.008824 0.023529
8 0.362868 0.412418 0.012500 0.040523
8 0.348529 0.415033 0.013235 0.045752
8 0.370221 0.320915 0.011029 0.043137
8 0.367647 0.259477 0.011765 0.035294
8 0.570588 0.033333 0.005882 0.019608
8 0.551471 0.054902 0.005882 0.028758
8 0.580515 0.033987 0.005147 0.018301
8 0.586397 0.026144 0.008088 0.020915
8 0.572794 0.028758 0.005882 0.018301
7 0.576103 0.017647 0.003676 0.027451
7 0.567647 0.022876 0.005882 0.019608
3 0.446324 0.064706 0.022059 0.045752
3 0.451838 0.022876 0.021324 0.045752
3 0.417279 0.068627 0.022794 0.048366
11 0.425735 0.021569 0.020588 0.043137
