4 0.470221 0.194118 0.086029 0.095425
3 0.415441 0.256863 0.004412 0.006536
3 0.493750 0.258170 0.006618 0.006536
10 0.484926 0.245752 0.006618 0.013072
10 0.423529 0.264706 0.010294 0.022222
3 0.411029 0.284314 0.007353 0.009150
3 0.465074 0.281046 0.011029 0.007843
3 0.451471 0.335948 0.005882 0.013072
3 0.518382 0.345098 0.007353 0.010458
10 0.556618 0.299346 0.016176 0.033987
3 0.566912 0.353595 0.008824 0.011765
6 0.542647 0.256863 0.010294 0.022222
2 0.560662 0.479085 0.022794 0.050980
10 0.501471 0.746405 0.035294 0.188235
11 0.438235 0.965359 0.027941 0.066667
