7 0.555208 0.473148 0.012500 0.068519
7 0.548958 0.544444 0.014583 0.085185
7 0.507812 0.521296 0.011458 0.075926
7 0.491667 0.515741 0.012500 0.064815
7 0.467187 0.488889 0.015625 0.074074
7 0.488021 0.494444 0.013542 0.059259
7 0.492188 0.484259 0.007292 0.027778
7 0.619792 0.194444 0.006250 0.025926
7 0.611458 0.197222 0.006250 0.027778
7 0.603646 0.194444 0.005208 0.033333
7 0.624479 0.162963 0.003125 0.018519
7 0.634896 0.136111 0.003125 0.020370
7 0.611458 0.160185 0.002083 0.024074
7 0.608854 0.161111 0.003125 0.025926
7 0.606250 0.160185 0.004167 0.024074
7 0.604688 0.144444 0.003125 0.022222
