3 0.585294 0.627451 0.039706 0.086275
3 0.519485 0.633987 0.034559 0.086275
3 0.515809 0.537908 0.031618 0.074510
3 0.565441 0.471895 0.030882 0.060131
3 0.511029 0.371242 0.029412 0.047059
11 0.169853 0.779085 0.116176 0.130719
7 0.677941 0.544444 0.011765 0.050980
7 0.685294 0.526144 0.008824 0.053595
7 0.119853 0.794118 0.014706 0.066667
7 0.104412 0.798039 0.013235 0.056209
7 0.090809 0.841830 0.012500 0.057516
3 0.202941 0.677124 0.102941 0.086275
3 0.244853 0.606536 0.107353 0.083660
3 0.236765 0.504575 0.102941 0.049673
3 0.151103 0.511765 0.059559 0.118954
3 0.267647 0.343791 0.067647 0.047059
3 0.513971 0.437255 0.025000 0.045752
8 0.516176 0.466013 0.007353 0.032680
8 0.627574 0.587582 0.009559 0.045752
5 0.516544 0.481699 0.006618 0.027451
1 0.627941 0.606536 0.010294 0.036601
3 0.556985 0.420915 0.025735 0.044444
3 0.553676 0.374510 0.026471 0.040523
3 0.446324 0.321569 0.029412 0.047059
3 0.403676 0.298039 0.042647 0.031373
3 0.427574 0.286928 0.041912 0.027451
3 0.449265 0.268627 0.044118 0.032680
11 0.390809 0.257516 0.036029 0.033987
4 0.439338 0.241830 0.050735 0.013072
3 0.476471 0.235294 0.013235 0.026144
3 0.476471 0.223529 0.013235 0.026144
3 0.479779 0.205229 0.013971 0.026144
3 0.481985 0.191503 0.012500 0.022222
3 0.481985 0.181046 0.011029 0.024837
3 0.482721 0.170588 0.012500 0.022222
3 0.512868 0.178431 0.012500 0.022222
3 0.457721 0.196078 0.011029 0.018301
3 0.453309 0.220261 0.012500 0.022222
9 0.527206 0.297386 0.025000 0.030065
4 0.410294 0.190850 0.063235 0.060131
8 0.445956 0.189542 0.003676 0.010458
1 0.445956 0.198693 0.003676 0.013072
3 0.438235 0.147059 0.029412 0.014379
7 0.662500 0.264052 0.005882 0.026144
5 0.659926 0.268627 0.015441 0.014379
7 0.628676 0.247712 0.002941 0.024837
7 0.632353 0.250327 0.002941 0.019608
7 0.597426 0.377124 0.011029 0.043137
3 0.583456 0.226144 0.028676 0.026144
3 0.569853 0.205882 0.027941 0.019608
3 0.561029 0.181046 0.027941 0.016993
3 0.486765 0.115033 0.007353 0.013072
3 0.464706 0.120261 0.007353 0.013072
3 0.470588 0.114379 0.016176 0.014379
4 0.499265 0.050327 0.048529 0.100654
8 0.513971 0.123529 0.004412 0.009150
8 0.520588 0.116340 0.004412 0.010458
5 0.513971 0.129412 0.004412 0.007843
5 0.519853 0.123529 0.002941 0.006536
11 0.213603 0.248366 0.041912 0.031373
3 0.933088 0.266013 0.030882 0.027451
3 0.977574 0.272549 0.034559 0.022222
7 0.776471 0.271242 0.005882 0.024837
7 0.774265 0.269281 0.005882 0.026144
7 0.786765 0.250980 0.005882 0.026144
8 0.881618 0.277778 0.007353 0.019608
5 0.881985 0.286275 0.016912 0.010458
7 0.859559 0.257516 0.007353 0.026144
3 0.840441 0.250980 0.008824 0.020915
3 0.847794 0.249673 0.008824 0.020915
3 0.891912 0.264706 0.008824 0.014379
3 0.879044 0.265359 0.008088 0.015686
1 0.833088 0.252288 0.007353 0.018301
3 0.813971 0.266667 0.004412 0.020915
7 0.943382 0.240523 0.005882 0.023529
7 0.981985 0.247059 0.005147 0.018301
7 0.971324 0.244444 0.004412 0.018301
5 0.967647 0.250980 0.007353 0.013072
5 0.290809 0.231373 0.036029 0.031373
8 0.642647 0.870588 0.013235 0.047059
5 0.641176 0.847059 0.013235 0.047059
5 0.640074 0.867974 0.019853 0.062745
8 0.544853 0.922222 0.019118 0.056209
5 0.544118 0.939869 0.020588 0.070588
