4 0.599632 0.025490 0.031618 0.024837
3 0.341912 0.686928 0.088235 0.181699
3 0.449265 0.653595 0.067647 0.151634
3 0.409191 0.513725 0.059559 0.096732
3 0.494485 0.503268 0.043382 0.086275
3 0.592279 0.421569 0.034559 0.071895
3 0.675735 0.408497 0.033824 0.053595
3 0.908088 0.561438 0.077941 0.100654
3 0.085294 0.598693 0.085294 0.091503
3 0.161397 0.507190 0.081618 0.091503
3 0.162500 0.319608 0.047059 0.045752
3 0.595221 0.179085 0.012500 0.026144
3 0.605515 0.132680 0.012500 0.014379
3 0.855147 0.469281 0.058824 0.075817
3 0.511397 0.201307 0.016912 0.039216
3 0.519853 0.188889 0.010294 0.027451
3 0.522794 0.168627 0.020588 0.020915
11 0.227206 0.356209 0.033824 0.071895
3 0.225735 0.432026 0.051471 0.074510
3 0.279779 0.375163 0.053676 0.062745
3 0.288235 0.300654 0.041176 0.047059
11 0.202206 0.282353 0.036765 0.054902
3 0.240441 0.263399 0.039706 0.045752
7 0.491912 0.269281 0.007353 0.036601
8 0.434559 0.978431 0.029412 0.040523
7 0.007721 0.615033 0.015441 0.079739
9 0.568382 0.139869 0.007353 0.010458
5 0.152941 0.412418 0.014706 0.037908
5 0.009191 0.428758 0.018382 0.039216
5 0.019485 0.411111 0.022794 0.048366
5 0.272794 0.233333 0.025000 0.019608
3 0.808088 0.247059 0.048529 0.033987
2 0.600000 0.056863 0.007353 0.016993
3 0.613235 0.063399 0.008824 0.009150
3 0.387132 0.246405 0.033088 0.053595
3 0.415809 0.212418 0.047794 0.040523
8 0.569118 0.133987 0.004412 0.011765
8 0.552574 0.145752 0.002206 0.009150
8 0.543015 0.137908 0.003676 0.016993
5 0.542279 0.143137 0.006618 0.011765
5 0.552574 0.149673 0.003676 0.011765
