7 0.571354 0.125000 0.013542 0.072222
7 0.767708 0.346296 0.020833 0.051852
7 0.831250 0.488889 0.033333 0.062963
7 0.454688 0.694444 0.028125 0.066667
7 0.561458 0.838889 0.020833 0.055556
7 0.932813 0.845370 0.040625 0.053704
7 0.975000 0.643519 0.041667 0.072222
7 0.419271 0.790741 0.021875 0.066667
7 0.152604 0.352778 0.030208 0.064815
7 0.247917 0.702778 0.035417 0.068519
7 0.185417 0.827778 0.041667 0.051852
7 0.136979 0.287037 0.034375 0.062963
7 0.299479 0.412963 0.030208 0.070370
7 0.272917 0.412037 0.025000 0.075926
7 0.057292 0.366667 0.041667 0.062963
7 0.036458 0.406481 0.045833 0.061111
7 0.021354 0.434259 0.042708 0.061111
7 0.384896 0.966667 0.034375 0.040741
7 0.354167 0.975000 0.031250 0.046296
