8 0.390809 0.930065 0.019853 0.079739
5 0.391176 0.951634 0.020588 0.081046
8 0.188235 0.852288 0.022059 0.062745
9 0.186765 0.864052 0.022059 0.065359
9 0.183456 0.900000 0.030147 0.079739
7 0.236397 0.814379 0.018382 0.083660
7 0.097426 0.720915 0.030147 0.074510
3 0.146691 0.729412 0.075735 0.104575
3 0.102574 0.604575 0.122794 0.069281
3 0.125735 0.556863 0.113235 0.070588
3 0.158088 0.495425 0.104412 0.049673
3 0.188971 0.454902 0.095588 0.049673
7 0.344118 0.390850 0.005882 0.028758
8 0.334191 0.371242 0.006618 0.023529
0 0.330515 0.373856 0.015441 0.041830
8 0.436029 0.364706 0.008824 0.033987
1 0.436029 0.372549 0.020588 0.023529
7 0.341912 0.303268 0.005882 0.028758
2 0.330515 0.268627 0.030147 0.058824
3 0.332721 0.226144 0.033088 0.023529
3 0.413603 0.239216 0.013971 0.023529
3 0.362500 0.218954 0.013235 0.022222
7 0.378676 0.229412 0.004412 0.016993
7 0.383456 0.228105 0.002206 0.016993
7 0.386029 0.228758 0.002941 0.018301
3 0.373529 0.194118 0.013235 0.016993
3 0.368750 0.189542 0.027206 0.015686
3 0.363235 0.172549 0.023529 0.010458
3 0.376838 0.185621 0.009559 0.018301
7 0.382721 0.169935 0.002206 0.013072
4 0.400368 0.128105 0.011029 0.015686
4 0.393015 0.142484 0.011029 0.015686
7 0.394853 0.162745 0.001471 0.011765
4 0.388603 0.158824 0.006618 0.011765
4 0.381250 0.157516 0.003676 0.006536
8 0.945588 0.813072 0.023529 0.047059
1 0.944118 0.837908 0.023529 0.073203
3 0.953676 0.622222 0.091176 0.065359
11 0.935294 0.564706 0.086765 0.078431
4 0.989706 0.373856 0.016176 0.036601
8 0.929044 0.441176 0.012500 0.027451
8 0.892647 0.432026 0.011765 0.037908
1 0.891544 0.441830 0.009559 0.031373
3 0.870221 0.502614 0.088971 0.058824
10 0.849632 0.532680 0.106618 0.069281
3 0.759559 0.487582 0.045588 0.057516
3 0.825000 0.452288 0.073529 0.052288
8 0.766544 0.575163 0.008088 0.026144
8 0.764338 0.569281 0.009559 0.032680
5 0.763235 0.578431 0.017647 0.040523
8 0.626103 0.467320 0.009559 0.035294
5 0.624632 0.476471 0.011029 0.040523
8 0.718750 0.413725 0.009559 0.037908
9 0.723162 0.422222 0.034559 0.033987
4 0.750000 0.407190 0.014706 0.011765
4 0.740441 0.388235 0.019118 0.018301
8 0.618382 0.351634 0.007353 0.026144
5 0.618015 0.363399 0.012500 0.036601
1 0.679044 0.353595 0.019853 0.024837
8 0.673897 0.345752 0.006618 0.027451
8 0.679044 0.346405 0.009559 0.028758
4 0.695956 0.327451 0.008088 0.014379
4 0.677941 0.320261 0.025000 0.013072
7 0.722426 0.337908 0.008088 0.032680
7 0.719853 0.330719 0.008824 0.033987
7 0.708824 0.313725 0.005882 0.028758
7 0.688235 0.297386 0.004412 0.022222
3 0.650000 0.313072 0.033824 0.030065
8 0.522059 0.257516 0.004412 0.018301
5 0.522059 0.261438 0.004412 0.018301
3 0.526838 0.239869 0.015441 0.022222
4 0.441912 0.054248 0.013235 0.016993
3 0.423897 0.158170 0.008088 0.013072
3 0.506618 0.201961 0.011765 0.016993
3 0.501103 0.188235 0.011029 0.018301
3 0.484926 0.186275 0.011029 0.016993
3 0.470221 0.197386 0.011029 0.015686
3 0.424632 0.144444 0.006618 0.011765
3 0.428676 0.132026 0.008824 0.010458
3 0.429044 0.123529 0.006618 0.009150
3 0.438603 0.114379 0.005147 0.009150
4 0.450000 0.069935 0.004412 0.009150
11 0.453676 0.082353 0.002941 0.005229
4 0.461029 0.088235 0.007353 0.016993
4 0.454044 0.100000 0.011029 0.011765
7 0.479412 0.167320 0.001471 0.013072
3 0.489338 0.154248 0.008088 0.013072
3 0.480882 0.134641 0.005882 0.010458
3 0.468015 0.113072 0.003676 0.006536
3 0.470588 0.104575 0.002941 0.005229
3 0.468015 0.149020 0.008088 0.013072
3 0.468750 0.125490 0.006618 0.007843
11 0.462132 0.141830 0.006618 0.011765
11 0.466176 0.137908 0.005882 0.011765
11 0.462500 0.133333 0.005882 0.010458
4 0.457721 0.113072 0.006618 0.009150
3 0.459191 0.124837 0.005147 0.006536
4 0.489706 0.100000 0.010294 0.006536
4 0.495588 0.115033 0.008824 0.015686
4 0.508456 0.128105 0.008088 0.015686
3 0.624632 0.291503 0.030147 0.031373
9 0.612868 0.279739 0.019853 0.020915
3 0.602574 0.267974 0.016912 0.023529
5 0.609191 0.246405 0.012500 0.014379
5 0.603309 0.237908 0.012500 0.013072
7 0.579412 0.250980 0.004412 0.023529
3 0.592279 0.254902 0.016912 0.023529
3 0.582721 0.242484 0.018382 0.022222
11 0.578309 0.226144 0.015441 0.026144
4 0.576838 0.200654 0.009559 0.016993
11 0.565074 0.214379 0.011029 0.023529
11 0.560662 0.202614 0.009559 0.020915
3 0.552574 0.199346 0.011029 0.016993
11 0.546324 0.189542 0.010294 0.020915
3 0.530147 0.145098 0.014706 0.010458
3 0.517647 0.147059 0.008824 0.011765
4 0.508088 0.141176 0.004412 0.007843
7 0.529412 0.173203 0.002941 0.016993
3 0.543015 0.181046 0.022794 0.014379
3 0.545588 0.175817 0.020588 0.014379
3 0.533824 0.169281 0.008824 0.011765
3 0.529412 0.164706 0.008824 0.013072
3 0.527941 0.156209 0.013235 0.009150
