9 0.975368 0.901307 0.047794 0.139869
3 0.776103 0.788235 0.118382 0.169935
3 0.740809 0.592157 0.112500 0.109804
3 0.734926 0.415686 0.111029 0.081046
3 0.696324 0.260131 0.076471 0.101961
3 0.653676 0.091503 0.077941 0.081046
3 0.698897 0.041830 0.081618 0.057516
7 0.313603 0.709150 0.013971 0.061438
7 0.268015 0.703922 0.030147 0.069281
3 0.076471 0.953595 0.111765 0.090196
5 0.987132 0.246405 0.021324 0.058824
8 0.990074 0.238562 0.013971 0.050980
7 0.893015 0.069935 0.015441 0.048366
7 0.892279 0.020915 0.011029 0.033987
