7 0.264062 0.730093 0.020833 0.136111
7 0.143229 0.784259 0.043750 0.179630
7 0.080208 0.826852 0.057292 0.216667
3 0.623958 0.829167 0.114583 0.189815
3 0.471875 0.805093 0.121875 0.184259
3 0.494010 0.705093 0.078646 0.112037
3 0.610156 0.720370 0.068229 0.114815
3 0.466667 0.610185 0.097917 0.059259
3 0.573698 0.602315 0.092188 0.049074
3 0.609635 0.621296 0.115104 0.055556
3 0.718490 0.599537 0.090104 0.071296
3 0.790885 0.636111 0.098437 0.059259
3 0.651823 0.569907 0.027604 0.043519
11 0.643490 0.554167 0.023438 0.037963
11 0.557292 0.549074 0.019792 0.031481
3 0.620573 0.536574 0.017188 0.021296
4 0.578646 0.533333 0.019792 0.037037
4 0.602865 0.509259 0.021354 0.035185
5 0.606771 0.560648 0.009375 0.023148
7 0.606510 0.551852 0.006771 0.024074
8 0.778906 0.920370 0.061979 0.157407
7 0.833594 0.832407 0.032813 0.175926
1 0.898698 0.853241 0.040104 0.130556
1 0.823698 0.678704 0.033854 0.046296
7 0.821094 0.653241 0.016146 0.062037
1 0.759115 0.695833 0.024479 0.063889
7 0.759115 0.668981 0.017188 0.075000
5 0.726302 0.715741 0.030729 0.048148
7 0.718490 0.691667 0.019271 0.066667
7 0.727344 0.674537 0.016146 0.065741
5 0.696094 0.698611 0.023438 0.060185
7 0.694792 0.680093 0.027083 0.086111
1 0.665885 0.706019 0.023438 0.062037
7 0.664583 0.687963 0.025000 0.088889
7 0.589063 0.634722 0.022917 0.076852
7 0.590365 0.643519 0.020313 0.057407
7 0.690104 0.632407 0.016667 0.057407
7 0.676302 0.622222 0.015104 0.048148
7 0.824219 0.602315 0.013021 0.041667
7 0.692448 0.565741 0.007812 0.035185
7 0.506250 0.615278 0.015625 0.071296
7 0.530990 0.620370 0.020313 0.081481
1 0.441667 0.641667 0.012500 0.050000
7 0.490625 0.571296 0.010417 0.031481
7 0.526302 0.574537 0.010937 0.041667
5 0.526563 0.587037 0.015625 0.029630
7 0.542188 0.576852 0.010417 0.031481
1 0.540885 0.583796 0.009896 0.023148
7 0.537500 0.560648 0.007292 0.026852
1 0.538021 0.568056 0.013542 0.019444
7 0.624479 0.590278 0.009375 0.045370
4 0.397656 0.586111 0.046354 0.077778
3 0.434115 0.590741 0.070312 0.042593
