7 0.220221 0.832680 0.018382 0.096732
8 0.285294 0.781046 0.026471 0.066667
8 0.068015 0.585621 0.024265 0.062745
8 0.022794 0.626797 0.032353 0.071895
8 0.163235 0.509804 0.019118 0.060131
8 0.243382 0.449673 0.029412 0.057516
8 0.290809 0.421569 0.015441 0.056209
8 0.302941 0.415033 0.011765 0.050980
8 0.334559 0.400654 0.016176 0.048366
8 0.345221 0.398693 0.016912 0.047059
5 0.374632 0.399346 0.030147 0.045752
8 0.370588 0.375817 0.017647 0.053595
8 0.381618 0.371895 0.016176 0.053595
8 0.389338 0.369281 0.011029 0.048366
8 0.398897 0.362745 0.015441 0.053595
8 0.411397 0.359477 0.012500 0.054902
8 0.423897 0.354248 0.011029 0.052288
8 0.431250 0.353595 0.011029 0.040523
8 0.444853 0.347059 0.019118 0.048366
1 0.470956 0.333333 0.033088 0.041830
7 0.298162 0.242484 0.011029 0.050980
7 0.236765 0.247059 0.007353 0.041830
7 0.251838 0.252941 0.009559 0.045752
1 0.219853 0.260784 0.030882 0.032680
7 0.216912 0.121569 0.007353 0.039216
7 0.244853 0.092810 0.010294 0.033987
7 0.314338 0.167320 0.006618 0.047059
7 0.313603 0.120261 0.006618 0.044444
7 0.325000 0.094771 0.005882 0.037908
7 0.328676 0.069935 0.010294 0.037908
7 0.056985 0.087582 0.008088 0.039216
7 0.122794 0.213072 0.013235 0.054902
7 0.154412 0.227451 0.013235 0.049673
7 0.150000 0.108497 0.014706 0.044444
7 0.101103 0.062745 0.009559 0.036601
7 0.113603 0.043791 0.006618 0.032680
7 0.110662 0.077124 0.009559 0.044444
8 0.123162 0.047059 0.005147 0.013072
5 0.121324 0.051634 0.011765 0.011765
11 0.123529 0.034641 0.030882 0.035294
11 0.186765 0.032680 0.045588 0.031373
3 0.236029 0.035294 0.042647 0.033987
3 0.315441 0.043137 0.041176 0.033987
7 0.380882 0.192157 0.008824 0.041830
7 0.381250 0.187582 0.012500 0.040523
7 0.434191 0.067974 0.005147 0.033987
7 0.436765 0.065359 0.004412 0.033987
7 0.438971 0.064052 0.005882 0.031373
3 0.386029 0.010458 0.038235 0.020915
10 0.421324 0.033333 0.063235 0.040523
7 0.461765 0.043137 0.007353 0.026144
7 0.513603 0.028758 0.003676 0.028758
7 0.517279 0.058170 0.008088 0.035294
7 0.523529 0.052941 0.005882 0.035294
7 0.544118 0.057516 0.004412 0.026144
7 0.550000 0.057516 0.005882 0.026144
7 0.558456 0.059477 0.005147 0.027451
4 0.489338 0.054902 0.038971 0.023529
3 0.530147 0.050980 0.038235 0.031373
7 0.570956 0.088235 0.008088 0.035294
7 0.578676 0.100000 0.005882 0.037908
7 0.572426 0.052941 0.005147 0.027451
7 0.574632 0.053595 0.003676 0.026144
8 0.584559 0.069281 0.005882 0.015686
7 0.597426 0.069281 0.005147 0.020915
7 0.603309 0.067974 0.005147 0.023529
7 0.608824 0.070588 0.004412 0.023529
7 0.617647 0.077778 0.005882 0.014379
7 0.625368 0.062745 0.005147 0.028758
7 0.632353 0.078431 0.004412 0.015686
1 0.623897 0.069281 0.002206 0.015686
7 0.638971 0.071242 0.004412 0.022222
7 0.652941 0.071242 0.004412 0.022222
5 0.648897 0.071242 0.006618 0.019608
8 0.659191 0.073203 0.005147 0.015686
7 0.660662 0.071242 0.003676 0.022222
8 0.665809 0.081046 0.003676 0.013072
7 0.671324 0.070588 0.004412 0.020915
8 0.674632 0.081699 0.003676 0.014379
7 0.687500 0.073856 0.002941 0.019608
8 0.704044 0.079739 0.005147 0.015686
8 0.712132 0.079739 0.003676 0.015686
5 0.701103 0.071895 0.013971 0.020915
9 0.678309 0.067320 0.015441 0.019608
7 0.726103 0.067320 0.005147 0.035294
7 0.729779 0.065359 0.005147 0.033987
7 0.732353 0.066667 0.002941 0.028758
7 0.709559 0.041176 0.005882 0.027451
8 0.707353 0.035294 0.004412 0.015686
7 0.699265 0.037908 0.004412 0.031373
7 0.693750 0.030719 0.003676 0.024837
8 0.684926 0.011111 0.006618 0.022222
8 0.688971 0.011765 0.004412 0.018301
5 0.683456 0.016340 0.013971 0.016993
3 0.670956 0.009804 0.038971 0.019608
3 0.669485 0.043791 0.036029 0.027451
7 0.719853 0.032680 0.004412 0.023529
7 0.722059 0.030065 0.004412 0.026144
3 0.726838 0.028105 0.037500 0.027451
11 0.723162 0.058170 0.027206 0.037908
8 0.739338 0.077778 0.006618 0.014379
7 0.744485 0.070588 0.003676 0.026144
8 0.748162 0.080392 0.003676 0.014379
7 0.754044 0.069281 0.006618 0.031373
11 0.709191 0.008497 0.036029 0.016993
11 0.742647 0.009804 0.035294 0.019608
11 0.753676 0.039869 0.038235 0.040523
7 0.766176 0.064052 0.004412 0.026144
8 0.763971 0.073203 0.005882 0.010458
8 0.776838 0.071895 0.005147 0.015686
5 0.779779 0.059477 0.005147 0.019608
9 0.768750 0.057516 0.021324 0.041830
7 0.793750 0.073203 0.003676 0.023529
7 0.796324 0.069935 0.004412 0.027451
7 0.827206 0.093464 0.007353 0.032680
7 0.831985 0.096732 0.008088 0.036601
3 0.774632 0.009150 0.033088 0.018301
3 0.818015 0.011111 0.043382 0.022222
7 0.812500 0.036601 0.007353 0.023529
7 0.819118 0.037255 0.004412 0.024837
3 0.828309 0.031373 0.043382 0.028758
7 0.846324 0.135948 0.007353 0.028758
7 0.854779 0.116340 0.008088 0.033987
3 0.808456 0.060784 0.030147 0.027451
3 0.830147 0.056863 0.030882 0.027451
7 0.826838 0.063399 0.005147 0.019608
7 0.831985 0.062745 0.003676 0.018301
7 0.840441 0.064706 0.007353 0.030065
7 0.846324 0.061438 0.002941 0.026144
9 0.837132 0.052288 0.013971 0.036601
9 0.860294 0.077124 0.016176 0.020915
7 0.873529 0.075817 0.004412 0.023529
3 0.868015 0.063399 0.034559 0.030065
3 0.875368 0.052288 0.049265 0.033987
3 0.872426 0.013072 0.043382 0.023529
7 0.877206 0.013072 0.007353 0.026144
11 0.897426 0.040523 0.037500 0.036601
11 0.915441 0.012418 0.042647 0.024837
8 0.910294 0.074510 0.007353 0.020915
7 0.916176 0.077778 0.007353 0.035294
9 0.923162 0.061438 0.022794 0.020915
8 0.924265 0.073203 0.005882 0.020915
8 0.932353 0.073856 0.005882 0.022222
11 0.950368 0.039869 0.050735 0.037908
3 0.952574 0.025490 0.037500 0.027451
7 0.948897 0.073856 0.008088 0.035294
7 0.954779 0.081699 0.005147 0.019608
7 0.962868 0.080392 0.008088 0.030065
7 0.959559 0.080392 0.004412 0.022222
7 0.965074 0.071895 0.006618 0.028758
7 0.967279 0.078431 0.005147 0.023529
7 0.984926 0.069281 0.005147 0.028758
8 0.980515 0.089542 0.005147 0.011765
8 0.988603 0.090196 0.006618 0.015686
7 0.995588 0.083660 0.005882 0.023529
0 0.968750 0.069935 0.034559 0.030065
7 0.977941 0.045098 0.005882 0.022222
3 0.956985 0.015686 0.041912 0.026144
3 0.987868 0.013725 0.022794 0.024837
7 0.585662 0.206536 0.009559 0.052288
8 0.655882 0.135294 0.008824 0.037908
5 0.655515 0.147712 0.009559 0.033987
7 0.662500 0.154902 0.005882 0.043137
8 0.667279 0.134641 0.008088 0.028758
8 0.669118 0.135948 0.007353 0.028758
5 0.666544 0.145752 0.008088 0.035294
7 0.702206 0.238562 0.010294 0.058824
7 0.710294 0.232026 0.013235 0.048366
7 0.745221 0.245752 0.011029 0.054902
7 0.750000 0.264052 0.011765 0.054902
7 0.754779 0.250327 0.011029 0.061438
7 0.538235 0.870588 0.035294 0.107190
