7 0.827206 0.196732 0.011765 0.056209
7 0.836029 0.188889 0.011765 0.048366
6 0.838603 0.210458 0.013971 0.036601
7 0.682721 0.180392 0.012500 0.052288
8 0.636765 0.188889 0.011765 0.048366
8 0.623162 0.191503 0.012500 0.043137
8 0.608088 0.185621 0.010294 0.041830
8 0.595588 0.182353 0.014706 0.045752
3 0.678676 0.282353 0.079412 0.096732
3 0.717279 0.360131 0.088971 0.129412
1 0.623529 0.208497 0.032353 0.037908
1 0.651838 0.398039 0.025735 0.061438
5 0.638603 0.428758 0.028676 0.062745
7 0.616912 0.462745 0.022059 0.081046
7 0.616176 0.392810 0.016176 0.066667
7 0.604779 0.339216 0.011029 0.079739
7 0.595956 0.433987 0.015441 0.062745
7 0.583456 0.420915 0.009559 0.054902
7 0.572426 0.430719 0.015441 0.079739
8 0.574632 0.412418 0.013971 0.037908
7 0.556618 0.426144 0.011765 0.060131
8 0.554779 0.418301 0.013971 0.036601
7 0.561397 0.402614 0.012500 0.073203
8 0.563603 0.380392 0.012500 0.065359
5 0.558088 0.400000 0.038235 0.054902
7 0.563235 0.264706 0.013235 0.064052
7 0.577574 0.275817 0.012500 0.065359
7 0.581618 0.315033 0.011765 0.070588
7 0.586029 0.300654 0.013235 0.070588
7 0.583824 0.288889 0.010294 0.065359
7 0.563603 0.306536 0.009559 0.058824
7 0.569485 0.318954 0.009559 0.070588
7 0.551103 0.316340 0.009559 0.060131
7 0.559926 0.332680 0.006618 0.058824
7 0.555147 0.349673 0.007353 0.077124
7 0.547059 0.358824 0.008824 0.064052
7 0.540074 0.330719 0.012500 0.054902
7 0.530882 0.343791 0.011765 0.067974
7 0.540074 0.371242 0.011029 0.083660
7 0.520588 0.347712 0.008824 0.065359
7 0.523162 0.393464 0.013971 0.075817
7 0.512500 0.366667 0.011765 0.058824
7 0.507721 0.344444 0.013971 0.074510
7 0.511397 0.426797 0.013971 0.079739
7 0.498162 0.384967 0.011029 0.064052
7 0.490441 0.360784 0.010294 0.054902
7 0.481985 0.381699 0.012500 0.057516
7 0.465809 0.390196 0.012500 0.053595
7 0.451103 0.389542 0.011029 0.054902
7 0.438603 0.402614 0.012500 0.049673
7 0.421324 0.392157 0.011765 0.060131
7 0.410662 0.400654 0.011029 0.053595
7 0.406618 0.434641 0.011765 0.061438
7 0.400368 0.422222 0.009559 0.060131
7 0.391912 0.421569 0.008824 0.071895
8 0.406985 0.360784 0.012500 0.044444
7 0.395221 0.386275 0.012500 0.058824
7 0.381250 0.388889 0.011029 0.053595
7 0.374632 0.428758 0.016912 0.078431
7 0.365441 0.407843 0.013235 0.075817
7 0.635294 0.871895 0.026471 0.117647
7 0.449632 0.847059 0.024265 0.109804
7 0.464338 0.820261 0.021324 0.111111
7 0.434926 0.647712 0.025735 0.092810
7 0.404044 0.656209 0.024265 0.112418
7 0.555515 0.470588 0.015441 0.081046
7 0.410662 0.523529 0.013971 0.084967
7 0.394118 0.534641 0.014706 0.075817
7 0.373162 0.498039 0.012500 0.086275
3 0.450368 0.451634 0.109559 0.132026
5 0.357721 0.488889 0.030147 0.075817
5 0.309926 0.636601 0.021324 0.109804
3 0.119485 0.752941 0.191912 0.203922
7 0.143382 0.696732 0.033824 0.065359
7 0.419853 0.192810 0.014706 0.056209
7 0.379779 0.217647 0.011029 0.056209
7 0.368382 0.216993 0.011765 0.060131
7 0.366912 0.237908 0.008824 0.052288
7 0.350735 0.230065 0.013235 0.067974
7 0.347794 0.247059 0.013235 0.067974
7 0.343750 0.262092 0.013971 0.064052
7 0.331250 0.235294 0.011029 0.067974
8 0.383824 0.341830 0.014706 0.045752
8 0.373529 0.330065 0.011765 0.040523
8 0.363971 0.326797 0.007353 0.023529
8 0.359191 0.325490 0.009559 0.020915
8 0.353676 0.313072 0.014706 0.043137
7 0.115809 0.082353 0.009559 0.041830
7 0.077574 0.112418 0.009559 0.057516
6 0.067647 0.124837 0.011765 0.037908
7 0.159926 0.120261 0.013971 0.060131
7 0.123162 0.132026 0.016912 0.062745
7 0.084926 0.207843 0.016912 0.060131
8 0.054779 0.255556 0.015441 0.045752
7 0.302574 0.498039 0.013971 0.088889
1 0.108088 0.445098 0.023529 0.082353
7 0.174632 0.479085 0.015441 0.090196
5 0.191544 0.454248 0.030147 0.069281
7 0.145956 0.301961 0.016912 0.083660
7 0.154412 0.285621 0.013235 0.056209
7 0.167279 0.273203 0.012500 0.054902
7 0.179044 0.275817 0.011029 0.065359
8 0.191176 0.188235 0.014706 0.049673
8 0.294485 0.175163 0.013971 0.062745
5 0.294485 0.186275 0.030147 0.045752
7 0.318015 0.265359 0.012500 0.070588
7 0.213971 0.388235 0.017647 0.083660
7 0.228309 0.402614 0.018382 0.049673
7 0.242647 0.404575 0.014706 0.079739
7 0.223529 0.281699 0.019118 0.071895
7 0.244118 0.247712 0.017647 0.064052
7 0.247794 0.275163 0.011765 0.061438
7 0.284191 0.430719 0.013971 0.079739
8 0.215074 0.198693 0.012500 0.052288
8 0.227206 0.193464 0.014706 0.049673
8 0.237868 0.184314 0.012500 0.044444
7 0.299632 0.296732 0.013971 0.078431
7 0.286397 0.302614 0.016912 0.066667
7 0.286765 0.408497 0.020588 0.084967
7 0.273162 0.390196 0.013971 0.069281
7 0.260294 0.392157 0.017647 0.047059
8 0.263971 0.388235 0.010294 0.028758
7 0.351471 0.430065 0.017647 0.070588
7 0.336029 0.415686 0.016176 0.075817
7 0.320221 0.422222 0.024265 0.081046
7 0.319853 0.397386 0.016176 0.067974
7 0.315074 0.367974 0.013971 0.058824
7 0.316544 0.381046 0.013971 0.064052
7 0.305147 0.386928 0.010294 0.075817
7 0.329412 0.344444 0.013235 0.030065
8 0.348162 0.353595 0.011029 0.035294
7 0.281250 0.360784 0.012500 0.052288
7 0.275735 0.345098 0.008824 0.049673
7 0.275368 0.321569 0.009559 0.047059
7 0.258456 0.328105 0.011029 0.073203
7 0.252574 0.315033 0.011029 0.062745
7 0.268750 0.315033 0.009559 0.052288
7 0.270956 0.298693 0.011029 0.053595
7 0.263603 0.297386 0.011029 0.053595
7 0.286765 0.292810 0.010294 0.054902
