3 0.232353 0.972549 0.100000 0.052288
3 0.245956 0.913725 0.087500 0.070588
7 0.321691 0.783007 0.009559 0.039216
3 0.036029 0.793464 0.058824 0.130719
3 0.009926 0.764706 0.019853 0.067974
7 0.147059 0.487582 0.013235 0.039216
7 0.212500 0.447712 0.010294 0.037908
7 0.225000 0.455556 0.010294 0.037908
10 0.130147 0.407843 0.080882 0.060131
7 0.241176 0.423529 0.010294 0.033987
6 0.209559 0.501961 0.075000 0.083660
3 0.219485 0.414379 0.053676 0.039216
11 0.345221 0.391503 0.068382 0.048366
8 0.388971 0.384967 0.008824 0.027451
8 0.408824 0.374510 0.010294 0.022222
8 0.397794 0.386275 0.008824 0.035294
8 0.399632 0.381699 0.006618 0.018301
3 0.403309 0.969281 0.036029 0.058824
3 0.411765 0.787582 0.030882 0.098039
3 0.483824 0.682353 0.030882 0.091503
3 0.537132 0.605882 0.027206 0.074510
3 0.599265 0.730719 0.033824 0.083660
3 0.581985 0.519608 0.025735 0.064052
3 0.546691 0.494118 0.022794 0.052288
3 0.573897 0.412418 0.022794 0.056209
3 0.558456 0.305882 0.019853 0.041830
3 0.527574 0.274510 0.018382 0.036601
3 0.485294 0.234641 0.019118 0.040523
3 0.526103 0.216993 0.016912 0.031373
3 0.475368 0.090850 0.013971 0.027451
8 0.465809 0.143791 0.005147 0.018301
8 0.458088 0.124837 0.005882 0.019608
1 0.467279 0.152941 0.005147 0.015686
5 0.458824 0.131373 0.004412 0.014379
3 0.512500 0.117647 0.016176 0.028758
3 0.495221 0.073203 0.019853 0.023529
11 0.521691 0.084967 0.012500 0.028758
11 0.546691 0.169935 0.013971 0.033987
2 0.549265 0.115686 0.022059 0.069281
2 0.543015 0.045752 0.018382 0.057516
3 0.467279 0.043137 0.012500 0.020915
3 0.487868 0.039216 0.012500 0.020915
3 0.504779 0.015686 0.011029 0.020915
3 0.516912 0.034641 0.019118 0.022222
3 0.523529 0.008497 0.014706 0.016993
3 0.035294 0.075163 0.041176 0.022222
3 0.086397 0.073856 0.034559 0.022222
3 0.129412 0.069935 0.035294 0.022222
3 0.182353 0.087582 0.035294 0.023529
3 0.169485 0.080392 0.034559 0.022222
3 0.168015 0.066667 0.031618 0.018301
3 0.229412 0.084314 0.032353 0.022222
3 0.215074 0.073856 0.034559 0.022222
3 0.208824 0.063399 0.029412 0.022222
3 0.245956 0.058824 0.031618 0.020915
3 0.270221 0.068627 0.027206 0.016993
3 0.272794 0.082353 0.033824 0.018301
3 0.323897 0.091503 0.030147 0.018301
3 0.319853 0.078431 0.029412 0.018301
3 0.313603 0.065359 0.030147 0.018301
3 0.285294 0.061438 0.029412 0.018301
3 0.325735 0.056863 0.027941 0.016993
3 0.363971 0.073203 0.027941 0.020915
3 0.356985 0.066667 0.036029 0.020915
3 0.363971 0.054902 0.035294 0.020915
3 0.297426 0.043791 0.028676 0.019608
3 0.055882 0.060784 0.035294 0.016993
3 0.487132 0.014379 0.009559 0.018301
3 0.569485 0.010458 0.034559 0.020915
3 0.620221 0.015033 0.024265 0.019608
3 0.645588 0.016993 0.022059 0.020915
3 0.669118 0.012418 0.019118 0.019608
3 0.682353 0.015033 0.022059 0.016993
11 0.705882 0.009150 0.027941 0.018301
3 0.724265 0.022876 0.023529 0.014379
3 0.718750 0.015686 0.024265 0.015686
3 0.757721 0.019608 0.024265 0.015686
3 0.749632 0.014379 0.024265 0.015686
3 0.752206 0.006536 0.020588 0.013072
3 0.788971 0.005229 0.025000 0.010458
3 0.828676 0.009150 0.025000 0.018301
3 0.862132 0.006536 0.025735 0.013072
3 0.878676 0.018954 0.020588 0.014379
11 0.901103 0.016993 0.021324 0.020915
3 0.940441 0.014379 0.026471 0.015686
11 0.956985 0.038562 0.022794 0.019608
3 0.990441 0.029412 0.017647 0.016993
3 0.991912 0.009804 0.014706 0.014379
