11 0.506250 0.505229 0.047794 0.108497
11 0.479044 0.403922 0.030147 0.062745
11 0.314706 0.790850 0.054412 0.159477
11 0.201103 0.611111 0.068382 0.155556
11 0.027574 0.539216 0.055147 0.090196
11 0.204412 0.183660 0.051471 0.040523
3 0.331250 0.374510 0.025735 0.061438
3 0.362868 0.128105 0.015441 0.026144
3 0.389338 0.117647 0.015441 0.026144
3 0.436029 0.125490 0.013235 0.023529
3 0.372426 0.066013 0.011029 0.014379
3 0.408824 0.071895 0.010294 0.015686
11 0.408088 0.097386 0.011765 0.022222
11 0.405882 0.047712 0.008824 0.016993
3 0.347426 0.049020 0.011029 0.014379
3 0.368382 0.033333 0.007353 0.009150
3 0.360294 0.024183 0.008824 0.014379
3 0.348162 0.021569 0.008088 0.014379
3 0.024632 0.744444 0.049265 0.105882
3 0.265809 0.097386 0.030147 0.019608
3 0.267647 0.079085 0.027941 0.016993
3 0.277941 0.064706 0.027941 0.016993
3 0.246324 0.071895 0.027941 0.018301
7 0.806250 0.464706 0.013971 0.048366
7 0.214338 0.346405 0.009559 0.039216
7 0.337868 0.173856 0.006618 0.028758
7 0.192279 0.407843 0.009559 0.039216
7 0.282353 0.815033 0.016176 0.069281
7 0.558088 0.486928 0.010294 0.043137
7 0.233456 0.297386 0.005147 0.022222
7 0.361029 0.200654 0.007353 0.016993
1 0.557721 0.498693 0.011029 0.037908
1 0.233456 0.310458 0.005147 0.022222
5 0.028309 0.407190 0.021324 0.027451
7 0.076103 0.300000 0.008088 0.032680
1 0.094853 0.303268 0.008824 0.033987
3 0.193382 0.298039 0.029412 0.047059
3 0.153309 0.302614 0.025735 0.037908
5 0.219853 0.232680 0.017647 0.018301
5 0.361029 0.213725 0.007353 0.016993
7 0.520956 0.144444 0.002206 0.016993
7 0.528676 0.143137 0.004412 0.024837
5 0.170221 0.190850 0.013971 0.015686
7 0.211029 0.130065 0.005882 0.022222
4 0.273162 0.023529 0.027206 0.044444
3 0.517647 0.099346 0.019118 0.018301
3 0.502574 0.079739 0.019853 0.018301
3 0.486029 0.046405 0.014706 0.014379
7 0.420588 0.050980 0.002941 0.013072
7 0.418015 0.042484 0.002206 0.011765
