10 0.106510 0.715741 0.213021 0.392593
7 0.632031 0.153241 0.003646 0.019444
1 0.679688 0.200000 0.006250 0.016667
10 0.619010 0.185185 0.033854 0.062963
3 0.554427 0.103241 0.008854 0.010185
3 0.560156 0.104630 0.007812 0.007407
3 0.519531 0.114352 0.008854 0.012037
7 0.439063 0.120833 0.005208 0.017593
7 0.458333 0.122685 0.003125 0.015741
7 0.459635 0.122222 0.002604 0.014815
3 0.503385 0.123148 0.013021 0.014815
0 0.467448 0.087037 0.005729 0.011111
3 0.503646 0.100926 0.008333 0.009259
6 0.495573 0.105556 0.008854 0.016667
2 0.528125 0.094444 0.030208 0.024074
