7 0.393382 0.430065 0.014706 0.070588
7 0.572426 0.494118 0.024265 0.062745
7 0.754412 0.670588 0.026471 0.057516
7 0.274632 0.886928 0.027206 0.064052
7 0.396691 0.646405 0.018382 0.064052
7 0.091912 0.120261 0.023529 0.052288
7 0.104412 0.061438 0.017647 0.052288
7 0.133456 0.053595 0.018382 0.049673
7 0.140441 0.120915 0.019118 0.048366
7 0.188603 0.103922 0.013971 0.056209
1 0.186765 0.104575 0.027941 0.036601
7 0.238603 0.124837 0.012500 0.053595
7 0.252574 0.171242 0.012500 0.052288
8 0.239338 0.211111 0.011029 0.027451
8 0.232353 0.184967 0.014706 0.030065
8 0.232353 0.158170 0.005882 0.018301
8 0.229779 0.166013 0.009559 0.026144
8 0.298529 0.178431 0.013235 0.030065
8 0.313235 0.174510 0.010294 0.032680
8 0.341912 0.186928 0.010294 0.039216
7 0.330147 0.144444 0.008824 0.053595
7 0.342279 0.128105 0.009559 0.047059
7 0.333456 0.109804 0.008088 0.039216
7 0.324632 0.117647 0.008088 0.033987
7 0.380882 0.098693 0.011765 0.050980
7 0.433824 0.098039 0.007353 0.054902
7 0.448162 0.098693 0.011029 0.048366
7 0.452941 0.074510 0.011765 0.047059
7 0.008456 0.158824 0.016912 0.053595
8 0.409559 0.034641 0.014706 0.050980
5 0.410294 0.044444 0.013235 0.049673
7 0.457721 0.024183 0.012500 0.043137
7 0.473529 0.052941 0.010294 0.050980
7 0.514706 0.030065 0.008824 0.052288
7 0.519485 0.023529 0.006618 0.047059
7 0.536029 0.037908 0.010294 0.047059
8 0.545588 0.039216 0.013235 0.033987
7 0.605882 0.030719 0.014706 0.050980
1 0.748162 0.227451 0.019853 0.039216
0 0.640441 0.040523 0.047059 0.067974
9 0.629044 0.074510 0.025735 0.044444
11 0.691176 0.066667 0.083824 0.083660
5 0.685294 0.130065 0.025000 0.027451
5 0.691912 0.141830 0.025000 0.027451
0 0.719853 0.134641 0.051471 0.070588
5 0.722059 0.171242 0.020588 0.026144
3 0.797426 0.183007 0.056618 0.094118
3 0.854779 0.278431 0.080147 0.112418
3 0.962868 0.262745 0.072794 0.122876
3 0.857353 0.033333 0.067647 0.066667
3 0.959926 0.051634 0.074265 0.077124
1 0.988603 0.136601 0.021324 0.048366
8 0.115809 0.424837 0.015441 0.026144
9 0.075368 0.295425 0.055147 0.049673
10 0.036397 0.226797 0.050735 0.116340
8 0.076838 0.286928 0.015441 0.040523
