3 0.304688 0.785648 0.039583 0.078704
3 0.411198 0.737037 0.042188 0.077778
3 0.518229 0.801852 0.055208 0.081481
11 0.623958 0.909722 0.073958 0.108333
3 0.344531 0.962037 0.048438 0.074074
3 0.262240 0.962037 0.044271 0.074074
3 0.454427 0.650000 0.032813 0.048148
3 0.344792 0.617130 0.029167 0.056481
3 0.514062 0.687963 0.046875 0.068519
3 0.578906 0.731944 0.052604 0.073148
11 0.716146 0.955093 0.082292 0.087963
2 0.647135 0.730093 0.125521 0.202778
1 0.131771 0.921759 0.010417 0.045370
8 0.130469 0.906019 0.014063 0.050926
7 0.030729 0.651852 0.012500 0.037037
3 0.516927 0.613889 0.032813 0.044444
2 0.518750 0.545370 0.066667 0.107407
3 0.445052 0.554630 0.028646 0.037037
3 0.405469 0.532407 0.025521 0.033333
3 0.456771 0.524074 0.027083 0.035185
2 0.458854 0.458796 0.048958 0.080556
3 0.393490 0.495833 0.022396 0.030556
3 0.402083 0.468056 0.020833 0.028704
3 0.417187 0.454167 0.020833 0.028704
3 0.378125 0.460185 0.019792 0.025926
3 0.380208 0.410648 0.017708 0.025000
2 0.357292 0.402778 0.035417 0.066667
3 0.383073 0.393519 0.015104 0.020370
3 0.371094 0.368519 0.011979 0.016667
3 0.338542 0.381944 0.013542 0.019444
2 0.283594 0.363426 0.025521 0.052778
3 0.332031 0.360648 0.013021 0.017593
3 0.353646 0.346759 0.014583 0.017593
2 0.360677 0.322685 0.022396 0.039815
3 0.331771 0.335185 0.011458 0.016667
3 0.317708 0.339815 0.012500 0.016667
3 0.325000 0.318981 0.010417 0.013889
3 0.305990 0.317130 0.010937 0.013889
3 0.330469 0.306944 0.009896 0.013889
3 0.312240 0.298148 0.009896 0.012963
3 0.316406 0.287500 0.009896 0.012037
2 0.259115 0.450000 0.030729 0.083333
3 0.253646 0.403241 0.013542 0.028704
3 0.247917 0.373611 0.011458 0.026852
3 0.323437 0.279630 0.008333 0.011111
3 0.297656 0.275463 0.007812 0.012037
1 0.780990 0.758796 0.021354 0.036111
8 0.783594 0.750000 0.009896 0.037037
1 0.660677 0.673611 0.011979 0.028704
8 0.661979 0.663426 0.008333 0.032407
5 0.729167 0.717130 0.015625 0.032407
8 0.731510 0.705093 0.006771 0.030556
5 0.755990 0.724537 0.018229 0.026852
8 0.757812 0.711574 0.008333 0.025000
1 0.705729 0.650463 0.018750 0.019444
8 0.708333 0.642593 0.009375 0.040741
5 0.607292 0.567130 0.010417 0.019444
8 0.607031 0.561111 0.007812 0.027778
5 0.601042 0.562037 0.009375 0.018519
8 0.601302 0.554630 0.003646 0.024074
1 0.591667 0.518981 0.014583 0.019444
7 0.596354 0.504167 0.006250 0.026852
5 0.564844 0.494907 0.013021 0.017593
5 0.078906 0.567130 0.019271 0.021296
8 0.076563 0.562500 0.005208 0.032407
5 0.069792 0.559259 0.013542 0.018519
7 0.069010 0.551852 0.007812 0.024074
3 0.041667 0.547685 0.054167 0.036111
7 0.047135 0.466204 0.004687 0.023148
3 0.302865 0.265741 0.007812 0.009259
3 0.310677 0.260648 0.006771 0.010185
3 0.290104 0.262963 0.007292 0.011111
3 0.296354 0.253704 0.007292 0.009259
3 0.274740 0.250000 0.006771 0.009259
11 0.029687 0.480556 0.052083 0.031481
5 0.008333 0.583796 0.016667 0.021296
8 0.005729 0.577778 0.008333 0.025926
1 0.010417 0.569907 0.018750 0.013889
8 0.008854 0.560185 0.006250 0.027778
3 0.011979 0.523611 0.023958 0.039815
3 0.009896 0.498148 0.019792 0.027778
7 0.035417 0.446759 0.006250 0.023148
1 0.207031 0.436574 0.004687 0.013889
8 0.206771 0.429630 0.004167 0.016667
5 0.195052 0.417130 0.005729 0.013889
8 0.195312 0.412037 0.005208 0.014815
6 0.161719 0.375463 0.018229 0.047222
4 0.265625 0.194907 0.073958 0.095370
