11 0.862868 0.873203 0.097794 0.250980
5 0.662500 0.652288 0.014706 0.060131
8 0.663235 0.635294 0.014706 0.041830
3 0.970221 0.646405 0.058088 0.113725
7 0.942279 0.639869 0.015441 0.050980
7 0.840809 0.624837 0.015441 0.062745
7 0.850735 0.636601 0.008824 0.039216
7 0.835662 0.545752 0.013971 0.058824
8 0.869118 0.611765 0.014706 0.033987
8 0.887868 0.603922 0.015441 0.036601
8 0.894118 0.548366 0.020588 0.043137
8 0.900368 0.579739 0.016912 0.037908
7 0.891176 0.580392 0.008824 0.028758
7 0.781618 0.404575 0.008824 0.045752
8 0.808456 0.462092 0.012500 0.024837
8 0.834559 0.446405 0.011765 0.043137
7 0.797426 0.339869 0.008088 0.039216
3 0.824632 0.336601 0.050735 0.066667
7 0.929412 0.147059 0.010294 0.030065
7 0.784559 0.167320 0.004412 0.023529
7 0.780882 0.164706 0.004412 0.031373
7 0.671691 0.318954 0.009559 0.044444
11 0.658088 0.254902 0.035294 0.062745
7 0.716176 0.280392 0.010294 0.043137
7 0.736029 0.295425 0.008824 0.044444
7 0.767647 0.276471 0.010294 0.045752
8 0.785294 0.339216 0.010294 0.022222
7 0.772794 0.321569 0.007353 0.033987
11 0.771691 0.258824 0.056618 0.065359
9 0.694853 0.229412 0.017647 0.037908
8 0.705147 0.221569 0.007353 0.024837
8 0.701471 0.210458 0.008824 0.028758
7 0.732353 0.211765 0.007353 0.036601
9 0.687132 0.186928 0.015441 0.036601
11 0.693015 0.097386 0.037500 0.040523
3 0.702941 0.033987 0.041176 0.023529
7 0.665074 0.023529 0.005147 0.026144
7 0.670956 0.036601 0.003676 0.023529
7 0.675000 0.039869 0.004412 0.027451
7 0.652574 0.105882 0.005147 0.028758
7 0.638603 0.103922 0.005147 0.027451
7 0.646691 0.107190 0.003676 0.026144
7 0.646691 0.101307 0.005147 0.030065
3 0.522426 0.122876 0.018382 0.031373
3 0.401103 0.096732 0.021324 0.036601
3 0.454779 0.218301 0.027206 0.065359
11 0.440809 0.428105 0.037500 0.105882
11 0.056618 0.369281 0.064706 0.079739
5 0.080882 0.328105 0.023529 0.036601
7 0.134191 0.269935 0.011029 0.048366
3 0.109191 0.285621 0.047794 0.061438
7 0.201838 0.388889 0.011029 0.050980
3 0.198529 0.241176 0.067647 0.048366
7 0.300368 0.137255 0.006618 0.041830
3 0.267279 0.103922 0.047794 0.030065
7 0.162500 0.036601 0.005882 0.031373
9 0.173162 0.048366 0.018382 0.031373
5 0.351103 0.033333 0.005147 0.024837
8 0.351103 0.029412 0.005147 0.016993
5 0.104044 0.147712 0.019853 0.026144
5 0.117279 0.127451 0.019853 0.022222
7 0.101103 0.113725 0.009559 0.031373
7 0.119118 0.088235 0.007353 0.032680
7 0.133456 0.086928 0.008088 0.035294
3 0.123897 0.082353 0.052206 0.033987
8 0.144485 0.040523 0.005147 0.013072
8 0.151471 0.041830 0.007353 0.013072
1 0.062132 0.158824 0.011029 0.032680
5 0.044118 0.216993 0.023529 0.028758
5 0.035294 0.227451 0.022059 0.026144
3 0.044118 0.235948 0.025000 0.022222
