10 0.327206 0.515033 0.064706 0.133333
10 0.372426 0.469281 0.037500 0.083660
10 0.480147 0.462745 0.029412 0.067974
10 0.422426 0.470588 0.031618 0.065359
10 0.444118 0.443791 0.035294 0.053595
10 0.481985 0.535948 0.037500 0.065359
7 0.439338 0.566667 0.009559 0.045752
7 0.602574 0.552288 0.008088 0.043137
3 0.481250 0.500654 0.021324 0.023529
3 0.565074 0.552941 0.033088 0.047059
3 0.553309 0.527451 0.021324 0.035294
3 0.548162 0.511765 0.021324 0.035294
3 0.640809 0.554248 0.033088 0.047059
3 0.540809 0.497386 0.021324 0.035294
3 0.624265 0.530065 0.025000 0.032680
3 0.616544 0.513072 0.022794 0.024837
3 0.612500 0.452288 0.019118 0.023529
2 0.640809 0.460784 0.041912 0.050980
4 0.563603 0.451634 0.069853 0.056209
3 0.603676 0.492810 0.023529 0.026144
4 0.501838 0.439869 0.011029 0.035294
4 0.399632 0.450327 0.012500 0.074510
7 0.773162 0.469935 0.006618 0.024837
10 0.728309 0.461438 0.059559 0.057516
10 0.751471 0.442484 0.058824 0.032680
3 0.876471 0.562745 0.045588 0.048366
