3 0.285357 0.729061 0.023571 0.062183
2 0.223929 0.625635 0.029286 0.159898
3 0.275714 0.449239 0.020000 0.043147
5 0.336429 0.298223 0.008571 0.017766
3 0.440714 0.192893 0.022857 0.025381
3 0.464643 0.170051 0.022143 0.027919
7 0.322857 0.137056 0.004286 0.017766
7 0.328929 0.128173 0.003571 0.015228
7 0.340357 0.142766 0.003571 0.016497
7 0.342500 0.123096 0.003571 0.017766
2 0.469286 0.018401 0.025714 0.031726
3 0.857500 0.075508 0.010714 0.024112
3 0.842500 0.085660 0.010714 0.026650
3 0.857857 0.116751 0.011429 0.027919
7 0.948214 0.216371 0.006429 0.016497
3 0.737143 0.526015 0.017143 0.049492
3 0.686786 0.868020 0.023571 0.058376
