4 0.548214 0.309524 0.033571 0.019048
4 0.538214 0.270476 0.016429 0.009524
4 0.518571 0.159048 0.028571 0.019048
4 0.502143 0.186190 0.025714 0.023810
4 0.510714 0.129524 0.007143 0.011429
10 0.038571 0.422381 0.037143 0.040952
10 0.052857 0.429048 0.031429 0.033333
10 0.061429 0.434286 0.027143 0.032381
10 0.060000 0.515238 0.027143 0.034286
6 0.328571 0.546190 0.025714 0.075238
11 0.233214 0.415714 0.020714 0.014286
3 0.261071 0.449524 0.013571 0.017143
3 0.189643 0.513333 0.027857 0.015238
3 0.172143 0.538095 0.022857 0.015238
3 0.149286 0.575238 0.032857 0.017143
11 0.158571 0.553810 0.030000 0.023810
3 0.581429 0.903333 0.024286 0.065714
3 0.711429 0.917619 0.042857 0.060000
3 0.652143 0.719524 0.035714 0.037143
3 0.638214 0.672857 0.035000 0.033333
3 0.543571 0.624286 0.014286 0.035238
3 0.636786 0.467143 0.025000 0.014286
3 0.589286 0.352857 0.018571 0.012381
3 0.614643 0.413333 0.022143 0.013333
3 0.522500 0.362857 0.007857 0.013333
3 0.475357 0.380952 0.007857 0.017143
3 0.489643 0.383810 0.007857 0.015238
10 0.494643 0.567143 0.019286 0.054286
10 0.520714 0.424762 0.015714 0.028571
10 0.536429 0.408571 0.011429 0.024762
10 0.518214 0.319048 0.010714 0.028571
10 0.501071 0.302857 0.009286 0.019048
10 0.507500 0.268571 0.007857 0.017143
10 0.495714 0.255714 0.008571 0.016190
10 0.503214 0.238571 0.007857 0.018095
10 0.472857 0.221905 0.007143 0.022857
10 0.497500 0.202857 0.006429 0.017143
10 0.490357 0.216667 0.007857 0.020000
10 0.478929 0.249048 0.009286 0.037143
2 0.503214 0.334762 0.012143 0.035238
2 0.482500 0.338095 0.010714 0.038095
11 0.527500 0.382857 0.009286 0.019048
6 0.495000 0.451429 0.015714 0.053333
7 0.565357 0.429048 0.002143 0.010476
4 0.468571 0.402381 0.007143 0.014286
3 0.628929 0.457619 0.023571 0.014286
3 0.626786 0.447619 0.022143 0.013333
3 0.625000 0.439524 0.024286 0.012381
3 0.621786 0.428571 0.022143 0.011429
3 0.524643 0.251429 0.006429 0.007619
3 0.480000 0.290000 0.007143 0.010476
3 0.498214 0.280476 0.006429 0.010476
3 0.510000 0.287619 0.005714 0.007619
3 0.510000 0.298095 0.005714 0.009524
3 0.495000 0.270000 0.005714 0.008571
3 0.492500 0.241905 0.003571 0.007619
3 0.468214 0.241429 0.005000 0.008571
3 0.535000 0.229524 0.005714 0.007619
11 0.535357 0.282857 0.005000 0.011429
10 0.506071 0.251429 0.006429 0.013333
3 0.525714 0.244762 0.007143 0.007619
3 0.497857 0.292381 0.005714 0.009524
4 0.465357 0.288095 0.007857 0.012381
4 0.501071 0.221429 0.006429 0.016190
4 0.473571 0.190952 0.014286 0.025714
3 0.504643 0.204762 0.003571 0.005714
3 0.470714 0.210000 0.004286 0.004762
3 0.476786 0.215714 0.003571 0.006667
2 0.477500 0.161905 0.006429 0.011429
11 0.472143 0.167143 0.004286 0.008571
4 0.486071 0.129048 0.030714 0.021905
4 0.470357 0.149048 0.005000 0.004762
10 0.413929 0.175238 0.009286 0.005714
10 0.397500 0.185238 0.026429 0.012381
10 0.393929 0.183333 0.026429 0.010476
10 0.366429 0.189048 0.018571 0.010476
3 0.023571 0.760952 0.038571 0.053333
11 0.070000 0.812381 0.037143 0.055238
11 0.048929 0.803810 0.033571 0.059048
10 0.091786 0.668095 0.090714 0.103810
7 0.407500 0.320476 0.002143 0.012381
7 0.451786 0.284286 0.002143 0.010476
7 0.418929 0.300952 0.002143 0.011429
7 0.411786 0.290952 0.002143 0.010476
7 0.414286 0.274762 0.001429 0.010476
7 0.417143 0.271905 0.002857 0.010476
7 0.409643 0.259048 0.002143 0.011429
7 0.405357 0.261905 0.002143 0.011429
7 0.408929 0.311905 0.002143 0.012381
8 0.471071 0.591905 0.003571 0.010476
8 0.466071 0.600476 0.002143 0.008571
8 0.470357 0.615238 0.003571 0.009524
1 0.470714 0.598095 0.002857 0.011429
1 0.470000 0.619524 0.002857 0.012381
1 0.466071 0.606190 0.002143 0.012381
1 0.590714 0.690476 0.002857 0.017143
8 0.590714 0.689048 0.004286 0.008571
7 0.231429 0.877619 0.005714 0.018095
