3 0.436429 0.232381 0.052857 0.112381
3 0.610357 0.125238 0.060714 0.088571
3 0.784643 0.584762 0.102143 0.180952
3 0.513929 0.346667 0.052143 0.116190
11 0.468571 0.540476 0.075714 0.195238
7 0.142143 0.285238 0.028571 0.039048
7 0.097500 0.308095 0.033571 0.046667
7 0.118214 0.490000 0.036429 0.044762
7 0.123571 0.593810 0.032857 0.042857
7 0.852143 0.060476 0.021429 0.044762
7 0.926786 0.041429 0.030714 0.050476
8 0.953214 0.387143 0.019286 0.037143
8 0.316429 0.393333 0.027143 0.036190
8 0.315000 0.381429 0.024286 0.039048
8 0.250000 0.499048 0.031429 0.047619
8 0.331786 0.757619 0.030714 0.061905
8 0.049286 0.421905 0.031429 0.034286
7 0.314286 0.504286 0.024286 0.065714
7 0.101071 0.486667 0.030714 0.043810
5 0.332500 0.777143 0.025000 0.085714
5 0.249643 0.512381 0.025000 0.055238
5 0.316071 0.401429 0.019286 0.050476
5 0.053571 0.430952 0.021429 0.050476
5 0.945357 0.400476 0.036429 0.048571
5 0.732500 0.143333 0.020714 0.037143
5 0.895714 0.033333 0.040000 0.034286
5 0.027500 0.876667 0.055000 0.031429
8 0.885357 0.324286 0.019286 0.037143
8 0.331071 0.281905 0.019286 0.036190
1 0.878929 0.340000 0.030714 0.047619
1 0.331429 0.298571 0.015714 0.042857
8 0.898929 0.021905 0.019286 0.036190
8 0.738214 0.134762 0.015000 0.037143
5 0.256071 0.149048 0.015000 0.046667
5 0.301786 0.124286 0.025000 0.060000
8 0.256071 0.146190 0.013571 0.035238
8 0.301786 0.121429 0.012143 0.021905
7 0.180357 0.128095 0.016429 0.029524
7 0.162143 0.126190 0.027143 0.044762
