3 0.454500 0.960333 0.035000 0.075333
3 0.545500 0.882333 0.032000 0.076667
8 0.491500 0.939000 0.007000 0.019333
1 0.493000 0.951000 0.010000 0.026000
3 0.545500 0.785000 0.031000 0.082000
1 0.591750 0.665333 0.021500 0.017333
8 0.492250 0.692000 0.008500 0.018667
1 0.493750 0.704000 0.009500 0.018667
3 0.539000 0.631000 0.025000 0.052667
3 0.533250 0.577000 0.022500 0.046000
1 0.587000 0.599667 0.019000 0.014000
3 0.523250 0.449667 0.019500 0.036667
8 0.483500 0.326000 0.005000 0.012000
1 0.484000 0.333333 0.005000 0.014667
8 0.488500 0.344667 0.007000 0.013333
1 0.489000 0.351333 0.005000 0.014667
8 0.497500 0.378667 0.007000 0.010667
1 0.497500 0.385333 0.004000 0.012000
1 0.512250 0.364000 0.007500 0.018667
1 0.513250 0.388333 0.014500 0.014000
3 0.325000 0.327667 0.020000 0.035333
4 0.522250 0.414667 0.019500 0.036000
6 0.471000 0.350667 0.013000 0.032000
3 0.500750 0.275000 0.016500 0.024667
3 0.495500 0.248333 0.017000 0.023333
3 0.489750 0.217000 0.012500 0.022000
8 0.474000 0.256333 0.006000 0.014000
8 0.468250 0.236667 0.006500 0.016000
8 0.479750 0.248333 0.004500 0.016667
1 0.467250 0.240667 0.006500 0.013333
1 0.479500 0.252333 0.004000 0.012667
1 0.474250 0.263333 0.003500 0.012000
3 0.490750 0.189667 0.012500 0.020667
3 0.489500 0.137667 0.012000 0.018000
7 0.512250 0.037333 0.003500 0.010667
4 0.519000 0.184333 0.019000 0.024667
8 0.462500 0.141667 0.004000 0.012667
8 0.466250 0.099667 0.004500 0.010000
8 0.477500 0.133333 0.005000 0.010667
8 0.470750 0.142000 0.004500 0.013333
1 0.463000 0.146000 0.003000 0.010667
1 0.470500 0.146667 0.004000 0.006667
1 0.477500 0.137333 0.004000 0.008000
7 0.469750 0.112667 0.006500 0.012000
3 0.487000 0.076667 0.011000 0.013333
3 0.489250 0.103000 0.012500 0.038000
11 0.398750 0.041667 0.010500 0.019333
11 0.411500 0.027667 0.009000 0.019333
11 0.456750 0.022000 0.018500 0.016000
4 0.504250 0.012000 0.016500 0.010667
3 0.393250 0.012000 0.008500 0.013333
8 0.358250 0.087000 0.002500 0.006000
8 0.334750 0.135667 0.005500 0.010000
8 0.368000 0.050333 0.003000 0.008667
7 0.344500 0.108667 0.004000 0.014667
5 0.358000 0.093000 0.003000 0.006000
1 0.334750 0.140333 0.003500 0.007333
7 0.361500 0.053333 0.004000 0.013333
4 0.379250 0.038000 0.007500 0.014667
3 0.351500 0.060667 0.011000 0.017333
3 0.342250 0.095667 0.016500 0.040667
3 0.324000 0.145000 0.011000 0.019333
3 0.321250 0.165333 0.011500 0.018667
3 0.315750 0.183333 0.012500 0.020000
3 0.309500 0.205000 0.014000 0.020667
3 0.302000 0.228333 0.017000 0.024667
8 0.314000 0.227000 0.005000 0.010000
1 0.313750 0.233000 0.004500 0.008667
8 0.314250 0.250667 0.004500 0.012000
1 0.314250 0.257000 0.003500 0.010000
11 0.293000 0.252333 0.018000 0.024667
11 0.290250 0.271333 0.015500 0.026667
11 0.270750 0.314333 0.044500 0.092667
11 0.255000 0.372667 0.023000 0.046667
3 0.244250 0.416667 0.022500 0.037333
3 0.233250 0.463000 0.024500 0.043333
3 0.209250 0.537000 0.031500 0.052667
3 0.292500 0.616333 0.028000 0.050000
3 0.168250 0.660333 0.035500 0.067333
3 0.141250 0.725667 0.040500 0.074000
3 0.109500 0.809333 0.045000 0.078667
3 0.075000 0.908333 0.050000 0.094000
4 0.149250 0.114333 0.074500 0.062000
7 0.063750 0.126000 0.005500 0.013333
1 0.062750 0.130333 0.004500 0.011333
4 0.095500 0.085667 0.054000 0.060667
4 0.035000 0.143667 0.050000 0.035333
8 0.274250 0.380000 0.008500 0.018667
1 0.274500 0.387000 0.009000 0.015333
8 0.477500 0.082000 0.004000 0.008000
5 0.477750 0.086000 0.002500 0.009333
3 0.788750 0.103667 0.013500 0.018000
3 0.779750 0.092000 0.010500 0.014667
3 0.799000 0.101000 0.012000 0.015333
3 0.803750 0.093333 0.013500 0.014667
3 0.809250 0.013000 0.022500 0.011333
