2 0.072857 0.455238 0.078571 0.026667
2 0.017500 0.452381 0.035000 0.026667
2 0.039286 0.426667 0.078571 0.028571
2 0.042857 0.395714 0.062857 0.031429
10 0.062500 0.374762 0.035000 0.020000
10 0.023929 0.370476 0.043571 0.022857
10 0.054286 0.346667 0.055714 0.022857
10 0.037143 0.314286 0.047143 0.024762
10 0.231071 0.376667 0.022143 0.048571
10 0.250000 0.371905 0.021429 0.050476
3 0.264643 0.348095 0.016429 0.037143
3 0.276786 0.337143 0.013571 0.028571
10 0.333571 0.223810 0.017143 0.055238
3 0.303571 0.520000 0.012857 0.036190
3 0.207143 0.782857 0.017143 0.036190
3 0.137500 0.795714 0.027857 0.016190
3 0.139286 0.775238 0.030000 0.017143
3 0.080357 0.786667 0.029286 0.028571
3 0.308571 0.754762 0.027143 0.018095
3 0.678571 0.416667 0.014286 0.035238
3 0.692857 0.394762 0.014286 0.033333
3 0.707857 0.400476 0.012857 0.035238
3 0.723571 0.404762 0.014286 0.032381
3 0.985357 0.380000 0.019286 0.036190
3 0.570000 0.977619 0.017143 0.040952
3 0.600714 0.980000 0.015714 0.036190
3 0.367143 0.965238 0.028571 0.021905
3 0.185000 0.964762 0.034286 0.017143
3 0.066429 0.991905 0.032857 0.014286
3 0.056071 0.954762 0.030714 0.020000
5 0.463571 0.990000 0.012857 0.010476
