3 0.263214 0.081905 0.070714 0.051429
10 0.330000 0.140952 0.031429 0.106667
3 0.244643 0.199524 0.047857 0.046667
3 0.252143 0.294286 0.047143 0.045714
3 0.258214 0.333333 0.049286 0.043810
8 0.388929 0.305714 0.013571 0.015238
7 0.488571 0.342381 0.007143 0.018095
5 0.388929 0.309524 0.009286 0.041905
5 0.326786 0.606667 0.027857 0.022857
5 0.589286 0.437143 0.021429 0.028571
5 0.589643 0.459524 0.025000 0.020000
5 0.585714 0.487619 0.010000 0.041905
5 0.334643 0.667143 0.029286 0.018095
5 0.334643 0.719524 0.026429 0.025714
5 0.279643 0.780000 0.027857 0.017143
5 0.228571 0.841905 0.031429 0.020952
5 0.228571 0.876667 0.031429 0.023810
5 0.293571 0.892381 0.031429 0.022857
3 0.306786 0.940952 0.075000 0.064762
3 0.318929 0.983333 0.082143 0.031429
7 0.559643 0.840000 0.007857 0.015238
7 0.551429 0.782857 0.008571 0.015238
3 0.550357 0.796190 0.072143 0.062857
0 0.596429 0.722381 0.017143 0.060000
10 0.512143 0.264762 0.038571 0.110476
3 0.543571 0.440952 0.048571 0.034286
3 0.619286 0.481905 0.037143 0.062857
3 0.551429 0.477143 0.040000 0.030476
3 0.552143 0.515714 0.048571 0.035238
3 0.550357 0.627619 0.072143 0.066667
0 0.913929 0.251429 0.065000 0.038095
1 0.551071 0.090476 0.022143 0.020952
