4 0.425000 0.027333 0.014000 0.042667
7 0.438750 0.023000 0.004500 0.019333
3 0.424500 0.061333 0.008000 0.018667
11 0.422250 0.075000 0.007500 0.016667
3 0.420000 0.090667 0.010000 0.018667
5 0.433250 0.123333 0.004500 0.016000
2 0.528500 0.067000 0.017000 0.050000
3 0.553500 0.016000 0.009000 0.013333
3 0.555000 0.028000 0.008000 0.012000
3 0.556750 0.039000 0.009500 0.012667
3 0.558000 0.051000 0.010000 0.016667
3 0.560750 0.065333 0.008500 0.017333
3 0.562500 0.081667 0.011000 0.016667
3 0.565500 0.094667 0.012000 0.014667
3 0.569250 0.108333 0.012500 0.015333
3 0.638500 0.111667 0.023000 0.012667
3 0.639250 0.133333 0.023500 0.014667
3 0.663000 0.134667 0.022000 0.013333
3 0.650250 0.148667 0.023500 0.014667
3 0.515000 0.132333 0.010000 0.019333
3 0.574000 0.179000 0.024000 0.019333
3 0.546500 0.211333 0.013000 0.018667
3 0.545500 0.262000 0.015000 0.028000
3 0.552000 0.314000 0.016000 0.030667
11 0.594750 0.306667 0.014500 0.026667
3 0.608750 0.405333 0.017500 0.036000
3 0.614250 0.443333 0.016500 0.032000
3 0.607000 0.495667 0.020000 0.044667
3 0.742750 0.471000 0.027500 0.036667
3 0.729750 0.541667 0.027500 0.047333
7 0.725500 0.514667 0.008000 0.014667
3 0.794750 0.468667 0.023500 0.033333
7 0.628000 0.530333 0.007000 0.020667
7 0.594500 0.524000 0.006000 0.020000
7 0.583750 0.524000 0.005500 0.020000
3 0.636500 0.589000 0.020000 0.036667
3 0.643750 0.649333 0.023500 0.049333
3 0.654250 0.724333 0.027500 0.059333
3 0.673250 0.813333 0.030500 0.058667
3 0.712000 0.982667 0.030000 0.033333
3 0.460250 0.235333 0.015500 0.032000
3 0.462000 0.318667 0.015000 0.036000
3 0.398250 0.274333 0.012500 0.024667
3 0.395500 0.302000 0.013000 0.028000
3 0.390500 0.348000 0.014000 0.032000
3 0.387500 0.378000 0.017000 0.034667
7 0.405750 0.330333 0.004500 0.016667
7 0.354500 0.420333 0.005000 0.015333
7 0.350750 0.419667 0.004500 0.015333
3 0.380000 0.434000 0.017000 0.040000
11 0.376250 0.465667 0.017500 0.036667
11 0.368500 0.516667 0.021000 0.056000
11 0.363000 0.590333 0.019000 0.056667
7 0.338000 0.594667 0.005000 0.014667
7 0.331250 0.598000 0.004500 0.016000
3 0.346250 0.730333 0.024500 0.064667
3 0.338000 0.808000 0.028000 0.066667
7 0.351750 0.849000 0.007500 0.018000
11 0.323250 0.910667 0.032500 0.096000
3 0.441000 0.957667 0.024000 0.083333
2 0.408750 0.772000 0.036500 0.170667
3 0.449000 0.734333 0.021000 0.070000
3 0.482500 0.794333 0.024000 0.082000
3 0.080250 0.529333 0.043500 0.029333
3 0.092000 0.499333 0.042000 0.029333
