3 0.485714 0.676667 0.044286 0.033333
3 0.199643 0.731905 0.033571 0.037143
3 0.054286 0.667619 0.022857 0.028571
3 0.012143 0.619048 0.022857 0.022857
3 0.030714 0.596190 0.021429 0.017143
3 0.117857 0.595714 0.017143 0.016190
10 0.148571 0.581905 0.028571 0.049524
11 0.204643 0.570476 0.025000 0.015238
3 0.105000 0.527143 0.010000 0.010476
2 0.097500 0.514762 0.013571 0.020000
3 0.113214 0.505238 0.006429 0.006667
3 0.109286 0.482857 0.002857 0.003810
3 0.107143 0.479048 0.002857 0.003810
3 0.142857 0.519524 0.007143 0.006667
11 0.151786 0.526190 0.007857 0.010476
3 0.173571 0.526667 0.008571 0.009524
3 0.162857 0.508095 0.005714 0.006667
3 0.161786 0.501905 0.005000 0.005714
3 0.152500 0.499048 0.003571 0.005714
3 0.159286 0.494286 0.004286 0.005714
3 0.165357 0.496667 0.005000 0.006667
3 0.161429 0.482381 0.002857 0.004762
3 0.166429 0.479048 0.004286 0.003810
3 0.162500 0.478095 0.003571 0.003810
3 0.157143 0.478095 0.002857 0.001905
3 0.990357 0.567619 0.017857 0.013333
3 0.890357 0.517143 0.007857 0.007619
3 0.858929 0.511429 0.009286 0.007619
7 0.850714 0.510000 0.002857 0.010476
3 0.550357 0.480000 0.007857 0.003810
