7 0.600357 0.671905 0.012143 0.029524
7 0.626429 0.673333 0.014286 0.030476
7 0.630714 0.669048 0.011429 0.025714
7 0.604643 0.654286 0.009286 0.032381
7 0.611071 0.650476 0.010714 0.032381
7 0.509286 0.597619 0.008571 0.025714
7 0.493571 0.586190 0.012857 0.027619
7 0.504643 0.580000 0.007857 0.026667
7 0.512143 0.574762 0.008571 0.025714
7 0.485714 0.569048 0.011429 0.025714
7 0.443929 0.521905 0.007857 0.024762
4 0.405000 0.489048 0.047143 0.071429
7 0.575000 0.322381 0.005714 0.023810
7 0.582143 0.321429 0.005714 0.018095
7 0.586071 0.323810 0.005000 0.017143
7 0.598929 0.310952 0.005000 0.018095
7 0.601786 0.311905 0.005000 0.018095
7 0.606429 0.308571 0.004286 0.020952
7 0.610000 0.309048 0.005714 0.018095
7 0.615714 0.301429 0.004286 0.018095
7 0.619286 0.302381 0.005714 0.016190
7 0.572143 0.264286 0.005714 0.018095
7 0.577500 0.265714 0.007857 0.019048
5 0.092857 0.549048 0.030000 0.027619
8 0.097500 0.541905 0.012143 0.024762
8 0.090000 0.543333 0.012857 0.021905
7 0.074643 0.533810 0.016429 0.027619
7 0.035357 0.522857 0.019286 0.024762
7 0.018214 0.526667 0.017857 0.022857
7 0.166786 0.487143 0.012143 0.025714
7 0.162857 0.486667 0.011429 0.024762
9 0.714286 0.281429 0.022857 0.023810
4 0.588571 0.070952 0.054286 0.027619
4 0.777857 0.074286 0.171429 0.057143
4 0.486786 0.064286 0.083571 0.027619
4 0.502500 0.028095 0.022143 0.018095
