3 0.729645 0.523655 0.020877 0.025046
3 0.801409 0.510668 0.027662 0.041744
10 0.797495 0.421150 0.070981 0.059369
3 0.717119 0.376160 0.035491 0.039889
3 0.907620 0.346475 0.037578 0.025046
3 0.864301 0.329314 0.034447 0.029685
3 0.808716 0.332560 0.037056 0.028757
3 0.769833 0.311688 0.035491 0.029685
3 0.710595 0.293135 0.030793 0.031540
3 0.732777 0.290816 0.029228 0.028757
3 0.781315 0.280612 0.035491 0.034323
3 0.737213 0.257421 0.026618 0.030612
5 0.726253 0.234694 0.010960 0.014842
3 0.377871 0.576531 0.031315 0.051020
3 0.151096 0.342301 0.023486 0.035250
5 0.131002 0.335343 0.010438 0.017625
11 0.472077 0.221243 0.022443 0.030612
3 0.534969 0.179035 0.025052 0.022263
3 0.467380 0.143321 0.020355 0.019481
4 0.467380 0.118275 0.027662 0.028757
4 0.496608 0.108534 0.017223 0.033395
