3 0.480167 0.041744 0.022965 0.031540
3 0.466336 0.058442 0.027662 0.038961
3 0.402401 0.125696 0.032359 0.032468
3 0.359864 0.179499 0.027662 0.034323
3 0.347338 0.198980 0.023486 0.039889
3 0.328549 0.217996 0.026618 0.035250
3 0.310543 0.236549 0.028184 0.038961
3 0.198852 0.368738 0.037578 0.051020
5 0.146660 0.371521 0.008351 0.019481
3 0.822808 0.124768 0.034969 0.038033
3 0.786795 0.195733 0.036013 0.042672
7 0.761482 0.213358 0.003132 0.011132
5 0.765919 0.209184 0.007829 0.010204
5 0.751827 0.200835 0.012004 0.013915
5 0.736952 0.193414 0.010438 0.010204
5 0.717902 0.177644 0.012004 0.015770
3 0.708246 0.342764 0.037578 0.051020
7 0.715814 0.324212 0.003653 0.015770
3 0.685021 0.389610 0.041232 0.061224
3 0.670407 0.419759 0.039144 0.054731
5 0.791754 0.416048 0.018789 0.028757
3 0.625000 0.500000 0.043319 0.055659
3 0.609603 0.544991 0.043841 0.056586
3 0.561326 0.655380 0.043319 0.060297
3 0.459029 0.854824 0.053758 0.080705
3 0.393528 0.847866 0.046973 0.083488
3 0.271138 0.788033 0.047495 0.076994
