3 0.535000 0.575508 0.017143 0.069797
3 0.498214 0.383249 0.015000 0.055838
3 0.429286 0.223985 0.010000 0.031726
3 0.516071 0.141497 0.013571 0.036802
3 0.507143 0.082487 0.012857 0.032995
3 0.486786 0.078680 0.012143 0.032995
3 0.488214 0.045685 0.009286 0.025381
3 0.487143 0.013959 0.012857 0.025381
3 0.461786 0.013959 0.010714 0.025381
11 0.451786 0.323604 0.015000 0.048223
11 0.542143 0.727792 0.025714 0.105330
11 0.493571 0.795685 0.024286 0.106599
11 0.401071 0.625635 0.019286 0.073604
3 0.591786 0.982234 0.026429 0.030457
3 0.530000 0.072970 0.010000 0.031726
3 0.308214 0.121827 0.030714 0.020305
2 0.809286 0.394670 0.115714 0.071066
7 0.641429 0.014594 0.005714 0.016497
