10 0.110000 0.732868 0.124286 0.095178
10 0.132857 0.589467 0.122857 0.097716
10 0.141071 0.524746 0.125000 0.087563
10 0.142143 0.458756 0.105714 0.082487
10 0.147500 0.410533 0.096429 0.079949
10 0.158571 0.350888 0.090000 0.072335
10 0.178929 0.309645 0.092143 0.091371
10 0.360000 0.477792 0.108571 0.079949
10 0.338214 0.739848 0.105000 0.091371
10 0.354643 0.541878 0.103571 0.093909
10 0.362857 0.373096 0.104286 0.088832
11 0.436786 0.814721 0.077857 0.073604
11 0.653214 0.825508 0.033571 0.143401
11 0.809286 0.378173 0.041429 0.078680
11 0.602143 0.474619 0.032857 0.121827
11 0.448214 0.529188 0.076429 0.058376
3 0.442857 0.752538 0.075714 0.065990
3 0.450000 0.632614 0.065714 0.062183
3 0.447857 0.581853 0.065714 0.052030
3 0.575714 0.828046 0.035714 0.130711
3 0.610714 0.828680 0.032857 0.119289
3 0.723929 0.837563 0.045000 0.142132
3 0.766071 0.855330 0.037857 0.129442
3 0.875000 0.835025 0.038571 0.134518
3 0.920714 0.836294 0.062857 0.144670
3 0.942857 0.731599 0.051429 0.135787
3 0.864643 0.671954 0.047857 0.123096
3 0.824286 0.710025 0.037143 0.140863
3 0.786429 0.701142 0.042857 0.130711
3 0.750357 0.703046 0.039286 0.126904
3 0.713214 0.706218 0.040714 0.123096
3 0.643929 0.695431 0.037857 0.126904
3 0.566786 0.484137 0.033571 0.110406
3 0.453214 0.485406 0.070714 0.052030
3 0.454286 0.394036 0.068571 0.064721
3 0.460714 0.348350 0.067143 0.049492
3 0.460357 0.270939 0.060714 0.062183
3 0.554643 0.237944 0.029286 0.102792
3 0.778571 0.214467 0.047143 0.073604
3 0.793571 0.273477 0.037143 0.082487
3 0.798929 0.328046 0.036429 0.062183
3 0.783214 0.585025 0.069286 0.071066
3 0.769286 0.524746 0.071429 0.067259
3 0.762143 0.475254 0.070000 0.064721
3 0.822500 0.443528 0.045000 0.077411
3 0.755357 0.419416 0.059286 0.057107
3 0.588929 0.221447 0.029286 0.085025
3 0.458929 0.202411 0.047857 0.057107
3 0.745000 0.376269 0.058571 0.057107
3 0.740357 0.321701 0.053571 0.057107
3 0.737500 0.278553 0.053571 0.052030
3 0.723929 0.237310 0.055000 0.050761
3 0.717500 0.199239 0.053571 0.055838
10 0.974286 0.670051 0.050000 0.241117
