3 0.222857 0.058376 0.017143 0.012690
7 0.242143 0.095178 0.002857 0.010152
7 0.247143 0.092640 0.002857 0.012690
7 0.248571 0.120558 0.002857 0.007614
3 0.229286 0.111675 0.017143 0.020305
3 0.318214 0.090736 0.016429 0.016497
3 0.253571 0.136421 0.017143 0.021574
11 0.288571 0.039340 0.010000 0.022843
11 0.328929 0.062183 0.020714 0.015228
3 0.036429 0.406726 0.014286 0.021574
3 0.121429 0.556472 0.017143 0.026650
3 0.031071 0.847716 0.029286 0.038071
3 0.067500 0.807107 0.026429 0.035533
11 0.102143 0.763325 0.022857 0.034264
3 0.131071 0.712563 0.023571 0.036802
2 0.245357 0.574873 0.056429 0.076142
7 0.167857 0.555838 0.005714 0.007614
7 0.168571 0.550761 0.002857 0.010152
2 0.259643 0.409264 0.022143 0.046954
2 0.298571 0.395939 0.031429 0.060914
2 0.309643 0.410533 0.026429 0.057107
2 0.336429 0.335025 0.030000 0.078680
2 0.440000 0.359137 0.012857 0.098985
2 0.360714 0.268401 0.021429 0.054569
2 0.397143 0.279822 0.041429 0.067259
7 0.428571 0.258883 0.001429 0.010152
2 0.393214 0.299492 0.033571 0.055838
2 0.379286 0.311548 0.042857 0.069797
2 0.376071 0.334391 0.042143 0.067259
2 0.372857 0.361675 0.044286 0.071066
2 0.368571 0.383883 0.044286 0.074873
2 0.367857 0.411168 0.028571 0.045685
2 0.356786 0.425127 0.033571 0.055838
2 0.348214 0.442893 0.043571 0.073604
2 0.340714 0.463198 0.042857 0.068528
2 0.335714 0.487944 0.041429 0.067259
11 0.263929 0.451142 0.016429 0.031726
7 0.240714 0.427030 0.002857 0.003807
7 0.244643 0.415609 0.003571 0.006345
7 0.253929 0.401015 0.002143 0.010152
7 0.280357 0.467640 0.003571 0.011421
7 0.333214 0.527284 0.003571 0.008883
7 0.337857 0.532360 0.002857 0.008883
7 0.338929 0.538071 0.002143 0.010152
2 0.376429 0.173223 0.032857 0.074873
2 0.449286 0.156091 0.015714 0.071066
3 0.464286 0.038071 0.008571 0.022843
3 0.465000 0.151650 0.007143 0.024112
2 0.438929 0.885787 0.069286 0.048223
11 0.799643 0.987310 0.026429 0.020305
7 0.922857 0.903553 0.005714 0.005076
7 0.857500 0.866751 0.006429 0.007614
7 0.933214 0.912437 0.006429 0.007614
7 0.957857 0.927665 0.005714 0.005076
7 0.950714 0.924492 0.005714 0.006345
7 0.953929 0.930203 0.005000 0.005076
7 0.985000 0.946701 0.005714 0.005076
4 0.941786 0.919416 0.006429 0.008883
7 0.566429 0.307741 0.001429 0.008883
