3 0.391429 0.900000 0.038571 0.139048
3 0.208571 0.903810 0.037143 0.112381
3 0.243929 0.672857 0.033571 0.084762
3 0.403214 0.612857 0.029286 0.084762
3 0.355000 0.598095 0.025714 0.081905
3 0.400714 0.357619 0.017143 0.048571
3 0.468214 0.394286 0.017857 0.041905
3 0.533214 0.363810 0.019286 0.041905
3 0.393571 0.284762 0.017143 0.041905
3 0.392500 0.191905 0.015000 0.037143
3 0.336429 0.070000 0.010000 0.020000
3 0.239286 0.056667 0.012857 0.018095
3 0.291429 0.048095 0.032857 0.021905
3 0.298214 0.014762 0.023571 0.014286
3 0.295714 0.007143 0.024286 0.014286
3 0.247857 0.034762 0.008571 0.014286
11 0.252857 0.019048 0.011429 0.019048
3 0.322500 0.148571 0.013571 0.022857
3 0.309643 0.237143 0.016429 0.030476
11 0.301786 0.286667 0.017857 0.041905
3 0.287143 0.391429 0.021429 0.043810
11 0.238571 0.089048 0.022857 0.016190
7 0.265357 0.123810 0.003571 0.013333
7 0.225714 0.264762 0.004286 0.017143
5 0.323571 0.256190 0.005714 0.015238
8 0.323571 0.251429 0.002857 0.005714
7 0.320714 0.315238 0.002857 0.013333
5 0.271429 0.740952 0.022857 0.049524
8 0.275714 0.728571 0.011429 0.020952
11 0.428571 0.328095 0.015714 0.031429
3 0.515714 0.258095 0.015714 0.030476
3 0.498571 0.167143 0.012857 0.023810
3 0.436071 0.043333 0.009286 0.014286
3 0.472143 0.006190 0.008571 0.010476
5 0.462143 0.018095 0.004286 0.009524
5 0.483929 0.063333 0.003571 0.012381
5 0.480000 0.133810 0.002857 0.010476
5 0.474643 0.140952 0.003571 0.011429
5 0.484643 0.095714 0.005000 0.012381
5 0.490714 0.096667 0.002857 0.010476
5 0.614643 0.878571 0.012143 0.046667
3 0.571429 0.567143 0.030000 0.065714
7 0.613214 0.263810 0.005000 0.017143
8 0.461786 0.015714 0.003571 0.004762
8 0.484286 0.061905 0.002857 0.009524
8 0.484643 0.092381 0.002143 0.007619
8 0.490714 0.094286 0.002857 0.005714
8 0.479643 0.130476 0.002143 0.005714
8 0.473571 0.136667 0.002857 0.010476
8 0.612857 0.867619 0.007143 0.017143
3 0.639286 0.911905 0.027143 0.079048
