10 0.080357 0.239213 0.036429 0.026650
11 0.226429 0.087563 0.027143 0.030457
3 0.182500 0.126269 0.029286 0.031726
11 0.330357 0.170051 0.030714 0.025381
3 0.326786 0.198604 0.026429 0.024112
3 0.285000 0.197970 0.031429 0.017766
3 0.237500 0.171954 0.030714 0.024112
10 0.136429 0.232868 0.062857 0.044416
3 0.203929 0.215736 0.032143 0.025381
3 0.251786 0.272843 0.029286 0.022843
3 0.288214 0.246193 0.026429 0.022843
3 0.338929 0.275381 0.033571 0.025381
3 0.336429 0.245558 0.028571 0.024112
3 0.302857 0.223985 0.025714 0.021574
2 0.286429 0.168147 0.041429 0.034264
11 0.248571 0.248731 0.031429 0.022843
11 0.208214 0.272208 0.030714 0.026650
11 0.192500 0.241751 0.033571 0.024112
3 0.168214 0.269670 0.030714 0.021574
3 0.251071 0.220178 0.030714 0.024112
7 0.314286 0.043782 0.005714 0.016497
7 0.334286 0.076142 0.004286 0.015228
7 0.366786 0.080584 0.003571 0.013959
7 0.371071 0.088832 0.003571 0.012690
7 0.362857 0.064721 0.004286 0.015228
7 0.374643 0.072335 0.003571 0.015228
7 0.348929 0.065990 0.003571 0.007614
7 0.370714 0.064721 0.002857 0.012690
7 0.372857 0.060914 0.001429 0.012690
3 0.405714 0.213198 0.012857 0.038071
2 0.433214 0.189721 0.017857 0.077411
11 0.391786 0.015863 0.013571 0.031726
3 0.418571 0.051396 0.012857 0.036802
3 0.490000 0.013325 0.012857 0.026650
3 0.471429 0.008883 0.011429 0.017766
3 0.412500 0.417513 0.015000 0.043147
3 0.441071 0.499365 0.015000 0.039340
3 0.398929 0.924492 0.017857 0.072335
11 0.427500 0.786802 0.016429 0.060914
7 0.596429 0.829315 0.002857 0.011421
7 0.575357 0.805838 0.003571 0.007614
7 0.576786 0.798858 0.003571 0.006345
7 0.671786 0.590736 0.005000 0.006345
7 0.717500 0.643401 0.003571 0.010152
7 0.528571 0.019036 0.004286 0.012690
3 0.713214 0.094543 0.013571 0.039340
3 0.738929 0.095812 0.010714 0.031726
3 0.753929 0.095812 0.013571 0.031726
2 0.674643 0.290609 0.045000 0.030457
2 0.766786 0.298858 0.045000 0.029188
2 0.697143 0.323604 0.088571 0.050761
2 0.790714 0.322335 0.092857 0.053299
2 0.704286 0.359137 0.057143 0.032995
3 0.644286 0.360406 0.032857 0.020305
3 0.629643 0.331853 0.030714 0.024112
3 0.759286 0.363579 0.032857 0.024112
3 0.813571 0.368020 0.031429 0.027919
3 0.916786 0.370558 0.027857 0.020305
3 0.901429 0.336929 0.034286 0.021574
2 0.865000 0.364213 0.048571 0.030457
5 0.622857 0.305203 0.012857 0.011421
8 0.622857 0.303299 0.007143 0.012690
5 0.611071 0.602157 0.009286 0.011421
5 0.617857 0.582487 0.010000 0.007614
8 0.619643 0.581853 0.005000 0.006345
8 0.612857 0.601523 0.004286 0.010152
7 0.653214 0.546954 0.003571 0.010152
7 0.822143 0.654822 0.004286 0.010152
7 0.888571 0.646574 0.002857 0.011421
7 0.935000 0.652284 0.005714 0.012690
7 0.825000 0.629442 0.002857 0.007614
3 0.955357 0.193528 0.032143 0.024112
3 0.873929 0.098350 0.015000 0.039340
3 0.901786 0.101523 0.015000 0.035533
2 0.943571 0.095178 0.018571 0.040609
7 0.888214 0.104061 0.003571 0.010152
7 0.804643 0.147208 0.006429 0.012690
