8 0.491000 0.910667 0.030000 0.073333
5 0.495000 0.920000 0.038000 0.082667
7 0.529250 0.874667 0.023500 0.073333
7 0.553750 0.837667 0.022500 0.070000
7 0.656000 0.860000 0.019000 0.062667
9 0.661500 0.921667 0.029000 0.106000
7 0.613750 0.818333 0.020500 0.068667
7 0.676250 0.808000 0.019500 0.065333
5 0.595000 0.676333 0.018000 0.063333
7 0.557500 0.706000 0.016000 0.069333
7 0.565000 0.684000 0.018000 0.065333
7 0.577500 0.659000 0.018000 0.066000
7 0.666250 0.672667 0.020500 0.062667
7 0.676750 0.633333 0.019500 0.056000
7 0.616250 0.581667 0.014500 0.052667
7 0.712500 0.584000 0.012000 0.054667
7 0.705250 0.583000 0.012500 0.043333
5 0.671250 0.521000 0.043500 0.040667
11 0.657500 0.473000 0.049000 0.074000
11 0.573750 0.432333 0.080500 0.066000
5 0.595500 0.473333 0.028000 0.032000
11 0.562000 0.483000 0.084000 0.071333
11 0.533000 0.511000 0.099000 0.067333
11 0.520500 0.552000 0.137000 0.081333
7 0.515000 0.485000 0.013000 0.043333
7 0.502000 0.489000 0.010000 0.042000
7 0.461500 0.419333 0.009000 0.041333
7 0.490750 0.365333 0.009500 0.033333
7 0.498250 0.340333 0.007500 0.035333
7 0.466000 0.281333 0.008000 0.029333
7 0.414000 0.227333 0.006000 0.017333
8 0.529250 0.341333 0.007500 0.024000
8 0.358000 0.342000 0.010000 0.021333
8 0.372750 0.336333 0.009500 0.019333
7 0.327500 0.347667 0.009000 0.031333
7 0.311000 0.350000 0.010000 0.034667
7 0.283000 0.344333 0.011000 0.034000
7 0.246000 0.433667 0.017000 0.047333
7 0.267250 0.422667 0.012500 0.042667
8 0.294750 0.377667 0.013500 0.030000
7 0.305250 0.365000 0.011500 0.035333
1 0.276750 0.318000 0.016500 0.024000
5 0.316000 0.335000 0.025000 0.027333
11 0.340250 0.324000 0.060500 0.041333
3 0.287500 0.429000 0.062000 0.048667
11 0.412500 0.423667 0.075000 0.060667
11 0.416000 0.398667 0.073000 0.057333
11 0.363750 0.386000 0.060500 0.053333
11 0.449250 0.329333 0.043500 0.044000
5 0.398750 0.485667 0.019500 0.032667
11 0.316750 0.535333 0.105500 0.084000
11 0.298500 0.733000 0.124000 0.107333
11 0.228250 0.716667 0.137500 0.125333
11 0.170250 0.659667 0.150500 0.118000
7 0.063000 0.584667 0.014000 0.058667
7 0.097750 0.535333 0.020500 0.053333
7 0.101250 0.525333 0.018500 0.052000
7 0.165500 0.457333 0.015000 0.044000
7 0.209750 0.442000 0.013500 0.040000
8 0.202250 0.430333 0.010500 0.024667
1 0.139750 0.466667 0.024500 0.028000
11 0.401000 0.287000 0.061000 0.042000
3 0.407750 0.278000 0.043500 0.026667
3 0.430250 0.272333 0.043500 0.030000
3 0.450000 0.266333 0.044000 0.026000
10 0.459750 0.252333 0.046500 0.036667
11 0.471000 0.248333 0.040000 0.027333
3 0.507750 0.298667 0.037500 0.034667
3 0.587250 0.309333 0.063500 0.040000
10 0.596000 0.270000 0.060000 0.040000
3 0.532250 0.280667 0.034500 0.029333
3 0.559000 0.258333 0.026000 0.023333
3 0.559250 0.236667 0.021500 0.022667
3 0.582250 0.242667 0.025500 0.024000
3 0.617250 0.238667 0.035500 0.024000
8 0.582250 0.349333 0.009500 0.025333
3 0.645750 0.232667 0.036500 0.020000
8 0.619500 0.225333 0.007000 0.016000
5 0.620500 0.229000 0.013000 0.012667
3 0.607500 0.211000 0.038000 0.016667
3 0.629000 0.205667 0.036000 0.018000
3 0.592000 0.195667 0.031000 0.015333
11 0.489000 0.239333 0.044000 0.030667
11 0.502000 0.235000 0.033000 0.024667
3 0.505250 0.231000 0.037500 0.019333
3 0.512000 0.223667 0.038000 0.019333
10 0.537500 0.195667 0.043000 0.023333
3 0.542250 0.190667 0.037500 0.018667
3 0.503500 0.189667 0.028000 0.014000
3 0.451750 0.217667 0.037500 0.023333
3 0.411000 0.215667 0.021000 0.022000
3 0.381500 0.215667 0.023000 0.022000
3 0.373500 0.191667 0.027000 0.014000
10 0.376750 0.173333 0.088500 0.042667
