7 0.822143 0.591905 0.031429 0.077143
7 0.536429 0.570000 0.020000 0.071429
7 0.605714 0.624286 0.031429 0.082857
7 0.552500 0.655714 0.022143 0.084762
7 0.578571 0.655714 0.024286 0.060000
7 0.438929 0.652857 0.022143 0.080952
7 0.418571 0.566667 0.020000 0.074286
7 0.383571 0.556667 0.020000 0.054286
8 0.406071 0.550476 0.025000 0.045714
7 0.461071 0.653810 0.019286 0.060000
7 0.352857 0.501429 0.020000 0.071429
7 0.385714 0.504286 0.024286 0.067619
8 0.428214 0.523810 0.030714 0.064762
5 0.435714 0.534286 0.054286 0.057143
7 0.582143 0.588571 0.020000 0.078095
7 0.907500 0.747143 0.025000 0.056190
7 0.942143 0.730000 0.040000 0.090476
11 0.052857 0.436190 0.105714 0.114286
1 0.952857 0.451905 0.044286 0.035238
5 0.946071 0.426667 0.040714 0.034286
1 0.962500 0.412381 0.036429 0.034286
1 0.944643 0.367619 0.035000 0.026667
1 0.943571 0.360000 0.044286 0.024762
5 0.884286 0.288571 0.015714 0.024762
1 0.904643 0.293333 0.017857 0.034286
1 0.919286 0.297143 0.011429 0.030476
1 0.934643 0.299048 0.015000 0.026667
1 0.942857 0.300000 0.011429 0.032381
1 0.951786 0.300476 0.012143 0.031429
1 0.866786 0.287143 0.009286 0.033333
1 0.858214 0.287619 0.012143 0.032381
1 0.980714 0.493810 0.018571 0.052381
7 0.386786 0.534762 0.022143 0.063810
