7 0.129643 0.343274 0.015000 0.039340
7 0.145000 0.277919 0.011429 0.030457
7 0.158214 0.310279 0.013571 0.031726
7 0.238929 0.479061 0.010714 0.039340
7 0.236071 0.657995 0.017857 0.039340
7 0.281071 0.550127 0.012143 0.036802
7 0.295714 0.519036 0.011429 0.040609
7 0.307143 0.502538 0.008571 0.043147
7 0.347857 0.493020 0.012857 0.029188
7 0.326071 0.475254 0.015000 0.034264
7 0.306071 0.469543 0.012143 0.038071
7 0.287857 0.439721 0.011429 0.036802
7 0.345714 0.302665 0.014286 0.034264
7 0.374286 0.263959 0.008571 0.035533
7 0.568929 0.770305 0.012143 0.045685
7 0.427857 0.194162 0.008571 0.040609
7 0.452500 0.298858 0.005000 0.024112
7 0.493929 0.312817 0.009286 0.034264
7 0.498214 0.137056 0.005000 0.038071
7 0.523571 0.190990 0.008571 0.039340
2 0.728214 0.404822 0.142143 0.304569
