10 0.149643 0.940952 0.132143 0.116190
10 0.223929 0.847619 0.099286 0.114286
3 0.240714 0.620000 0.068571 0.060952
11 0.337857 0.652381 0.081429 0.085714
3 0.478571 0.711905 0.085714 0.073333
3 0.405714 0.601905 0.074286 0.049524
3 0.420714 0.557619 0.067143 0.044762
3 0.444286 0.526667 0.070000 0.051429
3 0.467143 0.503333 0.065714 0.052381
3 0.506429 0.456667 0.055714 0.046667
10 0.541786 0.406190 0.083571 0.056190
3 0.569286 0.358571 0.048571 0.029524
10 0.580357 0.330952 0.053571 0.040952
3 0.525357 0.430476 0.052143 0.030476
3 0.622857 0.259048 0.040000 0.026667
3 0.658214 0.204286 0.026429 0.018095
3 0.717143 0.123333 0.027143 0.014286
3 0.628571 0.243333 0.030000 0.016190
3 0.667857 0.195238 0.028571 0.017143
3 0.681071 0.185714 0.026429 0.019048
3 0.686786 0.167143 0.026429 0.016190
3 0.695357 0.155714 0.025000 0.016190
3 0.701429 0.148095 0.024286 0.018095
3 0.705357 0.139524 0.026429 0.014286
3 0.722143 0.114286 0.021429 0.013333
3 0.731071 0.106667 0.020714 0.015238
3 0.736071 0.101429 0.023571 0.016190
3 0.740000 0.093333 0.021429 0.015238
3 0.746429 0.084762 0.021429 0.013333
3 0.664286 0.100476 0.012857 0.016190
3 0.678214 0.103333 0.015000 0.018095
3 0.771786 0.062857 0.016429 0.009524
3 0.772500 0.054762 0.016429 0.008571
3 0.778214 0.046190 0.017857 0.010476
3 0.746429 0.056190 0.018571 0.009524
3 0.835000 0.056190 0.010000 0.017143
3 0.816429 0.112381 0.010000 0.013333
3 0.820357 0.102857 0.009286 0.013333
3 0.898929 0.084762 0.010714 0.017143
3 0.771429 0.239524 0.018571 0.027619
3 0.758571 0.275714 0.018571 0.029524
3 0.762143 0.260952 0.015714 0.024762
3 0.779643 0.204762 0.016429 0.024762
3 0.786071 0.186667 0.017857 0.030476
3 0.694643 0.458095 0.035000 0.062857
11 0.615000 0.668571 0.045714 0.095238
11 0.645000 0.595714 0.042857 0.075238
3 0.660714 0.532857 0.047143 0.075238
3 0.715714 0.397619 0.028571 0.046667
3 0.727857 0.352857 0.024286 0.040952
3 0.736429 0.311429 0.025714 0.045714
3 0.928571 0.040000 0.007143 0.009524
3 0.926071 0.083333 0.007857 0.010476
3 0.940000 0.066190 0.010000 0.012381
3 0.942143 0.084286 0.010000 0.012381
3 0.929643 0.003333 0.006429 0.006667
3 0.910714 0.121905 0.012857 0.013333
3 0.983929 0.160000 0.016429 0.017143
11 0.638214 0.233333 0.035000 0.022857
11 0.511786 0.966667 0.053571 0.064762
8 0.445714 0.803810 0.011429 0.022857
8 0.680000 0.642857 0.012857 0.020952
8 0.738214 0.425714 0.003571 0.009524
8 0.750000 0.435714 0.007143 0.012381
8 0.857143 0.002857 0.002857 0.005714
8 0.859286 0.024762 0.002857 0.003810
3 0.897143 0.007619 0.007143 0.009524
3 0.905714 0.001905 0.005714 0.003810
5 0.443929 0.813810 0.037857 0.037143
5 0.677143 0.660476 0.015714 0.048571
5 0.736786 0.434762 0.006429 0.023810
5 0.749286 0.445714 0.007143 0.024762
5 0.857143 0.005238 0.002857 0.010476
5 0.858929 0.027619 0.005000 0.011429
5 0.480357 0.903810 0.039286 0.041905
5 0.453929 0.951429 0.035000 0.043810
5 0.465000 0.930952 0.034286 0.037143
5 0.437143 0.985238 0.038571 0.027619
