11 0.098929 0.026650 0.045000 0.053299
3 0.186429 0.942893 0.062857 0.063452
11 0.173214 0.879442 0.060714 0.060914
3 0.191071 0.838198 0.063571 0.054569
3 0.201071 0.788706 0.056429 0.062183
3 0.213214 0.738579 0.056429 0.055838
3 0.231071 0.702411 0.055000 0.059645
3 0.246429 0.647843 0.057143 0.052030
3 0.257143 0.600254 0.051429 0.050761
3 0.263929 0.553934 0.050714 0.049492
3 0.273214 0.516497 0.043571 0.043147
3 0.280714 0.480964 0.050000 0.050761
3 0.293929 0.456853 0.047857 0.048223
3 0.337500 0.404822 0.040714 0.053299
3 0.303214 0.423223 0.046429 0.052030
3 0.341071 0.375000 0.046429 0.039340
3 0.346429 0.348350 0.044286 0.039340
3 0.332500 0.469543 0.029286 0.065990
3 0.281071 0.680838 0.036429 0.092640
3 0.312143 0.541878 0.031429 0.083756
3 0.505000 0.377538 0.030000 0.079949
3 0.531429 0.387690 0.025714 0.069797
3 0.606429 0.255076 0.035714 0.065990
3 0.637857 0.330584 0.041429 0.067259
3 0.630714 0.234772 0.028571 0.058376
3 0.679286 0.256345 0.037143 0.065990
3 0.673214 0.309645 0.032143 0.063452
3 0.742500 0.494924 0.045000 0.088832
3 0.791071 0.572335 0.046429 0.088832
3 0.840714 0.661802 0.048571 0.090102
3 0.824643 0.487944 0.049286 0.095178
3 0.972143 0.730964 0.050000 0.109137
2 0.559643 0.131980 0.065000 0.162437
2 0.721429 0.385787 0.064286 0.101523
11 0.594643 0.158629 0.030714 0.076142
11 0.543929 0.199239 0.030714 0.071066
11 0.723929 0.324873 0.037857 0.076142
11 0.693929 0.407360 0.042143 0.078680
11 0.881429 0.568528 0.050000 0.096447
10 0.907500 0.758883 0.057857 0.129442
11 0.846071 0.590102 0.046429 0.098985
11 0.917143 0.710025 0.055714 0.102792
3 0.981786 0.817259 0.035000 0.081218
10 0.127143 0.116751 0.048571 0.091371
