3 0.245250 0.890667 0.237500 0.212000
1 0.297000 0.698000 0.055000 0.088000
5 0.342500 0.577333 0.038000 0.060000
5 0.630500 0.694333 0.068000 0.063333
3 0.615000 0.576000 0.088000 0.113333
10 0.254000 0.523000 0.134000 0.092667
10 0.586750 0.430000 0.116500 0.068000
3 0.600500 0.239000 0.014000 0.019333
3 0.589500 0.245000 0.019000 0.024667
10 0.632750 0.280000 0.023500 0.037333
8 0.608500 0.261333 0.005000 0.014667
4 0.634750 0.245333 0.042500 0.025333
7 0.609500 0.241667 0.004000 0.018000
10 0.540750 0.260333 0.051500 0.042000
11 0.544250 0.281000 0.025500 0.032667
4 0.653750 0.197000 0.022500 0.024667
7 0.653000 0.220000 0.003000 0.017333
7 0.656500 0.220000 0.003000 0.017333
10 0.699500 0.238000 0.026000 0.056000
0 0.608250 0.273667 0.006500 0.014000
11 0.646250 0.342000 0.085500 0.054667
7 0.607250 0.345667 0.011500 0.038000
5 0.546500 0.327667 0.009000 0.023333
8 0.529750 0.408333 0.011500 0.031333
8 0.546000 0.318667 0.007000 0.026667
10 0.489000 0.336667 0.044000 0.044000
8 0.291250 0.675333 0.031500 0.073333
8 0.331250 0.579333 0.018500 0.042667
8 0.339000 0.560000 0.023000 0.048000
7 0.338750 0.473000 0.023500 0.063333
7 0.474000 0.536000 0.016000 0.065333
7 0.456000 0.537000 0.015000 0.062000
7 0.540250 0.685000 0.018500 0.075333
7 0.558750 0.694333 0.018500 0.099333
8 0.501750 0.594000 0.024500 0.052000
3 0.570750 0.384000 0.051500 0.044000
