7 0.106071 0.524286 0.025000 0.073333
7 0.714286 0.607143 0.021429 0.101905
7 0.885714 0.630952 0.044286 0.107619
7 0.547500 0.449524 0.015000 0.049524
7 0.591071 0.451429 0.015000 0.047619
7 0.287500 0.560476 0.026429 0.079048
8 0.292143 0.540476 0.012857 0.033333
8 0.571429 0.457143 0.012857 0.024762
7 0.167143 0.431429 0.008571 0.040000
7 0.159643 0.431429 0.012143 0.047619
7 0.134643 0.434762 0.019286 0.044762
7 0.122143 0.432857 0.017143 0.046667
7 0.109286 0.433333 0.012857 0.043810
7 0.099643 0.431905 0.013571 0.046667
7 0.166429 0.429524 0.012857 0.047619
7 0.152500 0.425714 0.015000 0.049524
7 0.118214 0.420952 0.015000 0.049524
7 0.103929 0.430000 0.009286 0.050476
8 0.153929 0.438095 0.013571 0.026667
8 0.151429 0.434762 0.015714 0.031429
8 0.139643 0.430476 0.012143 0.030476
7 0.037857 0.367143 0.007143 0.025714
7 0.037143 0.369524 0.010000 0.028571
8 0.209643 0.426190 0.026429 0.031429
8 0.255714 0.415238 0.018571 0.024762
7 0.215714 0.411905 0.014286 0.037143
7 0.206429 0.412381 0.010000 0.038095
1 0.182143 0.429048 0.030000 0.025714
5 0.061071 0.441429 0.033571 0.039048
5 0.074643 0.430952 0.029286 0.025714
1 0.082857 0.442857 0.032857 0.028571
1 0.086071 0.443333 0.027857 0.025714
11 0.054286 0.354762 0.047143 0.020000
11 0.012500 0.347619 0.025000 0.020952
3 0.033929 0.347143 0.032143 0.021905
11 0.053571 0.345238 0.032857 0.025714
3 0.020000 0.344762 0.028571 0.020952
3 0.170357 0.349524 0.035000 0.019048
3 0.267500 0.349524 0.027857 0.019048
11 0.241071 0.345238 0.026429 0.020000
11 0.265000 0.339048 0.022857 0.019048
3 0.292857 0.345238 0.022857 0.014286
8 0.196071 0.354286 0.007857 0.015238
3 0.256429 0.343810 0.020000 0.015238
4 0.327500 0.333810 0.059286 0.021905
7 0.354286 0.366190 0.005714 0.018095
8 0.320000 0.394762 0.008571 0.020000
8 0.346071 0.391429 0.013571 0.017143
8 0.362143 0.382381 0.007143 0.018095
8 0.368214 0.383810 0.006429 0.017143
8 0.417500 0.376190 0.007857 0.017143
8 0.443571 0.372381 0.008571 0.015238
1 0.382143 0.380952 0.015714 0.017143
8 0.391429 0.358571 0.004286 0.016190
4 0.481071 0.333333 0.029286 0.017143
7 0.481786 0.342857 0.003571 0.011429
7 0.490714 0.342857 0.005714 0.013333
3 0.529286 0.352857 0.025714 0.014286
11 0.573929 0.360476 0.023571 0.016190
3 0.570000 0.356667 0.021429 0.016190
7 0.506429 0.332857 0.002857 0.010476
7 0.686786 0.377619 0.007857 0.020000
8 0.662143 0.367143 0.005714 0.012381
8 0.701786 0.366190 0.005000 0.014286
5 0.701429 0.369048 0.014286 0.012381
5 0.663571 0.371905 0.010000 0.008571
7 0.770357 0.366190 0.005000 0.016190
7 0.764286 0.366190 0.004286 0.014286
8 0.790000 0.368571 0.012857 0.015238
4 0.040000 0.327143 0.055714 0.020000
