7 0.116429 0.243655 0.004286 0.017766
7 0.135357 0.197970 0.002143 0.012690
7 0.137500 0.203680 0.005000 0.013959
7 0.140714 0.201142 0.004286 0.013959
7 0.144643 0.206853 0.005000 0.015228
7 0.165357 0.163706 0.003571 0.012690
7 0.212143 0.076142 0.002857 0.015228
7 0.216071 0.074873 0.003571 0.015228
7 0.244286 0.041878 0.002857 0.015228
7 0.247500 0.042513 0.002143 0.016497
7 0.254286 0.002538 0.001429 0.005076
2 0.309286 0.010152 0.020000 0.020305
2 0.346429 0.138959 0.035714 0.077411
7 0.375000 0.046320 0.002857 0.013959
7 0.378214 0.044416 0.003571 0.012690
5 0.250714 0.093909 0.005714 0.017766
8 0.251071 0.092640 0.003571 0.015228
3 0.255714 0.059010 0.014286 0.024112
3 0.286071 0.062817 0.013571 0.024112
3 0.240000 0.125635 0.017143 0.025381
3 0.243571 0.161168 0.017143 0.027919
10 0.193571 0.260152 0.044286 0.088832
7 0.234643 0.339467 0.005000 0.019036
2 0.267857 0.243020 0.048571 0.095178
7 0.289643 0.233503 0.003571 0.020305
2 0.237500 0.438452 0.055000 0.052030
2 0.327500 0.508249 0.099286 0.064721
2 0.252857 0.380711 0.065714 0.058376
2 0.337857 0.479695 0.098571 0.068528
2 0.343214 0.374365 0.047857 0.116751
2 0.277143 0.348985 0.055714 0.040609
2 0.268929 0.333756 0.055000 0.048223
2 0.288214 0.304569 0.053571 0.038071
2 0.403214 0.224619 0.073571 0.050761
6 0.457500 0.280457 0.022143 0.025381
3 0.455357 0.312183 0.030714 0.025381
3 0.450357 0.331218 0.027857 0.025381
11 0.445357 0.371193 0.032143 0.029188
3 0.429286 0.640863 0.037143 0.035533
11 0.474643 0.652919 0.036429 0.036802
11 0.525714 0.665609 0.035714 0.034264
7 0.883214 0.700508 0.007857 0.017766
7 0.920714 0.345812 0.008571 0.019036
7 0.926429 0.351523 0.005714 0.017766
8 0.851071 0.503807 0.003571 0.015228
8 0.825714 0.490482 0.010000 0.008883
8 0.850000 0.423223 0.008571 0.011421
8 0.872857 0.431472 0.005714 0.012690
7 0.711429 0.270305 0.004286 0.017766
10 0.548214 0.388959 0.053571 0.049492
3 0.560357 0.335660 0.030714 0.024112
11 0.566786 0.312817 0.032143 0.029188
11 0.572857 0.298858 0.024286 0.026650
