11 0.208929 0.983503 0.027857 0.027919
8 0.047500 0.776650 0.010714 0.012690
8 0.066071 0.760152 0.013571 0.017766
8 0.071429 0.751269 0.007143 0.010152
8 0.085714 0.740482 0.005714 0.013959
7 0.043571 0.690355 0.008571 0.012690
8 0.196786 0.626904 0.005000 0.017766
3 0.380357 0.026650 0.007857 0.007614
3 0.333929 0.127538 0.005000 0.011421
11 0.312857 0.163071 0.005714 0.013959
3 0.313214 0.214467 0.006429 0.015228
7 0.310357 0.114848 0.002143 0.008883
7 0.307143 0.135152 0.001429 0.008883
7 0.310714 0.146574 0.001429 0.008883
7 0.305714 0.109137 0.001429 0.010152
7 0.295714 0.430203 0.002857 0.012690
7 0.297857 0.423223 0.001429 0.011421
11 0.318571 0.404822 0.018571 0.025381
3 0.323571 0.435279 0.010000 0.022843
8 0.328929 0.811548 0.005000 0.011421
7 0.305357 0.788071 0.003571 0.017766
7 0.304643 0.773477 0.003571 0.019036
7 0.284643 0.730964 0.003571 0.020305
3 0.316429 0.874365 0.017143 0.053299
3 0.315000 0.821066 0.014286 0.040609
3 0.319286 0.769670 0.012857 0.039340
3 0.323214 0.708122 0.012143 0.035533
11 0.321786 0.666244 0.012143 0.032995
3 0.426429 0.207487 0.008571 0.013959
3 0.431786 0.221447 0.006429 0.011421
11 0.421071 0.236041 0.007857 0.017766
11 0.429286 0.275381 0.007143 0.015228
3 0.436429 0.321701 0.007143 0.016497
3 0.470357 0.492386 0.012143 0.022843
11 0.438214 0.536168 0.023571 0.026650
11 0.511071 0.480330 0.016429 0.024112
3 0.546429 0.496193 0.014286 0.027919
10 0.603929 0.435914 0.019286 0.034264
2 0.556429 0.441624 0.015714 0.076142
7 0.545357 0.649112 0.002143 0.013959
2 0.984643 0.828680 0.029286 0.045685
