3 0.087422 0.393321 0.046451 0.087199
3 0.162317 0.650742 0.066806 0.056586
11 0.542015 0.559369 0.023486 0.085343
5 0.608299 0.564935 0.008873 0.038961
1 0.617693 0.572356 0.005741 0.035250
5 0.674582 0.609462 0.013048 0.035250
3 0.728601 0.484694 0.020877 0.078850
3 0.783664 0.505566 0.031837 0.100186
3 0.805324 0.154453 0.018789 0.065863
5 0.836639 0.164657 0.009395 0.023191
3 0.856733 0.071892 0.025574 0.069573
3 0.888570 0.068646 0.032881 0.070501
3 0.944676 0.632189 0.039666 0.108534
3 0.721816 0.902597 0.032359 0.092764
