3 0.387500 0.430476 0.022143 0.017143
3 0.446071 0.429524 0.026429 0.015238
3 0.448929 0.467143 0.026429 0.018095
3 0.394643 0.473333 0.025000 0.015238
3 0.392143 0.525714 0.022857 0.017143
3 0.449643 0.521905 0.030714 0.020952
3 0.394286 0.577619 0.030000 0.020000
3 0.394286 0.619524 0.027143 0.018095
3 0.394286 0.653333 0.031429 0.017143
3 0.456071 0.645714 0.029286 0.019048
3 0.399643 0.727143 0.026429 0.020000
11 0.405000 0.858571 0.024286 0.020000
3 0.068214 0.838095 0.035000 0.022857
3 0.738571 0.281905 0.012857 0.036190
5 0.760000 0.389048 0.005714 0.016190
5 0.751429 0.071905 0.007143 0.014286
7 0.753571 0.092381 0.005714 0.007619
7 0.905357 0.588571 0.006429 0.007619
7 0.926786 0.775238 0.006429 0.007619
7 0.776786 0.876667 0.006429 0.010476
7 0.922500 0.781429 0.012143 0.008571
7 0.930000 0.512857 0.007143 0.008571
