3 0.292797 0.119666 0.021921 0.014842
0 0.403445 0.111781 0.008351 0.012059
3 0.339248 0.831633 0.105428 0.121521
10 0.462683 0.805659 0.111169 0.125232
3 0.563935 0.344620 0.021399 0.028757
3 0.558455 0.391929 0.031315 0.036178
0 0.584812 0.374304 0.022443 0.034323
3 0.593685 0.362245 0.020355 0.028757
3 0.618215 0.320501 0.025574 0.025046
3 0.633090 0.303803 0.016701 0.023191
7 0.607516 0.241187 0.003132 0.016698
9 0.665971 0.259740 0.017745 0.018553
5 0.719468 0.269481 0.010960 0.008349
5 0.659186 0.245826 0.007307 0.011132
5 0.649791 0.243506 0.003132 0.012059
