3 0.359286 0.945238 0.217143 0.107619
3 0.080714 0.879524 0.161429 0.200952
3 0.091786 0.730000 0.182143 0.153333
3 0.107500 0.649524 0.212143 0.106667
3 0.931071 0.813333 0.136429 0.224762
3 0.881786 0.703810 0.235000 0.165714
3 0.410357 0.470476 0.046429 0.053333
3 0.391071 0.401905 0.069286 0.032381
3 0.356786 0.391905 0.039286 0.020000
3 0.362500 0.383333 0.049286 0.023810
3 0.428929 0.390952 0.035000 0.035238
3 0.403571 0.373333 0.027143 0.028571
3 0.346429 0.374286 0.047143 0.032381
3 0.335000 0.364286 0.051429 0.027619
4 0.316786 0.347619 0.040714 0.038095
3 0.358571 0.346667 0.018571 0.022857
4 0.342500 0.328571 0.035000 0.015238
0 0.540714 0.605714 0.090000 0.066667
7 0.393929 0.646190 0.027857 0.107619
7 0.296071 0.589524 0.017857 0.080000
7 0.588214 0.713333 0.036429 0.137143
7 0.648929 0.595238 0.023571 0.095238
7 0.605714 0.565714 0.022857 0.081905
7 0.548929 0.549048 0.015000 0.077143
5 0.541429 0.541429 0.034286 0.052381
7 0.432857 0.554762 0.017143 0.075238
7 0.392500 0.530476 0.013571 0.070476
7 0.374286 0.534762 0.015714 0.071429
7 0.335357 0.514286 0.017857 0.062857
7 0.331429 0.506667 0.010000 0.059048
7 0.363214 0.519048 0.017857 0.068571
7 0.360714 0.472857 0.017143 0.056190
7 0.376429 0.477143 0.015714 0.057143
7 0.491786 0.502381 0.017857 0.063810
7 0.481786 0.448571 0.012143 0.051429
7 0.495357 0.446190 0.013571 0.054286
7 0.520357 0.450000 0.009286 0.042857
7 0.535000 0.451905 0.010000 0.044762
7 0.561071 0.470476 0.015000 0.055238
7 0.596429 0.494762 0.012857 0.060000
7 0.652857 0.484286 0.014286 0.063810
7 0.625714 0.468571 0.012857 0.055238
7 0.606071 0.456667 0.009286 0.046667
7 0.587143 0.446190 0.010000 0.048571
7 0.561786 0.440476 0.010714 0.042857
7 0.599643 0.435714 0.007857 0.040952
7 0.643929 0.450476 0.010714 0.049524
7 0.672857 0.463810 0.012857 0.051429
7 0.711786 0.476190 0.013571 0.055238
7 0.741786 0.467143 0.013571 0.058095
7 0.678929 0.444762 0.012143 0.045714
7 0.707500 0.456190 0.015000 0.051429
7 0.557857 0.395714 0.010000 0.031429
1 0.940357 0.491905 0.032143 0.037143
4 0.384643 0.346667 0.026429 0.017143
11 0.294286 0.511429 0.058571 0.087619
3 0.276786 0.464762 0.039286 0.036190
11 0.363571 0.427143 0.040000 0.042857
11 0.319286 0.349048 0.031429 0.016190
7 0.516071 0.389524 0.007857 0.026667
8 0.937143 0.599048 0.034286 0.060952
8 0.443571 0.472857 0.020000 0.040952
8 0.463571 0.490476 0.022857 0.038095
