3 0.064286 0.663333 0.022857 0.016190
3 0.067857 0.674762 0.022857 0.016190
3 0.075714 0.685714 0.025714 0.022857
3 0.083929 0.696667 0.022143 0.023810
3 0.091429 0.707619 0.018571 0.019048
3 0.096429 0.719524 0.021429 0.023810
3 0.108571 0.731429 0.024286 0.020952
3 0.110714 0.744762 0.022857 0.022857
11 0.170357 0.846190 0.022143 0.023810
3 0.178929 0.857619 0.025000 0.023810
3 0.186071 0.874762 0.026429 0.031429
3 0.192857 0.884286 0.022857 0.027619
3 0.205714 0.896667 0.025714 0.031429
3 0.210714 0.908571 0.024286 0.032381
3 0.220714 0.929524 0.024286 0.026667
3 0.227857 0.941905 0.021429 0.032381
11 0.236071 0.956667 0.025000 0.029524
3 0.167857 0.587143 0.014286 0.021905
3 0.442143 0.709524 0.017143 0.020952
3 0.450714 0.700476 0.017143 0.021905
3 0.457500 0.690000 0.015000 0.020000
3 0.466071 0.676190 0.017857 0.022857
3 0.475357 0.667619 0.015000 0.022857
3 0.482500 0.655714 0.016429 0.021905
3 0.490357 0.646667 0.017857 0.020952
3 0.498214 0.639524 0.017857 0.023810
3 0.585000 0.630476 0.017143 0.017143
11 0.585357 0.614286 0.019286 0.020952
10 0.610357 0.537143 0.019286 0.055238
10 0.493571 0.550000 0.040000 0.046667
10 0.426429 0.422857 0.011429 0.064762
10 0.476071 0.443810 0.035000 0.028571
3 0.387143 0.447619 0.008571 0.017143
3 0.373214 0.460476 0.012143 0.014286
3 0.329286 0.388095 0.007143 0.018095
3 0.356071 0.170952 0.005000 0.010476
3 0.368571 0.179524 0.004286 0.008571
3 0.352500 0.151905 0.005000 0.008571
3 0.367143 0.142381 0.002857 0.006667
3 0.361071 0.094762 0.003571 0.008571
