3 0.935500 0.605333 0.122000 0.080000
3 0.784750 0.567000 0.119500 0.068667
8 0.732250 0.489333 0.013500 0.022667
5 0.730250 0.512333 0.018500 0.036667
1 0.755000 0.514667 0.021000 0.041333
5 0.790500 0.518333 0.037000 0.035333
1 0.609000 0.529333 0.016000 0.045333
1 0.624000 0.471667 0.009000 0.035333
3 0.514750 0.517667 0.113500 0.063333
3 0.401500 0.493667 0.092000 0.067333
4 0.365000 0.384667 0.024000 0.045333
7 0.307750 0.389000 0.011500 0.035333
7 0.232500 0.379000 0.008000 0.035333
4 0.269000 0.370000 0.062000 0.040000
7 0.067250 0.449333 0.018500 0.045333
3 0.132500 0.423000 0.053000 0.062000
3 0.083750 0.417000 0.066500 0.067333
3 0.668250 0.369333 0.035500 0.049333
3 0.712500 0.378333 0.041000 0.055333
3 0.060000 0.188333 0.035000 0.020667
11 0.085500 0.178667 0.030000 0.021333
3 0.125250 0.170000 0.028500 0.017333
3 0.154750 0.162667 0.027500 0.017333
11 0.176250 0.154333 0.021500 0.018000
3 0.196500 0.151333 0.022000 0.014667
3 0.218750 0.145667 0.021500 0.015333
