3 0.406576 0.559369 0.043841 0.037106
3 0.451200 0.488868 0.036013 0.046382
3 0.473904 0.475417 0.029228 0.045455
3 0.558194 0.490260 0.016180 0.049165
3 0.586900 0.696660 0.029749 0.068646
3 0.808977 0.677180 0.030271 0.051948
3 0.297495 0.141466 0.019833 0.015770
3 0.528445 0.696660 0.026618 0.079777
3 0.059499 0.046846 0.019833 0.013915
3 0.064196 0.037570 0.017745 0.013915
3 0.068372 0.032468 0.017745 0.012987
3 0.072808 0.024119 0.015136 0.011132
3 0.079854 0.016234 0.016701 0.012059
3 0.076722 0.019944 0.014614 0.013915
3 0.014092 0.173006 0.021921 0.015770
3 0.009656 0.191095 0.019311 0.018553
