7 0.094286 0.841905 0.007143 0.024762
7 0.200357 0.869048 0.005000 0.025714
7 0.213214 0.867619 0.006429 0.026667
7 0.154286 0.786190 0.005714 0.023810
7 0.235000 0.691905 0.002857 0.012381
7 0.287143 0.685714 0.002857 0.011429
7 0.277500 0.683810 0.002143 0.009524
7 0.352143 0.676190 0.002857 0.009524
7 0.362500 0.667619 0.002143 0.011429
7 0.411071 0.610952 0.000714 0.006667
7 0.412143 0.601429 0.001429 0.006667
3 0.442500 0.557619 0.002143 0.002857
3 0.449643 0.557619 0.002143 0.002857
3 0.455357 0.563333 0.003571 0.002857
3 0.440714 0.567143 0.004286 0.002857
4 0.505714 0.530000 0.030000 0.021905
3 0.502143 0.544762 0.001429 0.001905
3 0.506429 0.543810 0.001429 0.001905
3 0.508571 0.548095 0.001429 0.000952
3 0.507857 0.556190 0.002857 0.001905
3 0.507143 0.559524 0.001429 0.002857
3 0.503214 0.561429 0.002143 0.002857
3 0.496786 0.556190 0.000714 0.001905
3 0.498571 0.573333 0.002857 0.003810
3 0.515714 0.554286 0.001429 0.001905
3 0.517143 0.557619 0.001429 0.002857
3 0.517143 0.569524 0.002857 0.003810
7 0.506786 0.595714 0.000714 0.004762
0 0.512143 0.582857 0.001429 0.005714
3 0.524286 0.573810 0.002857 0.002857
3 0.510357 0.601429 0.003571 0.006667
3 0.520357 0.605714 0.005000 0.007619
3 0.540000 0.611429 0.005714 0.005714
2 0.506071 0.610952 0.009286 0.014286
7 0.503571 0.635238 0.001429 0.005714
3 0.511429 0.622857 0.005714 0.007619
3 0.516071 0.632381 0.006429 0.007619
3 0.501786 0.657619 0.006429 0.010476
7 0.560000 0.595714 0.001429 0.004762
7 0.607143 0.682857 0.001429 0.009524
7 0.628214 0.712857 0.002143 0.012381
7 0.631786 0.713333 0.002143 0.011429
3 0.683214 0.668571 0.023571 0.011429
3 0.683571 0.681429 0.012857 0.012381
3 0.708214 0.664286 0.012143 0.012381
5 0.737143 0.722381 0.002857 0.010476
3 0.752857 0.740476 0.022857 0.018095
3 0.690357 0.727143 0.025000 0.014286
3 0.697500 0.737143 0.029286 0.013333
3 0.714643 0.754286 0.033571 0.017143
11 0.727143 0.770000 0.038571 0.021905
3 0.741429 0.779524 0.038571 0.018095
7 0.751429 0.766190 0.002857 0.016190
7 0.755357 0.764286 0.005000 0.016190
3 0.752857 0.793810 0.038571 0.020000
3 0.760000 0.806667 0.040000 0.019048
3 0.775000 0.818571 0.042857 0.020000
3 0.792500 0.832381 0.043571 0.022857
3 0.810357 0.849048 0.046429 0.029524
3 0.826429 0.870000 0.052857 0.031429
3 0.847143 0.890000 0.050000 0.027619
3 0.862500 0.911429 0.039286 0.022857
3 0.965714 0.914762 0.058571 0.048571
3 0.785714 0.978095 0.050000 0.041905
3 0.605000 0.970476 0.032857 0.053333
3 0.519286 0.975238 0.025714 0.047619
3 0.661786 0.990000 0.029286 0.018095
3 0.716786 0.928095 0.036429 0.044762
3 0.658929 0.789524 0.019286 0.020952
3 0.607143 0.725714 0.014286 0.020952
3 0.574286 0.744762 0.015714 0.020952
3 0.613214 0.779048 0.017857 0.022857
3 0.663929 0.905238 0.029286 0.039048
3 0.632143 0.918571 0.027143 0.054286
3 0.551786 0.909048 0.023571 0.048571
2 0.577143 0.854762 0.038571 0.100000
2 0.613571 0.867143 0.024286 0.044762
2 0.598929 0.830952 0.019286 0.033333
3 0.541429 0.821905 0.018571 0.032381
3 0.503929 0.783333 0.013571 0.029524
3 0.528214 0.777619 0.015000 0.027619
3 0.563214 0.790952 0.016429 0.027619
3 0.590000 0.793810 0.020000 0.029524
3 0.555357 0.761905 0.016429 0.024762
3 0.527143 0.747619 0.014286 0.020952
3 0.527143 0.728095 0.010000 0.020000
3 0.545357 0.728571 0.012143 0.020952
3 0.522143 0.710000 0.010000 0.016190
3 0.541786 0.713810 0.010714 0.016190
3 0.538214 0.700476 0.010714 0.012381
3 0.536786 0.689524 0.009286 0.013333
3 0.536429 0.680000 0.008571 0.013333
3 0.521429 0.697619 0.010000 0.014286
3 0.522143 0.686190 0.008571 0.012381
3 0.521071 0.676190 0.007857 0.011429
10 0.520357 0.665714 0.009286 0.015238
3 0.518929 0.658571 0.007857 0.010476
3 0.410714 0.896190 0.044286 0.030476
3 0.414286 0.854762 0.047143 0.025714
3 0.425714 0.839048 0.037143 0.022857
3 0.424286 0.799048 0.034286 0.020952
3 0.430357 0.787143 0.035000 0.016190
3 0.430714 0.777143 0.034286 0.019048
3 0.429643 0.760952 0.033571 0.017143
7 0.440000 0.740000 0.002857 0.013333
3 0.438214 0.729048 0.029286 0.016190
2 0.445714 0.715238 0.042857 0.022857
11 0.451071 0.683333 0.023571 0.014286
3 0.452143 0.630952 0.017143 0.008571
3 0.461786 0.596667 0.010714 0.004762
3 0.462857 0.594286 0.010000 0.005714
3 0.401429 0.585238 0.010000 0.004762
3 0.400357 0.582857 0.009286 0.003810
3 0.401429 0.580000 0.008571 0.003810
3 0.385357 0.594286 0.007857 0.003810
3 0.383214 0.595714 0.010714 0.004762
10 0.416429 0.605238 0.008571 0.010476
3 0.425357 0.608571 0.013571 0.007619
3 0.418214 0.610952 0.005000 0.004762
3 0.417143 0.615238 0.011429 0.005714
3 0.417143 0.618095 0.012857 0.005714
3 0.414643 0.620952 0.015000 0.005714
3 0.410357 0.624762 0.013571 0.007619
11 0.397857 0.598095 0.008571 0.005714
3 0.398214 0.601905 0.009286 0.005714
3 0.394286 0.604762 0.011429 0.003810
3 0.390714 0.608095 0.011429 0.004762
3 0.381071 0.604762 0.012143 0.003810
3 0.383571 0.603333 0.011429 0.004762
3 0.372143 0.611429 0.012857 0.005714
3 0.382857 0.613333 0.011429 0.005714
3 0.383571 0.615714 0.008571 0.004762
3 0.381786 0.618095 0.013571 0.007619
3 0.361429 0.620952 0.012857 0.005714
3 0.363571 0.619048 0.010000 0.005714
3 0.338571 0.637143 0.017143 0.007619
7 0.339286 0.638095 0.002857 0.007619
3 0.349643 0.644286 0.016429 0.006667
3 0.357857 0.654762 0.010000 0.008571
3 0.345357 0.663333 0.010714 0.010476
3 0.338929 0.671429 0.010714 0.011429
11 0.330357 0.677619 0.010714 0.014286
3 0.315357 0.696190 0.015000 0.015238
3 0.347143 0.646667 0.018571 0.007619
3 0.342857 0.650952 0.018571 0.006667
3 0.335714 0.655714 0.018571 0.006667
3 0.335000 0.658571 0.018571 0.006667
3 0.330714 0.660000 0.018571 0.007619
3 0.325714 0.665238 0.018571 0.006667
3 0.315000 0.675714 0.018571 0.006667
3 0.308571 0.679524 0.018571 0.006667
3 0.306429 0.686190 0.018571 0.006667
3 0.304286 0.690476 0.018571 0.007619
3 0.307500 0.670000 0.020714 0.008571
3 0.310357 0.635714 0.017857 0.008571
3 0.325357 0.650952 0.010714 0.008571
3 0.320357 0.646667 0.012143 0.009524
3 0.306786 0.644762 0.013571 0.007619
3 0.306786 0.654286 0.012143 0.011429
3 0.290000 0.651905 0.012857 0.006667
3 0.285357 0.658571 0.019286 0.008571
3 0.277500 0.668571 0.015000 0.009524
3 0.269643 0.673810 0.020714 0.006667
3 0.264286 0.683333 0.018571 0.014286
3 0.245714 0.697619 0.015714 0.014286
3 0.222857 0.714762 0.020000 0.014286
3 0.280714 0.705714 0.022857 0.011429
3 0.273571 0.713333 0.022857 0.011429
3 0.260000 0.724286 0.027143 0.010476
3 0.243214 0.738095 0.026429 0.011429
3 0.233571 0.747143 0.031429 0.014286
3 0.303571 0.707143 0.014286 0.010476
3 0.291429 0.720000 0.015714 0.015238
3 0.277857 0.730476 0.018571 0.017143
3 0.262857 0.746190 0.020000 0.016190
3 0.188571 0.725238 0.022857 0.014286
11 0.176786 0.730000 0.030714 0.014286
3 0.170000 0.738095 0.030000 0.013333
3 0.151786 0.769524 0.027857 0.020952
3 0.129643 0.764286 0.027857 0.016190
3 0.141786 0.754762 0.022143 0.012381
3 0.150357 0.745238 0.025000 0.016190
3 0.116429 0.785238 0.020000 0.023810
3 0.091429 0.791429 0.018571 0.019048
3 0.217143 0.762381 0.031429 0.016190
3 0.226429 0.754762 0.028571 0.014286
3 0.210357 0.771429 0.033571 0.019048
3 0.190357 0.781905 0.039286 0.017143
3 0.183214 0.794762 0.029286 0.018095
11 0.163214 0.803810 0.036429 0.022857
3 0.158929 0.816190 0.045000 0.024762
3 0.133214 0.839524 0.049286 0.025714
3 0.118571 0.854286 0.041429 0.024762
3 0.096786 0.871905 0.052143 0.029524
3 0.073929 0.890476 0.056429 0.028571
3 0.058929 0.908571 0.055000 0.028571
3 0.034643 0.927143 0.059286 0.033333
10 0.108929 0.980000 0.097857 0.038095
3 0.017857 0.958095 0.035714 0.034286
10 0.142857 0.955714 0.068571 0.050476
3 0.170000 0.933333 0.055714 0.032381
3 0.183214 0.911429 0.059286 0.030476
3 0.210357 0.891429 0.053571 0.028571
3 0.237500 0.858095 0.050714 0.026667
3 0.242500 0.839524 0.047857 0.020000
3 0.255357 0.825714 0.042143 0.022857
3 0.274643 0.810952 0.023571 0.021905
3 0.274286 0.800952 0.035714 0.022857
3 0.282500 0.788095 0.035000 0.018095
3 0.293929 0.777619 0.030714 0.018095
3 0.304286 0.766667 0.034286 0.020952
10 0.303929 0.758571 0.036429 0.020000
3 0.313929 0.751429 0.033571 0.017143
3 0.314286 0.743810 0.034286 0.015238
3 0.329643 0.729048 0.022143 0.016190
3 0.332143 0.722381 0.025714 0.012381
10 0.336429 0.713333 0.031429 0.013333
3 0.351429 0.705238 0.021429 0.012381
3 0.352857 0.695714 0.024286 0.012381
3 0.357143 0.693333 0.018571 0.011429
3 0.360714 0.689524 0.022857 0.011429
3 0.362857 0.685238 0.022857 0.012381
3 0.370357 0.681429 0.019286 0.010476
3 0.371071 0.675238 0.022143 0.009524
3 0.377857 0.672381 0.015714 0.007619
3 0.380357 0.668571 0.022143 0.009524
3 0.382500 0.664762 0.019286 0.007619
3 0.383571 0.662381 0.018571 0.008571
3 0.385000 0.660476 0.018571 0.008571
3 0.386071 0.658095 0.019286 0.009524
3 0.390000 0.654286 0.018571 0.007619
3 0.391071 0.650000 0.019286 0.008571
3 0.397143 0.648571 0.017143 0.009524
3 0.397857 0.645238 0.017143 0.010476
3 0.402143 0.642857 0.012857 0.007619
3 0.386786 0.691429 0.022143 0.009524
3 0.382500 0.704762 0.025000 0.013333
3 0.374643 0.715238 0.025000 0.011429
3 0.371071 0.721905 0.027857 0.013333
3 0.364286 0.728095 0.027143 0.012381
3 0.351429 0.755714 0.031429 0.018095
3 0.334643 0.780476 0.033571 0.018095
3 0.328214 0.790952 0.035000 0.020000
3 0.318214 0.802381 0.027857 0.018095
3 0.320714 0.817619 0.042857 0.021905
