3 0.104643 0.547619 0.030714 0.053333
11 0.172500 0.408095 0.046429 0.033333
3 0.182500 0.379524 0.043571 0.023810
3 0.188571 0.350952 0.037143 0.023810
3 0.202143 0.326667 0.040000 0.020952
5 0.112857 0.411429 0.017143 0.007619
7 0.107857 0.405238 0.012857 0.010476
3 0.249286 0.284762 0.017143 0.034286
3 0.212143 0.279048 0.035714 0.024762
5 0.206429 0.266190 0.010000 0.006667
3 0.220714 0.255714 0.035714 0.018095
3 0.226786 0.237143 0.033571 0.015238
3 0.237500 0.223810 0.033571 0.019048
3 0.242500 0.064286 0.023571 0.016190
3 0.246786 0.054762 0.023571 0.014286
7 0.268214 0.252381 0.005000 0.013333
7 0.271786 0.250476 0.006429 0.015238
3 0.459643 0.393333 0.017857 0.041905
2 0.467143 0.208095 0.020000 0.082857
10 0.530357 0.210000 0.042143 0.033333
11 0.520357 0.158571 0.030714 0.021905
3 0.551071 0.159524 0.023571 0.027619
5 0.613571 0.291429 0.005714 0.013333
3 0.457143 0.113810 0.011429 0.023810
11 0.474643 0.108571 0.010714 0.024762
3 0.475714 0.075238 0.010000 0.019048
11 0.476786 0.042381 0.009286 0.021905
3 0.478571 0.028095 0.010000 0.016190
3 0.478929 0.008571 0.009286 0.017143
10 0.461786 0.039048 0.015000 0.055238
1 0.571429 0.057619 0.004286 0.010476
7 0.582500 0.047143 0.002143 0.012381
8 0.571429 0.052857 0.001429 0.008571
11 0.598571 0.057143 0.017143 0.017143
3 0.603214 0.067143 0.020714 0.014286
3 0.726071 0.213810 0.015000 0.031429
7 0.785714 0.367143 0.005714 0.018095
7 0.857500 0.341905 0.007857 0.017143
3 0.866429 0.410952 0.028571 0.044762
3 0.890000 0.468571 0.032857 0.053333
3 0.817857 0.461905 0.027143 0.049524
3 0.917143 0.759524 0.040000 0.065714
3 0.891071 0.673333 0.037857 0.066667
3 0.974643 0.667143 0.045000 0.065714
3 0.942500 0.597143 0.039286 0.060952
3 0.865714 0.598095 0.035714 0.062857
3 0.839643 0.530000 0.030714 0.054286
3 0.857143 0.227143 0.012857 0.031429
3 0.100000 0.964286 0.050000 0.069524
