7 0.287143 0.675238 0.025714 0.064762
7 0.096429 0.305238 0.020000 0.048571
1 0.091786 0.316667 0.030714 0.040952
7 0.147500 0.237619 0.016429 0.031429
7 0.260714 0.127143 0.008571 0.020000
7 0.267143 0.122857 0.008571 0.034286
7 0.257143 0.078571 0.015714 0.033333
7 0.285357 0.046190 0.006429 0.023810
7 0.235357 0.059524 0.010714 0.031429
3 0.610714 0.413810 0.120000 0.069524
3 0.490714 0.537619 0.058571 0.130476
3 0.335357 0.536667 0.076429 0.134286
5 0.832857 0.396667 0.052857 0.031429
3 0.770000 0.529048 0.082857 0.141905
11 0.921786 0.533333 0.093571 0.148571
3 0.094286 0.574762 0.160000 0.082857
11 0.237857 0.886667 0.151429 0.224762
3 0.570714 0.901429 0.084286 0.195238
3 0.676071 0.900476 0.100714 0.197143
7 0.411786 0.201905 0.019286 0.038095
7 0.485357 0.285714 0.009286 0.036190
6 0.370714 0.427143 0.095714 0.084762
