11 0.430714 0.767143 0.041429 0.086667
3 0.459286 0.751429 0.041429 0.066667
3 0.556071 0.705238 0.039286 0.056190
3 0.586786 0.696190 0.037857 0.059048
3 0.628929 0.684762 0.045000 0.057143
3 0.653214 0.674286 0.042143 0.051429
11 0.594643 0.572857 0.039286 0.052381
3 0.563929 0.576667 0.035000 0.040952
3 0.535714 0.590476 0.038571 0.043810
10 0.484286 0.609048 0.034286 0.058095
3 0.454643 0.620476 0.036429 0.052381
5 0.676429 0.548571 0.018571 0.019048
5 0.562143 0.542857 0.008571 0.020952
5 0.550714 0.544286 0.011429 0.020000
5 0.541071 0.549524 0.012143 0.017143
5 0.531071 0.551905 0.012143 0.023810
5 0.520714 0.554762 0.011429 0.025714
5 0.508929 0.561429 0.010714 0.023810
5 0.487143 0.561905 0.014286 0.022857
5 0.366071 0.610476 0.007857 0.024762
5 0.381429 0.600952 0.015714 0.022857
5 0.391071 0.598095 0.009286 0.026667
5 0.397857 0.597619 0.010000 0.031429
5 0.408214 0.596190 0.013571 0.022857
5 0.417143 0.590952 0.010000 0.025714
5 0.425000 0.590952 0.010000 0.031429
5 0.432857 0.582857 0.010000 0.020952
10 0.303571 0.527619 0.052857 0.036190
3 0.241429 0.545714 0.047143 0.030476
11 0.032500 0.284762 0.019286 0.019048
3 0.630714 0.470476 0.037143 0.024762
3 0.859643 0.636667 0.057857 0.042857
5 0.943571 0.662381 0.012857 0.016190
