3 0.572000 0.754000 0.080000 0.057333
3 0.556750 0.709333 0.075500 0.048000
3 0.544500 0.666667 0.075000 0.044000
3 0.510000 0.627667 0.067000 0.043333
3 0.494500 0.600667 0.068000 0.042667
3 0.497250 0.565333 0.065500 0.033333
3 0.487250 0.543667 0.066500 0.034000
3 0.473250 0.522000 0.064500 0.033333
7 0.303250 0.417333 0.007500 0.024000
3 0.361000 0.378667 0.022000 0.026667
7 0.287000 0.533667 0.009000 0.026000
11 0.430750 0.323667 0.018500 0.030000
3 0.414250 0.305333 0.018500 0.018667
11 0.494750 0.343333 0.023500 0.029333
11 0.463750 0.296333 0.021500 0.023333
11 0.452500 0.282000 0.019000 0.018667
11 0.403750 0.287333 0.016500 0.021333
11 0.372500 0.256333 0.027000 0.019333
3 0.365250 0.243667 0.024500 0.019333
3 0.363250 0.226000 0.014500 0.018667
11 0.397500 0.220000 0.016000 0.016000
3 0.389750 0.211333 0.016500 0.013333
3 0.352000 0.215000 0.013000 0.015333
3 0.362750 0.187000 0.014500 0.011333
11 0.338000 0.199000 0.013000 0.014000
11 0.329250 0.189000 0.011500 0.012667
3 0.322000 0.185000 0.012000 0.015333
3 0.353500 0.180333 0.013000 0.011333
3 0.312250 0.177667 0.013500 0.010000
3 0.332250 0.156333 0.014500 0.010000
3 0.317750 0.120667 0.015500 0.008000
11 0.287500 0.117000 0.018000 0.010000
11 0.264500 0.116667 0.019000 0.010667
3 0.667500 0.139333 0.014000 0.009333
3 0.906750 0.156000 0.013500 0.009333
11 0.937250 0.288333 0.022500 0.020667
7 0.874500 0.320000 0.006000 0.018667
8 0.594250 0.285000 0.004500 0.010000
8 0.598000 0.284000 0.006000 0.009333
9 0.590500 0.289667 0.023000 0.015333
1 0.613500 0.304667 0.010000 0.008000
0 0.593000 0.257333 0.017000 0.016000
11 0.547750 0.260667 0.017500 0.024000
11 0.228500 0.117333 0.013000 0.008000
11 0.200000 0.104667 0.006000 0.008000
3 0.181750 0.092333 0.008500 0.007333
