3 0.069643 0.534286 0.057857 0.032381
3 0.278571 0.514286 0.055714 0.032381
3 0.523214 0.497143 0.050714 0.045714
3 0.600357 0.462381 0.055000 0.035238
3 0.707857 0.458571 0.052857 0.033333
3 0.818571 0.443810 0.051429 0.032381
3 0.940714 0.482381 0.050000 0.029524
3 0.426071 0.874762 0.023571 0.065714
3 0.469643 0.802857 0.025000 0.072381
3 0.537143 0.755714 0.022857 0.069524
10 0.538214 0.920000 0.035000 0.135238
9 0.503214 0.827619 0.015000 0.049524
9 0.422143 0.651905 0.014286 0.035238
5 0.511786 0.231429 0.009286 0.028571
5 0.429643 0.149524 0.007857 0.032381
5 0.624643 0.410000 0.020714 0.014286
5 0.647143 0.527619 0.022857 0.011429
5 0.692857 0.513333 0.021429 0.011429
5 0.494286 0.662857 0.008571 0.024762
5 0.483571 0.626190 0.010000 0.025714
5 0.448214 0.614286 0.009286 0.030476
5 0.435714 0.632381 0.008571 0.026667
5 0.385714 0.619048 0.010000 0.030476
1 0.413214 0.287619 0.009286 0.026667
1 0.088214 0.430476 0.020714 0.011429
5 0.842143 0.473810 0.027143 0.012381
5 0.809643 0.516667 0.026429 0.010476
8 0.436071 0.634762 0.009286 0.012381
8 0.494643 0.664286 0.006429 0.014286
8 0.448929 0.617619 0.007857 0.014286
8 0.483929 0.626667 0.006429 0.013333
8 0.420357 0.648571 0.007857 0.011429
8 0.648571 0.527143 0.010000 0.012381
8 0.812857 0.516667 0.010000 0.010476
8 0.845357 0.474762 0.009286 0.008571
8 0.626071 0.410000 0.009286 0.014286
8 0.511786 0.229524 0.007857 0.011429
8 0.692857 0.512857 0.005714 0.008571
8 0.429643 0.148095 0.005000 0.010476
5 0.409286 0.076667 0.008571 0.025714
7 0.778929 0.329524 0.013571 0.009524
7 0.787143 0.337143 0.012857 0.011429
7 0.783929 0.346667 0.015000 0.007619
7 0.786071 0.354762 0.012143 0.008571
7 0.779643 0.363333 0.013571 0.008571
