3 0.007143 0.825238 0.014286 0.025714
11 0.022857 0.814286 0.015714 0.030476
3 0.025714 0.897619 0.018571 0.029524
3 0.041071 0.887143 0.013571 0.031429
11 0.071786 0.879524 0.015000 0.031429
3 0.039286 0.809048 0.014286 0.031429
3 0.052857 0.795238 0.012857 0.024762
3 0.067143 0.790952 0.012857 0.029524
3 0.082500 0.789048 0.015000 0.029524
3 0.092143 0.864762 0.015714 0.030476
3 0.112143 0.858095 0.015714 0.030476
3 0.125714 0.851429 0.015714 0.030476
3 0.597500 0.657143 0.020714 0.028571
3 0.551429 0.570476 0.015714 0.026667
3 0.540714 0.548095 0.015714 0.025714
11 0.528929 0.519048 0.017857 0.020952
3 0.511786 0.509524 0.019286 0.022857
11 0.507143 0.494286 0.020000 0.022857
3 0.494643 0.480952 0.019286 0.024762
3 0.487857 0.470952 0.017143 0.023810
3 0.473214 0.453333 0.016429 0.026667
3 0.462143 0.432857 0.018571 0.023810
3 0.455714 0.420476 0.018571 0.023810
10 0.447143 0.407143 0.018571 0.021905
3 0.440714 0.392857 0.021429 0.021905
3 0.483571 0.309048 0.018571 0.021905
3 0.501786 0.344286 0.019286 0.023810
3 0.516071 0.359048 0.019286 0.019048
3 0.327857 0.352381 0.021429 0.026667
3 0.353214 0.332381 0.023571 0.019048
10 0.303929 0.236667 0.016429 0.023810
7 0.275357 0.180000 0.002143 0.005714
7 0.274643 0.182857 0.003571 0.003810
7 0.345714 0.298571 0.002857 0.004762
7 0.342500 0.313810 0.003571 0.006667
7 0.349643 0.300952 0.003571 0.007619
7 0.360357 0.299524 0.003571 0.004762
7 0.358571 0.302857 0.002857 0.003810
7 0.357857 0.312381 0.004286 0.005714
7 0.355000 0.316667 0.004286 0.004762
7 0.351071 0.319524 0.003571 0.004762
7 0.340714 0.330476 0.002857 0.007619
7 0.337500 0.329048 0.002143 0.004762
7 0.332500 0.333810 0.002143 0.006667
7 0.328214 0.334286 0.005000 0.005714
7 0.323571 0.332381 0.002857 0.003810
7 0.333214 0.328095 0.005000 0.004762
7 0.294643 0.358571 0.002143 0.004762
7 0.295714 0.355238 0.004286 0.003810
7 0.289643 0.381429 0.003571 0.004762
7 0.288571 0.386667 0.004286 0.003810
7 0.253214 0.397619 0.005000 0.004762
7 0.246071 0.401429 0.005000 0.004762
7 0.246786 0.404762 0.003571 0.003810
7 0.203214 0.450000 0.005000 0.004762
7 0.169643 0.480952 0.006429 0.003810
7 0.154286 0.480000 0.005714 0.003810
7 0.156429 0.484286 0.005714 0.002857
7 0.156429 0.487619 0.005714 0.003810
7 0.122500 0.488095 0.007857 0.004762
7 0.441429 0.331429 0.002857 0.003810
7 0.439643 0.334286 0.003571 0.003810
7 0.510357 0.441905 0.003571 0.003810
7 0.508571 0.450000 0.004286 0.004762
7 0.517143 0.451429 0.002857 0.003810
7 0.517500 0.456667 0.003571 0.002857
7 0.521071 0.460000 0.003571 0.005714
7 0.534643 0.491905 0.003571 0.004762
7 0.606786 0.713810 0.002143 0.006667
7 0.610000 0.720000 0.002857 0.005714
5 0.690000 0.654762 0.008571 0.006667
5 0.934286 0.889524 0.008571 0.007619
5 0.882500 0.709524 0.006429 0.011429
3 0.761429 0.304286 0.012857 0.025714
