3 0.320357 0.010952 0.027857 0.021905
3 0.240000 0.221905 0.044286 0.083810
11 0.209286 0.293333 0.054286 0.093333
11 0.180000 0.380476 0.060000 0.111429
3 0.123214 0.554762 0.082143 0.134286
7 0.189643 0.484286 0.016429 0.040952
7 0.172143 0.493810 0.017143 0.039048
3 0.064643 0.714286 0.106429 0.175238
3 0.018929 0.904762 0.037857 0.150476
5 0.026429 0.978571 0.030000 0.037143
3 0.419643 0.689524 0.047857 0.112381
7 0.402500 0.256667 0.012143 0.035238
3 0.492857 0.220000 0.030000 0.083810
3 0.444286 0.166667 0.024286 0.070476
11 0.529643 0.057143 0.026429 0.062857
1 0.490357 0.141429 0.007857 0.020000
8 0.489286 0.128095 0.005714 0.014286
8 0.630000 0.014762 0.044286 0.029524
3 0.661429 0.026190 0.062857 0.042857
3 0.721071 0.018095 0.050714 0.036190
3 0.647143 0.052857 0.062857 0.031429
3 0.636071 0.096190 0.059286 0.041905
3 0.623929 0.134762 0.069286 0.039048
3 0.633929 0.179048 0.077857 0.049524
11 0.587857 0.206667 0.090000 0.074286
7 0.670714 0.092381 0.007143 0.038095
7 0.747857 0.148095 0.010000 0.040952
5 0.725714 0.133810 0.025714 0.018095
3 0.680714 0.220476 0.082857 0.044762
11 0.665000 0.264762 0.087143 0.060952
3 0.746786 0.329524 0.079286 0.055238
7 0.570714 0.410952 0.014286 0.040952
11 0.609286 0.605238 0.061429 0.149524
3 0.702857 0.770000 0.062857 0.162857
3 0.633571 0.777143 0.061429 0.169524
3 0.871071 0.710476 0.126429 0.110476
3 0.823214 0.600476 0.116429 0.071429
1 0.810714 0.515238 0.032857 0.036190
