7 0.175714 0.052030 0.007143 0.020305
7 0.204286 0.454315 0.005714 0.025381
7 0.212143 0.463198 0.007143 0.020305
7 0.221071 0.451142 0.009286 0.016497
3 0.349286 0.041878 0.022857 0.053299
3 0.153929 0.795051 0.043571 0.090102
3 0.643214 0.956853 0.033571 0.081218
3 0.625357 0.812817 0.026429 0.074873
11 0.687143 0.772843 0.030000 0.086294
5 0.778214 0.905457 0.013571 0.034264
5 0.789643 0.887690 0.016429 0.029188
11 0.817143 0.829315 0.032857 0.097716
11 0.855357 0.724619 0.030714 0.076142
11 0.872857 0.668147 0.034286 0.090102
11 0.886071 0.611675 0.032143 0.083756
11 0.904286 0.569162 0.034286 0.079949
6 0.922857 0.519670 0.040000 0.062183
3 0.834286 0.769670 0.030000 0.085025
10 0.911429 0.901015 0.081429 0.170051
10 0.966071 0.695431 0.066429 0.177665
11 0.989643 0.442893 0.019286 0.063452
11 0.971429 0.414975 0.035714 0.068528
3 0.946071 0.076142 0.032143 0.058376
3 0.875357 0.146574 0.029286 0.059645
11 0.802143 0.057741 0.024286 0.062183
5 0.790357 0.308376 0.010714 0.027919
8 0.790714 0.303299 0.008571 0.015228
2 0.821786 0.401650 0.083571 0.191624
11 0.744286 0.612944 0.035714 0.076142
11 0.661786 0.599619 0.030714 0.082487
5 0.595000 0.534264 0.010000 0.032995
8 0.595000 0.530457 0.007143 0.020305
2 0.549643 0.593274 0.037857 0.107868
10 0.607500 0.035533 0.026429 0.071066
11 0.705000 0.018401 0.018571 0.036802
11 0.549643 0.269036 0.020714 0.060914
11 0.723571 0.312183 0.022857 0.058376
3 0.674643 0.301396 0.026429 0.064721
3 0.697143 0.427665 0.027143 0.071066
3 0.719286 0.525381 0.032857 0.076142
