2 0.485357 0.954949 0.025000 0.085025
3 0.299643 0.894036 0.037857 0.057107
3 0.357143 0.795685 0.030000 0.053299
3 0.467143 0.777919 0.015714 0.055838
2 0.417143 0.560279 0.034286 0.120558
1 0.270357 0.772208 0.009286 0.019036
8 0.268214 0.767766 0.006429 0.017766
5 0.500714 0.645305 0.007143 0.031726
8 0.501071 0.640863 0.006429 0.020305
11 0.554643 0.631980 0.013571 0.050761
10 0.552500 0.587563 0.017857 0.055838
3 0.525357 0.562183 0.013571 0.045685
3 0.552143 0.538706 0.011429 0.039340
3 0.502857 0.509518 0.011429 0.031726
3 0.531071 0.473350 0.012143 0.032995
11 0.547857 0.326777 0.011429 0.034264
3 0.502857 0.276015 0.010000 0.021574
3 0.530357 0.268401 0.010714 0.024112
2 0.488214 0.234772 0.015000 0.038071
10 0.549643 0.187183 0.013571 0.041878
3 0.576786 0.168782 0.009286 0.025381
7 0.623929 0.218274 0.003571 0.012690
4 0.610714 0.322335 0.040000 0.078680
3 0.949286 0.465102 0.028571 0.024112
3 0.892500 0.427030 0.030714 0.024112
3 0.926429 0.432107 0.032857 0.029188
3 0.959643 0.439721 0.027857 0.021574
3 0.990714 0.445431 0.017143 0.020305
7 0.960357 0.324873 0.005000 0.015228
4 0.987500 0.152284 0.023571 0.053299
7 0.677857 0.502538 0.004286 0.017766
7 0.686786 0.444162 0.005000 0.017766
4 0.671786 0.358503 0.053571 0.062183
3 0.521429 0.161802 0.010000 0.021574
3 0.531071 0.123096 0.009286 0.017766
3 0.540000 0.094543 0.008571 0.016497
3 0.528929 0.088832 0.007857 0.015228
3 0.546429 0.071701 0.008571 0.013959
3 0.537143 0.062817 0.008571 0.013959
3 0.543214 0.041878 0.007857 0.015228
3 0.552857 0.043147 0.008571 0.015228
11 0.557500 0.023477 0.007857 0.016497
3 0.547500 0.018401 0.007857 0.013959
11 0.571071 0.006345 0.007857 0.012690
7 0.318214 0.319162 0.003571 0.016497
