3 0.017143 0.862857 0.034286 0.081905
3 0.053929 0.762857 0.052143 0.076190
3 0.103214 0.574286 0.046429 0.030476
10 0.123571 0.542857 0.060000 0.059048
3 0.265357 0.251905 0.029286 0.016190
3 0.271071 0.234762 0.027857 0.016190
11 0.197500 0.225238 0.030714 0.020000
3 0.326786 0.112857 0.016429 0.012381
3 0.322500 0.036667 0.016429 0.010476
3 0.366786 0.043333 0.016429 0.010476
3 0.367857 0.037143 0.018571 0.007619
10 0.300714 0.076667 0.027143 0.016190
10 0.306786 0.058571 0.019286 0.010476
7 0.329643 0.168571 0.003571 0.009524
5 0.177143 0.546667 0.011429 0.017143
5 0.185714 0.527619 0.011429 0.017143
5 0.192500 0.507619 0.010714 0.015238
5 0.200000 0.492381 0.011429 0.017143
5 0.152143 0.491905 0.014286 0.010476
5 0.169286 0.446667 0.005714 0.015238
5 0.129286 0.519048 0.015714 0.011429
5 0.129643 0.508571 0.017857 0.011429
5 0.221071 0.422381 0.015000 0.010476
5 0.223571 0.416667 0.015714 0.010476
5 0.187500 0.391429 0.012143 0.011429
9 0.228929 0.404762 0.016429 0.019048
9 0.247857 0.391905 0.020000 0.016190
9 0.259286 0.370476 0.018571 0.013333
9 0.247857 0.364286 0.011429 0.018095
9 0.253214 0.349048 0.012143 0.016190
4 0.212857 0.359048 0.020000 0.026667
5 0.210714 0.332381 0.014286 0.009524
5 0.222500 0.323810 0.006429 0.013333
3 0.836071 0.987143 0.063571 0.023810
3 0.896786 0.884286 0.046429 0.084762
3 0.775357 0.513810 0.026429 0.054286
3 0.430714 0.450000 0.018571 0.037143
3 0.567500 0.254286 0.012143 0.022857
3 0.647857 0.255714 0.011429 0.021905
10 0.587857 0.250476 0.014286 0.024762
3 0.593214 0.237619 0.023571 0.014286
3 0.591786 0.227619 0.023571 0.013333
3 0.550000 0.161905 0.021429 0.013333
3 0.553929 0.152857 0.022143 0.014286
3 0.618929 0.191905 0.026429 0.018095
3 0.514286 0.036190 0.008571 0.013333
3 0.543571 0.085714 0.018571 0.015238
3 0.591786 0.083810 0.015000 0.011429
5 0.493214 0.063810 0.005000 0.011429
5 0.495000 0.101429 0.002857 0.010476
5 0.471071 0.253810 0.005000 0.012381
9 0.489643 0.173810 0.007857 0.016190
5 0.458929 0.440000 0.006429 0.017143
8 0.459643 0.439048 0.005000 0.009524
7 0.589643 0.115714 0.002143 0.010476
5 0.592857 0.133810 0.007143 0.008571
3 0.951786 0.097619 0.020714 0.014286
11 0.965000 0.108571 0.024286 0.013333
11 0.973571 0.119048 0.025714 0.015238
4 0.912143 0.178571 0.052857 0.037143
