3 0.481429 0.039340 0.010000 0.038071
7 0.428214 0.012690 0.003571 0.012690
7 0.415000 0.133249 0.002857 0.015228
7 0.402857 0.189086 0.002857 0.012690
7 0.261071 0.901015 0.005000 0.007614
7 0.267143 0.833756 0.004286 0.007614
7 0.255714 0.874365 0.004286 0.005076
7 0.273214 0.807107 0.005000 0.010152
7 0.297857 0.690355 0.004286 0.012690
7 0.316429 0.607868 0.004286 0.017766
7 0.307143 0.598985 0.004286 0.015228
7 0.345714 0.606599 0.005714 0.015228
7 0.328929 0.581853 0.003571 0.008883
7 0.325000 0.583122 0.004286 0.011421
7 0.400000 0.400381 0.002857 0.008883
7 0.397857 0.401015 0.004286 0.012690
7 0.368571 0.381345 0.004286 0.008883
7 0.373929 0.333122 0.003571 0.013959
7 0.386429 0.270939 0.002857 0.013959
7 0.386071 0.248096 0.003571 0.013959
7 0.419643 0.286168 0.003571 0.013959
7 0.419643 0.277284 0.003571 0.011421
11 0.463571 0.208122 0.014286 0.043147
10 0.434643 0.232868 0.025000 0.074873
11 0.440357 0.367386 0.017857 0.049492
11 0.507500 0.243020 0.013571 0.049492
3 0.532500 0.215736 0.013571 0.043147
3 0.518214 0.311548 0.013571 0.046954
3 0.520714 0.157360 0.014286 0.040609
3 0.413929 0.366117 0.017857 0.041878
3 0.486071 0.399746 0.016429 0.053299
3 0.499286 0.456853 0.015714 0.048223
3 0.442857 0.902284 0.021429 0.073604
10 0.470357 0.677665 0.027857 0.101523
11 0.462500 0.571066 0.016429 0.068528
2 0.415000 0.635787 0.030000 0.101523
