3 0.285357 0.062857 0.015000 0.036190
3 0.385357 0.160476 0.013571 0.037143
3 0.391071 0.217143 0.013571 0.034286
3 0.394643 0.262381 0.012143 0.035238
10 0.410000 0.397619 0.020000 0.052381
7 0.460357 0.680476 0.003571 0.006667
7 0.463929 0.679048 0.002143 0.003810
7 0.520000 0.752857 0.004286 0.004762
7 0.528929 0.773333 0.003571 0.007619
3 0.595357 0.188095 0.015000 0.037143
11 0.606429 0.276667 0.012857 0.031429
3 0.608929 0.409048 0.012143 0.033333
3 0.606429 0.841905 0.015714 0.034286
3 0.630000 0.849524 0.012857 0.036190
3 0.648929 0.857619 0.013571 0.033333
3 0.572857 0.692381 0.012857 0.036190
11 0.598571 0.701429 0.011429 0.033333
3 0.659643 0.735238 0.012143 0.036190
3 0.681071 0.764762 0.013571 0.036190
3 0.728214 0.800952 0.025000 0.015238
3 0.722500 0.838571 0.025000 0.018095
5 0.528214 0.760952 0.012143 0.005714
5 0.629643 0.704286 0.005000 0.014286
5 0.639643 0.710476 0.005000 0.013333
5 0.633929 0.606667 0.005000 0.015238
5 0.462143 0.830476 0.004286 0.009524
5 0.468214 0.838095 0.003571 0.009524
5 0.269643 0.020952 0.013571 0.009524
5 0.257143 0.063810 0.008571 0.011429
5 0.258929 0.047143 0.012143 0.012381
5 0.260714 0.042381 0.010000 0.008571
