3 0.085750 0.750000 0.171500 0.236000
3 0.351000 0.399667 0.118000 0.126000
3 0.440250 0.410333 0.100500 0.122000
3 0.344250 0.250333 0.118500 0.075333
9 0.356000 0.213000 0.070000 0.043333
3 0.403500 0.198667 0.104000 0.061333
11 0.615500 0.332667 0.111000 0.088000
11 0.594250 0.268333 0.107500 0.095333
3 0.673250 0.309333 0.121500 0.077333
3 0.731250 0.280000 0.124500 0.074667
11 0.639750 0.211333 0.086500 0.085333
11 0.621250 0.162667 0.056500 0.068000
11 0.723500 0.178667 0.118000 0.080000
1 0.698000 0.212667 0.027000 0.041333
11 0.700750 0.150667 0.093500 0.061333
11 0.683750 0.133333 0.076500 0.056000
3 0.643250 0.097333 0.048500 0.044000
11 0.727250 0.091333 0.079500 0.056000
3 0.744250 0.084000 0.070500 0.044000
3 0.708750 0.064000 0.082500 0.036000
11 0.743000 0.049667 0.052000 0.048667
3 0.743000 0.040667 0.068000 0.040000
3 0.736000 0.028667 0.064000 0.034667
3 0.743250 0.021667 0.048500 0.028667
7 0.727000 0.009333 0.007000 0.018667
3 0.490250 0.087000 0.062500 0.044667
11 0.501500 0.063333 0.065000 0.048000
3 0.511250 0.053667 0.060500 0.034000
3 0.524500 0.044000 0.068000 0.037333
3 0.578500 0.044000 0.031000 0.038667
7 0.238750 0.347000 0.023500 0.068667
7 0.238000 0.334000 0.021000 0.058667
1 0.321250 0.332667 0.041500 0.045333
1 0.346500 0.283333 0.037000 0.045333
7 0.539000 0.250333 0.019000 0.059333
7 0.837500 0.547333 0.026000 0.069333
8 0.891250 0.526000 0.032500 0.058667
5 0.897000 0.535000 0.066000 0.067333
8 0.665500 0.494667 0.028000 0.050667
8 0.717000 0.413333 0.024000 0.041333
5 0.701000 0.383667 0.021000 0.060667
7 0.740250 0.310333 0.016500 0.058000
5 0.752250 0.238667 0.039500 0.048000
9 0.802500 0.179000 0.044000 0.036667
2 0.554000 0.011667 0.063000 0.023333
