5 0.161013 0.413729 0.016180 0.037106
0 0.176931 0.512987 0.039666 0.050093
9 0.142484 0.497217 0.020877 0.061224
9 0.097338 0.508349 0.060021 0.053803
3 0.045407 0.443414 0.040710 0.090909
9 0.229384 0.813080 0.037056 0.062152
8 0.200939 0.884972 0.017745 0.020408
8 0.215031 0.884045 0.017745 0.027829
0 0.230428 0.540816 0.046451 0.048237
0 0.240866 0.493043 0.046451 0.049165
7 0.260960 0.778757 0.013570 0.026902
7 0.270355 0.806586 0.016701 0.028757
7 0.313413 0.806122 0.012004 0.035250
7 0.334029 0.818182 0.015658 0.038961
8 0.322025 0.733766 0.010438 0.033395
9 0.331942 0.731911 0.056367 0.046382
9 0.269833 0.860390 0.024008 0.075139
7 0.414144 0.916512 0.010960 0.025974
5 0.701722 0.974490 0.018267 0.047310
3 0.754958 0.896104 0.046451 0.133581
8 0.712422 0.702690 0.011482 0.026902
8 0.737474 0.725881 0.014614 0.026902
5 0.711378 0.710575 0.027140 0.024119
5 0.736952 0.731447 0.025052 0.028757
9 0.922495 0.521800 0.046451 0.047310
5 0.697286 0.481447 0.014614 0.042672
0 0.646921 0.557978 0.050626 0.054731
0 0.533664 0.546846 0.084029 0.078850
7 0.512265 0.484694 0.013048 0.041744
8 0.328027 0.600649 0.012004 0.028757
8 0.383873 0.525046 0.009916 0.035250
8 0.385699 0.526438 0.007307 0.025046
7 0.391180 0.509276 0.012004 0.033395
1 0.390397 0.506494 0.024008 0.033395
5 0.384916 0.527829 0.018267 0.027829
9 0.334290 0.605288 0.039144 0.036178
7 0.278184 0.408627 0.010438 0.028757
9 0.287056 0.400278 0.015658 0.049165
7 0.304802 0.478664 0.013570 0.027829
7 0.307672 0.399814 0.012004 0.022263
7 0.304802 0.379870 0.011482 0.030612
7 0.307411 0.353432 0.011482 0.033395
7 0.384395 0.453618 0.010960 0.033395
9 0.317328 0.467532 0.024008 0.057514
9 0.327505 0.443878 0.023486 0.043599
9 0.316545 0.400742 0.015136 0.033395
0 0.361430 0.397959 0.019311 0.066790
5 0.342119 0.369666 0.012004 0.036178
7 0.341336 0.363173 0.013570 0.032468
7 0.274269 0.270408 0.010960 0.032468
7 0.284708 0.262059 0.013048 0.036178
5 0.333768 0.246289 0.013048 0.032468
9 0.325939 0.218460 0.015136 0.041744
0 0.324374 0.165584 0.020355 0.058442
9 0.346816 0.166048 0.016180 0.051948
0 0.344207 0.115028 0.016180 0.046382
7 0.362213 0.127551 0.007307 0.032468
0 0.323069 0.074212 0.015658 0.044527
5 0.272965 0.319573 0.017745 0.023191
