3 0.546250 0.967667 0.188500 0.060667
3 0.531750 0.861333 0.186500 0.126667
3 0.532750 0.743333 0.179500 0.109333
3 0.508000 0.562667 0.132000 0.096000
3 0.517250 0.458667 0.112500 0.072000
11 0.497250 0.398333 0.110500 0.076667
11 0.492000 0.355333 0.086000 0.060000
11 0.489750 0.317667 0.074500 0.055333
3 0.698750 0.616667 0.148500 0.089333
7 0.704250 0.372000 0.017500 0.053333
7 0.367750 0.346667 0.014500 0.054667
5 0.393250 0.240000 0.008500 0.024000
5 0.362000 0.308667 0.011000 0.024000
9 0.350500 0.369667 0.016000 0.048667
11 0.495250 0.284667 0.080500 0.054667
11 0.498750 0.260000 0.097500 0.057333
11 0.488000 0.228000 0.079000 0.049333
11 0.537250 0.183000 0.032500 0.063333
7 0.563000 0.257000 0.011000 0.044667
11 0.478500 0.204667 0.070000 0.046667
11 0.472250 0.185333 0.071500 0.044000
3 0.470250 0.166333 0.069500 0.028667
7 0.412000 0.143333 0.009000 0.033333
7 0.412750 0.140333 0.009500 0.032667
10 0.471750 0.126333 0.065500 0.039333
3 0.524500 0.126000 0.028000 0.042667
11 0.557500 0.059000 0.026000 0.036667
11 0.466250 0.107667 0.054500 0.031333
3 0.465000 0.102333 0.064000 0.032667
3 0.466500 0.086000 0.058000 0.025333
11 0.471250 0.066333 0.063500 0.040667
3 0.466250 0.053333 0.049500 0.026667
3 0.464000 0.042667 0.045000 0.024000
3 0.463000 0.032333 0.048000 0.026000
3 0.456250 0.024333 0.044500 0.023333
11 0.457750 0.011333 0.033500 0.021333
3 0.485250 0.013333 0.033500 0.022667
3 0.569500 0.020000 0.025000 0.029333
3 0.601750 0.014000 0.045500 0.024000
11 0.621000 0.037667 0.055000 0.034000
11 0.621250 0.054333 0.048500 0.031333
3 0.634750 0.079000 0.060500 0.030000
3 0.649250 0.090333 0.062500 0.032667
3 0.666000 0.117333 0.068000 0.030667
3 0.660000 0.136667 0.071000 0.036000
7 0.621000 0.140000 0.009000 0.036000
5 0.717500 0.147333 0.029000 0.025333
3 0.689250 0.169667 0.076500 0.038000
3 0.717000 0.188667 0.073000 0.034667
1 0.766750 0.205333 0.011500 0.028000
11 0.724750 0.206667 0.078500 0.044000
10 0.736000 0.267000 0.132000 0.091333
10 0.759750 0.305667 0.140500 0.090000
11 0.782000 0.354333 0.093000 0.059333
3 0.801750 0.393000 0.112500 0.067333
3 0.827750 0.447333 0.123500 0.065333
3 0.855250 0.508000 0.130500 0.077333
3 0.898250 0.574333 0.140500 0.087333
3 0.925500 0.649333 0.146000 0.094667
3 0.943750 0.740667 0.109500 0.094667
7 0.847500 0.715000 0.029000 0.066000
7 0.845500 0.640000 0.022000 0.064000
