2 0.510000 0.713198 0.018571 0.083756
2 0.430000 0.778553 0.021429 0.087563
2 0.463929 0.550761 0.012143 0.055838
2 0.462500 0.421954 0.012143 0.044416
2 0.461786 0.310914 0.010714 0.038071
2 0.467500 0.225254 0.017857 0.062183
3 0.897143 0.887690 0.028571 0.059645
3 0.858929 0.762056 0.022143 0.044416
3 0.843929 0.712563 0.019286 0.044416
3 0.444643 0.536802 0.010714 0.032995
3 0.446429 0.451142 0.010000 0.029188
3 0.446786 0.404822 0.009286 0.022843
3 0.458214 0.348350 0.007857 0.019036
3 0.433929 0.321701 0.007857 0.016497
3 0.541786 0.344543 0.009286 0.024112
11 0.461071 0.282360 0.007857 0.019036
3 0.451429 0.251269 0.008571 0.012690
11 0.448929 0.314086 0.007857 0.016497
11 0.449286 0.280457 0.007143 0.017766
11 0.124286 0.190990 0.018571 0.013959
3 0.088929 0.202411 0.017857 0.013959
3 0.201786 0.169416 0.017857 0.011421
3 0.321071 0.157995 0.017857 0.013959
3 0.210000 0.253807 0.017143 0.015228
11 0.369643 0.251904 0.017857 0.016497
11 0.537857 0.280457 0.008571 0.025381
7 0.339286 0.883249 0.005714 0.022843
7 0.534643 0.736041 0.003571 0.017766
11 0.321071 0.008249 0.009286 0.013959
6 0.360714 0.051396 0.031429 0.034264
7 0.507500 0.317259 0.002143 0.010152
7 0.507500 0.289975 0.003571 0.008883
11 0.008929 0.186548 0.017857 0.015228
