3 0.558929 0.782381 0.077857 0.071429
3 0.464286 0.737143 0.072857 0.070476
3 0.850000 0.936190 0.111429 0.099048
3 0.834286 0.857619 0.092857 0.084762
3 0.685714 0.857143 0.087143 0.087619
3 0.711071 0.803333 0.087857 0.080952
3 0.686786 0.730476 0.077857 0.066667
3 0.605000 0.747143 0.072857 0.065714
3 0.512857 0.705714 0.064286 0.064762
3 0.441071 0.671429 0.069286 0.059048
3 0.375000 0.681905 0.070000 0.064762
3 0.360357 0.620476 0.056429 0.058095
3 0.307500 0.624286 0.063571 0.063810
3 0.301429 0.567143 0.058571 0.060000
3 0.244286 0.584762 0.054286 0.051429
3 0.185357 0.551905 0.052143 0.048571
11 0.142500 0.517619 0.040714 0.042857
3 0.181786 0.507619 0.046429 0.038095
3 0.105000 0.502857 0.044286 0.040000
3 0.106786 0.474286 0.049286 0.038095
10 0.507143 0.644762 0.231429 0.139048
7 0.134286 0.425238 0.008571 0.020000
7 0.142857 0.421905 0.008571 0.022857
4 0.026786 0.363333 0.019286 0.018095
7 0.186071 0.429524 0.009286 0.020952
7 0.205357 0.425714 0.013571 0.019048
4 0.315000 0.445714 0.028571 0.032381
7 0.966429 0.753333 0.017143 0.032381
4 0.862500 0.076667 0.029286 0.040952
3 0.954286 0.207143 0.012857 0.014286
3 0.963929 0.218571 0.013571 0.014286
3 0.972143 0.228095 0.014286 0.014286
3 0.984643 0.240952 0.015000 0.015238
3 0.875000 0.136667 0.008571 0.010476
3 0.868571 0.128095 0.008571 0.008571
4 0.865357 0.144762 0.010714 0.017143
3 0.885000 0.137143 0.007143 0.013333
4 0.853929 0.120952 0.013571 0.015238
4 0.272143 0.430952 0.021429 0.023810
