3 0.060357 0.869524 0.003571 0.005714
3 0.062143 0.862381 0.002857 0.004762
3 0.055357 0.857143 0.002143 0.001905
3 0.057857 0.853810 0.002857 0.002857
3 0.055714 0.849524 0.002857 0.001905
3 0.052500 0.853810 0.002143 0.002857
3 0.023571 0.933810 0.002857 0.004762
3 0.028571 0.927619 0.004286 0.003810
3 0.038214 0.915238 0.002143 0.003810
3 0.045357 0.916667 0.003571 0.004762
3 0.050714 0.906667 0.002857 0.005714
3 0.045357 0.923810 0.003571 0.005714
3 0.052143 0.925714 0.004286 0.005714
3 0.060357 0.927143 0.005000 0.006667
3 0.044286 0.961905 0.004286 0.005714
3 0.029286 0.923333 0.002857 0.002857
3 0.027500 0.921429 0.002143 0.002857
3 0.027143 0.918095 0.002857 0.001905
3 0.025714 0.914762 0.004286 0.002857
10 0.030357 0.911429 0.003571 0.003810
3 0.039643 0.902857 0.002143 0.001905
3 0.037500 0.897619 0.002143 0.002857
3 0.041429 0.892857 0.001429 0.002857
3 0.040000 0.890952 0.002857 0.002857
3 0.105357 0.877143 0.005000 0.007619
3 0.091429 0.895238 0.005714 0.007619
3 0.109643 0.890952 0.005000 0.008571
3 0.102857 0.903810 0.005714 0.009524
3 0.139643 0.896667 0.007857 0.008571
3 0.157857 0.894762 0.007143 0.010476
3 0.169286 0.914762 0.008571 0.012381
3 0.192500 0.931905 0.010714 0.014286
3 0.217500 0.967143 0.013571 0.018095
3 0.268571 0.961905 0.015714 0.019048
3 0.385000 0.979524 0.024286 0.029524
10 0.495357 0.513810 0.042143 0.065714
10 0.533571 0.449048 0.045714 0.073333
3 0.589286 0.495238 0.020000 0.022857
11 0.635714 0.438571 0.018571 0.027619
3 0.582857 0.460000 0.017143 0.024762
11 0.566429 0.463810 0.018571 0.022857
7 0.733571 0.279048 0.007143 0.011429
10 0.729286 0.285714 0.018571 0.030476
3 0.739643 0.300000 0.019286 0.024762
10 0.788214 0.096190 0.045000 0.038095
10 0.777500 0.107143 0.059286 0.037143
10 0.805000 0.083333 0.054286 0.042857
11 0.822857 0.153810 0.015714 0.027619
3 0.803571 0.150952 0.018571 0.023810
3 0.793214 0.177619 0.013571 0.020000
3 0.771429 0.192857 0.018571 0.016190
3 0.773571 0.150952 0.014286 0.021905
3 0.786429 0.144762 0.017143 0.015238
8 0.980000 0.016667 0.007143 0.010476
5 0.980000 0.019524 0.007143 0.018095
3 0.942143 0.032857 0.017143 0.025714
3 0.921071 0.089048 0.019286 0.029524
3 0.906429 0.131905 0.025714 0.037143
3 0.905714 0.157143 0.018571 0.030476
3 0.924286 0.155238 0.020000 0.034286
3 0.911786 0.191905 0.020714 0.035238
3 0.986429 0.208095 0.025714 0.039048
11 0.872857 0.188095 0.024286 0.039048
11 0.884643 0.205238 0.017857 0.029524
3 0.895714 0.238095 0.024286 0.036190
10 0.871786 0.283810 0.032143 0.060952
10 0.863929 0.246667 0.033571 0.060952
10 0.914286 0.340476 0.034286 0.050476
3 0.855714 0.349524 0.024286 0.040000
10 0.826071 0.329048 0.063571 0.136190
3 0.836786 0.399524 0.025000 0.040952
10 0.795357 0.432381 0.032143 0.055238
3 0.870714 0.528571 0.032857 0.051429
10 0.787857 0.500952 0.070000 0.127619
10 0.773929 0.488095 0.029286 0.050476
3 0.755714 0.547143 0.024286 0.048571
3 0.737857 0.546667 0.022857 0.045714
3 0.758571 0.612381 0.031429 0.057143
3 0.730000 0.606667 0.030000 0.053333
3 0.698571 0.686667 0.030000 0.055238
3 0.672143 0.766667 0.028571 0.062857
10 0.712857 0.709048 0.068571 0.141905
3 0.750000 0.743333 0.040000 0.075238
3 0.847857 0.713810 0.042857 0.075238
