11 0.013929 0.303810 0.012143 0.020952
3 0.121071 0.350476 0.025000 0.013333
3 0.135000 0.330952 0.017143 0.010476
3 0.342857 0.350476 0.020000 0.013333
7 0.290714 0.339048 0.001429 0.005714
7 0.285714 0.339048 0.001429 0.005714
7 0.361786 0.340952 0.000714 0.007619
7 0.351429 0.341905 0.001429 0.005714
7 0.181786 0.352857 0.002143 0.004762
2 0.125000 0.313810 0.042857 0.023810
3 0.288214 0.446190 0.010714 0.023810
7 0.312143 0.446667 0.004286 0.015238
7 0.412143 0.374762 0.001429 0.006667
7 0.401786 0.932381 0.002143 0.007619
3 0.517500 0.716667 0.009286 0.035238
3 0.479643 0.510000 0.010714 0.031429
3 0.526071 0.504762 0.007857 0.024762
3 0.510000 0.539524 0.008571 0.027619
3 0.503929 0.328095 0.007857 0.025714
3 0.542500 0.100952 0.005000 0.013333
3 0.506786 0.143810 0.007857 0.019048
3 0.544643 0.011429 0.006429 0.009524
7 0.628929 0.022381 0.000714 0.004762
3 0.612143 0.057143 0.011429 0.009524
7 0.638214 0.141429 0.002143 0.010476
3 0.647143 0.167619 0.014286 0.009524
7 0.631429 0.202381 0.002857 0.008571
3 0.647857 0.213333 0.015714 0.015238
3 0.649643 0.242857 0.016429 0.013333
3 0.652857 0.269048 0.015714 0.012381
3 0.658571 0.298095 0.015714 0.011429
3 0.657143 0.311429 0.015714 0.011429
7 0.652500 0.334286 0.002143 0.011429
3 0.628214 0.714762 0.032143 0.021905
3 0.625000 0.639048 0.025714 0.015238
7 0.706429 0.593333 0.010000 0.022857
7 0.688929 0.377619 0.003571 0.006667
3 0.688214 0.484286 0.019286 0.016190
10 0.743929 0.483810 0.017857 0.017143
7 0.746071 0.462381 0.002143 0.006667
7 0.754286 0.456190 0.002857 0.009524
7 0.768214 0.456190 0.002143 0.009524
7 0.763571 0.456190 0.001429 0.005714
