0 0.013570 0.775974 0.027140 0.038033
0 0.025052 0.837199 0.032359 0.060297
7 0.067328 0.739796 0.012526 0.026902
5 0.182411 0.719852 0.008873 0.027829
9 0.191023 0.722171 0.014614 0.030612
7 0.203288 0.733302 0.008873 0.026902
5 0.228862 0.717532 0.008873 0.026902
0 0.207463 0.815399 0.019311 0.063080
0 0.239562 0.808905 0.026096 0.059369
8 0.320720 0.716605 0.005741 0.012059
5 0.341858 0.745362 0.015658 0.019481
7 0.353079 0.743043 0.008873 0.029685
7 0.387787 0.695733 0.010438 0.022263
9 0.400313 0.703618 0.017745 0.036178
7 0.439979 0.802876 0.008351 0.019481
5 0.440501 0.805195 0.014614 0.027829
3 0.488518 0.671614 0.037578 0.048237
7 0.575418 0.773191 0.007829 0.028757
0 0.606211 0.805195 0.015136 0.050093
5 0.643267 0.700835 0.004697 0.023191
3 0.522443 0.603896 0.017745 0.046382
3 0.835334 0.821892 0.055846 0.044527
0 0.688674 0.735622 0.025574 0.035250
5 0.654749 0.703618 0.007829 0.021336
8 0.645616 0.627087 0.007307 0.018553
8 0.629958 0.612245 0.007307 0.018553
0 0.623956 0.573284 0.015136 0.038961
9 0.521921 0.571892 0.024008 0.025046
3 0.530010 0.415121 0.031837 0.025046
5 0.523747 0.380798 0.005741 0.015770
8 0.574896 0.359462 0.004697 0.010204
8 0.576722 0.359926 0.003132 0.011132
9 0.574896 0.361317 0.008873 0.023191
8 0.590814 0.330705 0.003132 0.008349
8 0.590814 0.325139 0.003132 0.008349
9 0.590553 0.330705 0.003653 0.015770
10 0.558977 0.295918 0.012526 0.024119
7 0.567589 0.258813 0.003653 0.014842
0 0.534969 0.310761 0.013570 0.018553
10 0.537839 0.309833 0.014092 0.011132
3 0.535230 0.306122 0.024530 0.018553
9 0.543841 0.289425 0.004175 0.012987
3 0.541232 0.248609 0.009395 0.020408
9 0.532620 0.320037 0.012004 0.009276
10 0.558977 0.173006 0.010438 0.023191
5 0.514875 0.113636 0.003653 0.008349
8 0.559238 0.107607 0.002610 0.007421
5 0.559238 0.109926 0.003653 0.008349
7 0.537578 0.059833 0.002088 0.006494
5 0.540188 0.061688 0.002088 0.006494
4 0.561326 0.035250 0.003653 0.012987
5 0.586900 0.986085 0.026618 0.024119
9 0.699635 0.963822 0.038100 0.048237
