7 0.323214 0.434010 0.007857 0.032995
7 0.265000 0.384518 0.008571 0.030457
7 0.260357 0.388325 0.005000 0.017766
7 0.309643 0.361041 0.007857 0.029188
7 0.301786 0.337563 0.005000 0.027919
7 0.171071 0.937817 0.013571 0.032995
7 0.051429 0.970178 0.011429 0.026650
7 0.064286 0.978426 0.015714 0.038071
7 0.048571 0.951142 0.018571 0.031726
3 0.318929 0.604695 0.036429 0.079949
11 0.336786 0.498731 0.033571 0.078680
7 0.285000 0.309645 0.007143 0.025381
7 0.278214 0.308376 0.007857 0.027919
2 0.215000 0.255076 0.075714 0.050761
7 0.210000 0.174492 0.008571 0.024112
7 0.227143 0.164975 0.008571 0.022843
7 0.200357 0.165609 0.007857 0.024112
7 0.260000 0.136421 0.007143 0.024112
7 0.252857 0.130076 0.004286 0.024112
7 0.281786 0.100888 0.005000 0.021574
7 0.274643 0.104061 0.006429 0.025381
7 0.313929 0.122462 0.006429 0.024112
7 0.325357 0.120558 0.003571 0.020305
7 0.301429 0.109137 0.007143 0.022843
7 0.350714 0.117386 0.004286 0.021574
7 0.376071 0.114848 0.003571 0.021574
7 0.372143 0.111675 0.005714 0.025381
7 0.387857 0.122462 0.005714 0.024112
7 0.390714 0.112944 0.004286 0.020305
7 0.398929 0.104061 0.005000 0.025381
7 0.402857 0.093909 0.004286 0.022843
7 0.362857 0.127538 0.004286 0.026650
7 0.402143 0.081853 0.004286 0.024112
7 0.346429 0.133883 0.005714 0.024112
7 0.340714 0.127538 0.002857 0.016497
7 0.344643 0.117386 0.005000 0.021574
7 0.326786 0.117386 0.005000 0.021574
7 0.268571 0.142132 0.004286 0.022843
7 0.278571 0.131980 0.004286 0.022843
7 0.269643 0.133249 0.005000 0.020305
7 0.246429 0.151015 0.004286 0.020305
7 0.250714 0.158629 0.005714 0.022843
7 0.202143 0.181472 0.007143 0.027919
7 0.397500 0.138325 0.005000 0.027919
7 0.604286 0.390228 0.007143 0.034264
7 0.596786 0.431472 0.006429 0.032995
2 0.452500 0.269036 0.133571 0.093909
3 0.530714 0.261421 0.042857 0.032995
3 0.380000 0.259518 0.037143 0.031726
3 0.507143 0.075508 0.015714 0.039340
3 0.537500 0.073604 0.012143 0.040609
3 0.562500 0.075508 0.013571 0.039340
3 0.536786 0.037437 0.015000 0.039340
3 0.558214 0.018401 0.015000 0.031726
3 0.533571 0.006980 0.012857 0.013959
7 0.631429 0.125635 0.005714 0.027919
7 0.607500 0.132614 0.006429 0.024112
7 0.593214 0.146574 0.005000 0.024112
7 0.598929 0.128807 0.005000 0.024112
7 0.529643 0.118655 0.005000 0.024112
7 0.648929 0.184645 0.005000 0.024112
7 0.655000 0.184645 0.005714 0.026650
7 0.645000 0.148477 0.005714 0.025381
7 0.653929 0.149112 0.005000 0.026650
7 0.659643 0.149746 0.005000 0.025381
7 0.634643 0.081853 0.003571 0.019036
7 0.623571 0.086929 0.005714 0.024112
7 0.620357 0.114213 0.003571 0.027919
7 0.616429 0.110406 0.005714 0.022843
7 0.610000 0.079315 0.005714 0.024112
7 0.599643 0.090736 0.003571 0.019036
7 0.594286 0.100888 0.004286 0.021574
7 0.699286 0.172589 0.007143 0.025381
7 0.638571 0.052665 0.004286 0.021574
7 0.649643 0.050127 0.003571 0.021574
7 0.647143 0.050761 0.004286 0.020305
7 0.631786 0.032360 0.005000 0.019036
7 0.628929 0.012690 0.005000 0.020305
7 0.625714 0.015228 0.004286 0.015228
7 0.645357 0.008883 0.003571 0.015228
7 0.611786 0.160533 0.005000 0.021574
7 0.717500 0.181472 0.003571 0.025381
7 0.733214 0.184010 0.007857 0.027919
7 0.645000 0.033629 0.004286 0.016497
7 0.638929 0.036168 0.003571 0.016497
7 0.638214 0.019036 0.005000 0.017766
7 0.634643 0.024112 0.003571 0.020305
7 0.622143 0.071701 0.004286 0.019036
7 0.472143 0.138959 0.004286 0.026650
7 0.771071 0.188452 0.005000 0.026650
7 0.775357 0.184010 0.003571 0.022843
7 0.783571 0.182741 0.004286 0.020305
7 0.788214 0.181472 0.003571 0.017766
7 0.797500 0.189086 0.006429 0.032995
7 0.836429 0.189721 0.005714 0.024112
7 0.861429 0.192259 0.007143 0.024112
7 0.868214 0.190355 0.006429 0.025381
7 0.865714 0.183376 0.008571 0.029188
7 0.888214 0.188452 0.007857 0.026650
7 0.917857 0.189086 0.007143 0.025381
7 0.932500 0.184645 0.009286 0.024112
7 0.854286 0.372462 0.007143 0.026650
7 0.816071 0.548858 0.005000 0.021574
7 0.869643 0.347081 0.007857 0.026650
7 0.878214 0.353426 0.007857 0.021574
7 0.812857 0.355330 0.007143 0.025381
7 0.808571 0.595178 0.007143 0.030457
7 0.801429 0.579949 0.004286 0.025381
7 0.876786 0.682107 0.012143 0.016497
7 0.879286 0.700508 0.007143 0.025381
7 0.922143 0.769036 0.011429 0.038071
7 0.847143 0.534898 0.008571 0.034264
7 0.810357 0.552665 0.007857 0.031726
7 0.838571 0.482234 0.008571 0.027919
7 0.819643 0.435914 0.010714 0.031726
7 0.817500 0.470178 0.010714 0.034264
7 0.842857 0.364213 0.008571 0.022843
7 0.853214 0.346447 0.007857 0.025381
7 0.854286 0.377538 0.008571 0.026650
7 0.814643 0.361675 0.010714 0.027919
7 0.876071 0.385787 0.007857 0.025381
7 0.835714 0.595178 0.010000 0.020305
10 0.850000 0.263325 0.088571 0.072335
