3 0.558929 0.742857 0.026429 0.072381
3 0.607143 0.947619 0.030000 0.097143
3 0.602500 0.804762 0.027857 0.078095
3 0.666786 0.641905 0.039286 0.051429
3 0.595000 0.664762 0.024286 0.062857
3 0.561429 0.621429 0.020000 0.058095
3 0.591786 0.542857 0.017857 0.043810
3 0.562143 0.532381 0.015714 0.045714
3 0.516429 0.803810 0.024286 0.089524
3 0.508929 0.908571 0.026429 0.102857
3 0.376786 0.620000 0.043571 0.055238
3 0.852857 0.493333 0.048571 0.030476
3 0.494643 0.458571 0.015000 0.042857
3 0.468571 0.503810 0.017143 0.051429
3 0.507500 0.346667 0.013571 0.032381
3 0.530357 0.328095 0.015000 0.027619
7 0.199286 0.379048 0.004286 0.013333
3 0.177857 0.496190 0.044286 0.034286
3 0.235000 0.502381 0.052857 0.029524
3 0.218214 0.528095 0.047857 0.027619
7 0.272500 0.608095 0.006429 0.035238
7 0.199643 0.820476 0.007857 0.029524
3 0.141429 0.793810 0.040000 0.079048
3 0.125357 0.720000 0.045000 0.070476
3 0.082857 0.947143 0.068571 0.103810
3 0.219643 0.962857 0.057857 0.072381
7 0.170357 0.979048 0.012143 0.040000
7 0.148214 0.984286 0.012143 0.029524
3 0.417143 0.811905 0.027143 0.105714
5 0.343571 0.738095 0.015714 0.068571
5 0.418929 0.502857 0.007857 0.030476
5 0.408929 0.418571 0.006429 0.021905
5 0.444643 0.349048 0.006429 0.025714
5 0.448571 0.316190 0.004286 0.017143
5 0.477500 0.211429 0.003571 0.013333
5 0.486786 0.163333 0.003571 0.012381
5 0.493214 0.166190 0.002143 0.010476
7 0.480714 0.033810 0.001429 0.006667
3 0.470357 0.044762 0.007857 0.005714
7 0.485357 0.042381 0.000714 0.006667
7 0.463571 0.110000 0.001429 0.010476
7 0.371786 0.270000 0.002143 0.010476
7 0.413929 0.268095 0.003571 0.012381
3 0.533214 0.300476 0.013571 0.025714
3 0.512143 0.305238 0.014286 0.029524
3 0.493214 0.287143 0.012143 0.031429
3 0.518929 0.225714 0.010714 0.022857
3 0.515000 0.278571 0.011429 0.023810
3 0.535000 0.075714 0.007143 0.014286
3 0.528929 0.059524 0.007857 0.012381
5 0.504643 0.073810 0.002143 0.010476
5 0.493929 0.108095 0.003571 0.008571
3 0.543929 0.026190 0.006429 0.008571
3 0.547857 0.015714 0.005714 0.008571
3 0.537857 0.007143 0.007143 0.010476
3 0.514286 0.006190 0.004286 0.006667
3 0.519286 0.015238 0.005714 0.009524
3 0.593929 0.027143 0.005000 0.006667
3 0.595000 0.034762 0.007143 0.006667
7 0.584643 0.006667 0.000714 0.005714
5 0.591071 0.058571 0.002143 0.006667
7 0.592143 0.010952 0.001429 0.004762
5 0.633214 0.393810 0.005000 0.018095
5 0.626786 0.465238 0.005000 0.018095
3 0.564286 0.972381 0.032857 0.053333
3 0.679643 0.795238 0.026429 0.049524
5 0.677143 0.696190 0.012857 0.028571
7 0.723571 0.693333 0.007143 0.036190
7 0.715714 0.736667 0.010000 0.025714
5 0.648571 0.550000 0.007143 0.021905
7 0.708214 0.385714 0.003571 0.015238
3 0.781071 0.472381 0.046429 0.030476
3 0.786786 0.489048 0.043571 0.029524
7 0.759643 0.650000 0.012143 0.037143
7 0.839286 0.472381 0.008571 0.026667
3 0.979286 0.501905 0.040000 0.030476
8 0.677143 0.687619 0.007143 0.013333
8 0.649286 0.544762 0.005714 0.011429
8 0.626429 0.460000 0.004286 0.011429
8 0.444643 0.343333 0.005000 0.014286
8 0.633571 0.390000 0.002857 0.010476
8 0.408929 0.414762 0.006429 0.010476
8 0.417857 0.497619 0.005714 0.016190
8 0.448214 0.312381 0.002143 0.009524
8 0.477143 0.209524 0.004286 0.007619
8 0.492143 0.163333 0.002857 0.006667
8 0.486786 0.161429 0.003571 0.008571
8 0.591429 0.056190 0.001429 0.005714
8 0.505000 0.071905 0.002857 0.004762
8 0.345000 0.751429 0.008571 0.022857
5 0.726786 0.554762 0.013571 0.027619
8 0.728571 0.547619 0.010000 0.013333
