11 0.067500 0.843909 0.009286 0.022843
11 0.079643 0.838198 0.009286 0.024112
3 0.092143 0.833122 0.010000 0.021574
3 0.114643 0.816624 0.009286 0.026650
3 0.126429 0.807107 0.007143 0.020305
3 0.148214 0.797589 0.007857 0.021574
3 0.159643 0.791244 0.009286 0.021574
3 0.170357 0.786802 0.009286 0.022843
5 0.206429 0.772843 0.002857 0.010152
5 0.200357 0.773477 0.007857 0.008883
6 0.193214 0.815355 0.033571 0.031726
10 0.233929 0.796320 0.036429 0.039340
10 0.290357 0.771574 0.049286 0.040609
11 0.223929 0.767132 0.016429 0.024112
11 0.253214 0.755076 0.015000 0.022843
3 0.238929 0.761421 0.015000 0.022843
11 0.267143 0.744924 0.015714 0.025381
11 0.283571 0.739213 0.017143 0.024112
11 0.296429 0.732868 0.014286 0.024112
6 0.312500 0.721447 0.012143 0.026650
8 0.295000 0.968274 0.004286 0.010152
10 0.551071 0.953680 0.037857 0.044416
11 0.623214 0.928299 0.022143 0.026650
11 0.494643 0.794416 0.016429 0.015228
11 0.518929 0.784264 0.017857 0.020305
3 0.540714 0.776650 0.018571 0.017766
7 0.470714 0.949873 0.002857 0.008883
7 0.443214 0.987310 0.002143 0.010152
7 0.412143 0.906726 0.001429 0.011421
3 0.641071 0.967005 0.022143 0.025381
3 0.648929 0.985406 0.023571 0.024112
7 0.641429 0.822970 0.001429 0.011421
7 0.644643 0.830584 0.000714 0.011421
4 0.636429 0.829949 0.002857 0.005076
2 0.630714 0.760787 0.034286 0.029188
2 0.619286 0.784264 0.050000 0.048223
2 0.626786 0.802665 0.053571 0.052030
2 0.670000 0.865482 0.041429 0.088832
2 0.693571 0.782995 0.032857 0.060914
2 0.712500 0.822970 0.030714 0.054569
2 0.717857 0.851523 0.025714 0.048223
2 0.734286 0.861041 0.025714 0.049492
2 0.741786 0.888959 0.025000 0.052030
2 0.794286 0.920685 0.040000 0.079949
2 0.716429 0.732868 0.030000 0.069797
3 0.770357 0.660533 0.019286 0.013959
3 0.834643 0.648477 0.016429 0.012690
11 0.862857 0.653553 0.018571 0.027919
11 0.871429 0.649746 0.017143 0.025381
11 0.881786 0.646574 0.016429 0.029188
11 0.900357 0.636421 0.017857 0.026650
11 0.965714 0.604695 0.018571 0.024112
11 0.977143 0.597716 0.018571 0.022843
3 0.987500 0.595178 0.016429 0.022843
3 0.995714 0.590102 0.007143 0.020305
2 0.942857 0.598350 0.041429 0.039340
7 0.850000 0.555203 0.001429 0.008883
7 0.907857 0.550127 0.002857 0.008883
7 0.896429 0.537437 0.001429 0.006345
4 0.911786 0.534898 0.006429 0.011421
4 0.902143 0.534264 0.004286 0.005076
4 0.922500 0.530457 0.009286 0.012690
4 0.937500 0.528553 0.007857 0.013959
4 0.948214 0.526015 0.007857 0.016497
4 0.952143 0.539340 0.004286 0.007614
4 0.958571 0.524112 0.005714 0.015228
4 0.967500 0.520939 0.002143 0.013959
4 0.987857 0.512690 0.014286 0.007614
4 0.975357 0.514594 0.006429 0.006345
2 0.864286 0.479695 0.035714 0.030457
2 0.829286 0.489848 0.035714 0.027919
3 0.967143 0.400381 0.012857 0.008883
3 0.921071 0.421320 0.012143 0.007614
5 0.881071 0.449239 0.005000 0.005076
8 0.881429 0.448604 0.002857 0.006345
11 0.843929 0.407995 0.013571 0.008883
11 0.832857 0.437183 0.012857 0.008883
3 0.838571 0.400381 0.010000 0.008883
0 0.846786 0.375635 0.035000 0.025381
3 0.871429 0.423858 0.011429 0.010152
3 0.849286 0.450508 0.012857 0.007614
3 0.799643 0.442259 0.013571 0.008883
3 0.780357 0.425127 0.015000 0.010152
3 0.777500 0.473985 0.013571 0.011421
2 0.743929 0.341371 0.030714 0.022843
2 0.722500 0.367386 0.032143 0.021574
11 0.710714 0.340736 0.011429 0.011421
3 0.692857 0.395939 0.011429 0.010152
2 0.713929 0.419416 0.022143 0.013959
3 0.730714 0.432741 0.012857 0.007614
3 0.732500 0.447335 0.013571 0.011421
3 0.690357 0.454315 0.013571 0.010152
11 0.667143 0.447335 0.012857 0.011421
3 0.590000 0.424492 0.014286 0.008883
3 0.687143 0.516497 0.014286 0.012690
3 0.625714 0.471447 0.012857 0.011421
3 0.662500 0.526015 0.015000 0.013959
11 0.636786 0.567259 0.012143 0.020305
3 0.692500 0.615482 0.013571 0.020305
2 0.628214 0.501904 0.027857 0.054569
2 0.545000 0.365482 0.018571 0.038071
3 0.543929 0.407995 0.009286 0.011421
2 0.542500 0.459391 0.019286 0.017766
3 0.532500 0.502538 0.015000 0.012690
3 0.517857 0.472081 0.011429 0.010152
3 0.513929 0.439721 0.013571 0.011421
3 0.477500 0.530457 0.013571 0.012690
11 0.479643 0.498731 0.015000 0.012690
11 0.450714 0.491117 0.012857 0.015228
2 0.505714 0.484137 0.022857 0.024112
11 0.434643 0.556472 0.015000 0.019036
10 0.441786 0.689086 0.017857 0.020305
3 0.441429 0.676396 0.015714 0.015228
6 0.435714 0.656726 0.008571 0.021574
11 0.415000 0.674492 0.011429 0.019036
2 0.382857 0.655457 0.042857 0.044416
3 0.381071 0.751269 0.017857 0.015228
3 0.352500 0.743020 0.016429 0.016497
11 0.353571 0.727792 0.015714 0.016497
11 0.351071 0.715102 0.016429 0.013959
11 0.372143 0.643401 0.014286 0.017766
11 0.378571 0.628807 0.014286 0.016497
11 0.360357 0.617386 0.015000 0.019036
11 0.344286 0.655457 0.017143 0.021574
11 0.259286 0.670051 0.017143 0.017766
11 0.337500 0.542513 0.015000 0.016497
11 0.283929 0.595812 0.013571 0.016497
3 0.316071 0.647843 0.016429 0.019036
3 0.211071 0.727792 0.015000 0.024112
4 0.254643 0.395939 0.009286 0.012690
11 0.301071 0.474619 0.013571 0.015228
3 0.278214 0.494924 0.013571 0.012690
3 0.322143 0.454315 0.010000 0.010152
3 0.336071 0.439086 0.009286 0.012690
2 0.352143 0.414340 0.021429 0.034264
2 0.397143 0.375635 0.022857 0.020305
2 0.411071 0.305203 0.022143 0.021574
2 0.413929 0.274746 0.007857 0.024112
2 0.420000 0.251904 0.008571 0.024112
2 0.402143 0.327411 0.008571 0.022843
2 0.409643 0.329949 0.009286 0.020305
2 0.429286 0.342005 0.027143 0.021574
2 0.430357 0.337563 0.026429 0.022843
2 0.432143 0.333756 0.021429 0.025381
2 0.433214 0.329315 0.019286 0.021574
2 0.438929 0.326142 0.013571 0.017766
2 0.435714 0.310914 0.024286 0.020305
2 0.434643 0.305203 0.022143 0.021574
2 0.418571 0.292513 0.005714 0.019036
2 0.433929 0.298858 0.023571 0.021574
2 0.437857 0.295051 0.018571 0.021574
2 0.438571 0.291244 0.022857 0.026650
7 0.377857 0.338198 0.001429 0.003807
4 0.373929 0.361675 0.006429 0.007614
4 0.451071 0.022843 0.007857 0.010152
4 0.448214 0.037437 0.005000 0.006345
4 0.456786 0.039340 0.006429 0.012690
4 0.456429 0.058376 0.005714 0.017766
3 0.495000 0.322970 0.007143 0.008883
3 0.503929 0.322970 0.006429 0.008883
3 0.510000 0.318528 0.005714 0.012690
3 0.531429 0.293147 0.008571 0.007614
3 0.492143 0.289975 0.005714 0.008883
11 0.477500 0.265863 0.006429 0.011421
11 0.468214 0.277919 0.005000 0.010152
3 0.473214 0.287437 0.006429 0.006345
3 0.463571 0.269036 0.005714 0.007614
3 0.458929 0.258883 0.005000 0.005076
2 0.463571 0.229061 0.008571 0.024112
2 0.465357 0.254442 0.006429 0.016497
3 0.454286 0.250000 0.004286 0.007614
3 0.452857 0.244289 0.002857 0.006345
3 0.450714 0.237310 0.002857 0.005076
3 0.448214 0.230964 0.003571 0.007614
2 0.456071 0.232868 0.005000 0.013959
3 0.451786 0.222081 0.003571 0.007614
3 0.445714 0.221447 0.002857 0.006345
4 0.420000 0.205584 0.004286 0.007614
7 0.394643 0.294416 0.000714 0.005076
4 0.486071 0.216371 0.009286 0.008883
2 0.465357 0.144036 0.003571 0.021574
2 0.447857 0.169416 0.004286 0.021574
2 0.448571 0.188452 0.002857 0.011421
2 0.444286 0.210025 0.002857 0.011421
2 0.440357 0.162437 0.006429 0.020305
2 0.429286 0.180838 0.004286 0.013959
2 0.455000 0.168782 0.004286 0.022843
2 0.456429 0.114213 0.002857 0.012690
2 0.456786 0.105330 0.003571 0.012690
4 0.456786 0.077411 0.006429 0.007614
4 0.444286 0.077411 0.001429 0.002538
4 0.463214 0.081218 0.003571 0.005076
4 0.445357 0.092005 0.012143 0.013959
4 0.440714 0.105330 0.004286 0.010152
4 0.446786 0.106599 0.007857 0.012690
4 0.456071 0.090102 0.005000 0.010152
4 0.446786 0.121827 0.006429 0.007614
4 0.462143 0.110406 0.004286 0.005076
4 0.461071 0.119924 0.002143 0.006345
4 0.436429 0.130076 0.001429 0.006345
4 0.442857 0.192259 0.002857 0.013959
4 0.441786 0.176396 0.002143 0.002538
4 0.435000 0.180838 0.002857 0.013959
4 0.433214 0.195431 0.002143 0.007614
2 0.450357 0.209391 0.003571 0.007614
3 0.449643 0.200508 0.002143 0.005076
3 0.458214 0.215102 0.002143 0.006345
3 0.456071 0.192893 0.003571 0.005076
3 0.462143 0.175761 0.002857 0.006345
3 0.462143 0.185914 0.002857 0.006345
3 0.468571 0.198604 0.002857 0.006345
3 0.460000 0.137690 0.001429 0.006345
3 0.454643 0.137056 0.002143 0.005076
3 0.458571 0.147843 0.002857 0.006345
4 0.443214 0.133883 0.006429 0.008883
4 0.437143 0.140863 0.002857 0.010152
4 0.446071 0.142132 0.006429 0.010152
5 0.241786 0.472716 0.005000 0.006345
7 0.181429 0.521574 0.001429 0.005076
