3 0.540000 0.727619 0.040000 0.060952
3 0.548571 0.543333 0.022857 0.029524
3 0.564643 0.515238 0.016429 0.019048
3 0.574643 0.485714 0.023571 0.026667
3 0.523929 0.582381 0.029286 0.039048
3 0.497500 0.623810 0.032143 0.043810
3 0.503571 0.570476 0.025714 0.034286
3 0.461429 0.683810 0.042857 0.051429
3 0.412500 0.759048 0.046429 0.064762
3 0.392500 0.731429 0.050714 0.062857
3 0.436786 0.658571 0.035000 0.040952
3 0.341071 0.806667 0.053571 0.076190
3 0.279286 0.891905 0.070000 0.098095
3 0.364643 0.847143 0.053571 0.080952
11 0.471786 0.612381 0.033571 0.047619
3 0.567143 0.472381 0.017143 0.022857
3 0.279286 0.969524 0.060000 0.059048
1 0.299643 0.685238 0.016429 0.027619
7 0.295000 0.679524 0.011429 0.031429
5 0.277500 0.754762 0.019286 0.027619
8 0.274643 0.747619 0.015000 0.026667
