7 0.331429 0.980330 0.010000 0.034264
7 0.276429 0.846447 0.010000 0.035533
7 0.262857 0.838198 0.010000 0.029188
7 0.398929 0.548858 0.006429 0.031726
7 0.391071 0.543147 0.005000 0.030457
7 0.385714 0.541244 0.005714 0.031726
7 0.405357 0.500635 0.006429 0.029188
7 0.423929 0.468274 0.005000 0.027919
7 0.447143 0.464467 0.005714 0.027919
7 0.477143 0.414975 0.004286 0.020305
7 0.469643 0.406726 0.005000 0.026650
7 0.453929 0.404188 0.005000 0.026650
7 0.458214 0.402284 0.006429 0.027919
7 0.454643 0.395939 0.006429 0.030457
7 0.481429 0.358503 0.005714 0.026650
7 0.476786 0.348985 0.005000 0.025381
7 0.475000 0.336929 0.005714 0.029188
7 0.470357 0.335025 0.005000 0.025381
7 0.503571 0.324239 0.004286 0.016497
7 0.531786 0.275381 0.003571 0.017766
7 0.533214 0.256980 0.003571 0.021574
7 0.551786 0.232868 0.003571 0.013959
7 0.550357 0.220178 0.003571 0.019036
2 0.431429 0.715102 0.058571 0.143401
10 0.476429 0.579949 0.038571 0.086294
2 0.522143 0.531091 0.055714 0.178934
3 0.535000 0.420685 0.025714 0.039340
2 0.567500 0.279822 0.030714 0.100254
2 0.686071 0.317893 0.039286 0.115482
2 0.704286 0.215736 0.027143 0.091371
3 0.642500 0.168782 0.012143 0.022843
3 0.646786 0.121827 0.010714 0.017766
2 0.614286 0.124365 0.021429 0.065990
3 0.711071 0.145939 0.010714 0.022843
10 0.711786 0.120558 0.013571 0.032995
10 0.703929 0.045685 0.009286 0.022843
3 0.654286 0.045051 0.008571 0.013959
3 0.659286 0.031091 0.007143 0.013959
3 0.661071 0.020939 0.007857 0.011421
2 0.662500 0.009518 0.009286 0.019036
2 0.674643 0.009518 0.009286 0.019036
4 0.704643 0.006980 0.037857 0.013959
7 0.869286 0.311548 0.005714 0.019036
7 0.881071 0.310279 0.006429 0.026650
7 0.881071 0.267766 0.005000 0.022843
7 0.838214 0.214467 0.005000 0.022843
