3 0.448250 0.898667 0.062500 0.112000
3 0.511750 0.656667 0.037500 0.062667
3 0.544750 0.533333 0.024500 0.036000
3 0.634000 0.488333 0.020000 0.024667
7 0.672750 0.599000 0.008500 0.024667
7 0.692000 0.598000 0.007000 0.022667
1 0.674000 0.606333 0.006000 0.018000
1 0.692750 0.606000 0.005500 0.022667
11 0.795500 0.418333 0.031000 0.018000
11 0.626250 0.294333 0.008500 0.014000
3 0.622250 0.303000 0.009500 0.010000
10 0.618000 0.311000 0.011000 0.014000
10 0.614000 0.324667 0.013000 0.017333
10 0.609000 0.337667 0.009000 0.015333
11 0.618000 0.343000 0.007000 0.016667
3 0.609750 0.349667 0.010500 0.008667
3 0.598000 0.356667 0.012000 0.022667
10 0.601250 0.377333 0.018500 0.034667
3 0.587750 0.377000 0.006500 0.014000
10 0.583250 0.385667 0.011500 0.024667
3 0.609250 0.393667 0.009500 0.012667
3 0.612000 0.406000 0.012000 0.012000
3 0.638750 0.312000 0.006500 0.010667
3 0.626750 0.312333 0.006500 0.008667
3 0.662000 0.324000 0.014000 0.008000
3 0.678750 0.324667 0.011500 0.010667
2 0.649750 0.304000 0.006500 0.013333
3 0.643250 0.299333 0.006500 0.006667
0 0.690000 0.400000 0.015000 0.012000
6 0.689000 0.389000 0.013000 0.014000
6 0.689000 0.389000 0.013000 0.014000
6 0.621250 0.456667 0.016500 0.025333
4 0.654750 0.269333 0.020500 0.034667
2 0.638500 0.283333 0.009000 0.009333
3 0.633750 0.276333 0.005500 0.004667
3 0.681250 0.300667 0.012500 0.004000
7 0.575500 0.366667 0.005000 0.010667
3 0.054000 0.609000 0.058000 0.031333
3 0.152750 0.562000 0.031500 0.029333
1 0.095750 0.573000 0.020500 0.022000
1 0.117750 0.564667 0.024500 0.028000
3 0.037000 0.762333 0.063000 0.058000
3 0.069750 0.739000 0.062500 0.050000
3 0.106750 0.719333 0.078500 0.056000
3 0.132750 0.694667 0.068500 0.054667
3 0.190250 0.643000 0.061500 0.032667
7 0.113250 0.663333 0.012500 0.017333
3 0.026250 0.668000 0.049500 0.058667
3 0.237750 0.592000 0.058500 0.036000
3 0.257000 0.576667 0.048000 0.029333
3 0.290250 0.556000 0.037500 0.028000
7 0.190000 0.599000 0.014000 0.030000
3 0.304750 0.540333 0.042500 0.027333
3 0.333500 0.513333 0.041000 0.020000
3 0.323750 0.524000 0.037500 0.022667
3 0.347750 0.498000 0.041500 0.022667
3 0.360750 0.487667 0.038500 0.019333
3 0.368000 0.482000 0.035000 0.018667
5 0.258750 0.494333 0.009500 0.014000
5 0.274500 0.494667 0.010000 0.014667
6 0.290750 0.485000 0.016500 0.023333
1 0.280500 0.483667 0.009000 0.010000
1 0.335250 0.443333 0.027500 0.017333
3 0.377500 0.469333 0.031000 0.024000
1 0.364000 0.565333 0.018000 0.013333
