7 0.599426 0.564471 0.017223 0.080705
0 0.360647 0.622449 0.074113 0.165121
7 0.316545 0.627087 0.025574 0.102041
5 0.294885 0.635900 0.018789 0.088126
5 0.196503 0.378015 0.031837 0.049165
7 0.171190 0.363636 0.012526 0.037106
7 0.211639 0.343228 0.012004 0.044527
5 0.233299 0.351577 0.017745 0.038961
3 0.235647 0.270872 0.027662 0.057514
7 0.295668 0.238404 0.006785 0.042672
9 0.318633 0.238404 0.014092 0.031540
0 0.332985 0.233766 0.013570 0.038961
0 0.348382 0.230983 0.015136 0.042672
10 0.547495 0.149814 0.031315 0.043599
7 0.593424 0.201763 0.006263 0.032468
7 0.608038 0.199443 0.004175 0.029685
9 0.656576 0.230056 0.040710 0.044527
10 0.637787 0.196197 0.016701 0.045455
9 0.861952 0.294063 0.039144 0.037106
9 0.902923 0.295455 0.038622 0.036178
9 0.856733 0.255566 0.038100 0.032468
5 0.908664 0.236085 0.012526 0.032468
5 0.464770 0.140074 0.005741 0.014842
9 0.572025 0.194805 0.020877 0.033395
5 0.289405 0.243506 0.016180 0.034323
8 0.342119 0.326994 0.010960 0.039889
8 0.197808 0.372449 0.019833 0.049165
5 0.342119 0.342764 0.021399 0.036178
5 0.382829 0.235158 0.012004 0.023191
1 0.275052 0.288033 0.007307 0.025046
4 0.280793 0.269017 0.037578 0.037106
5 0.598643 0.573748 0.020877 0.078850
8 0.464509 0.135900 0.004175 0.015770
