5 0.673250 0.943667 0.012500 0.048667
5 0.700000 0.947000 0.014000 0.044667
5 0.612750 0.966667 0.015500 0.034667
9 0.594250 0.893667 0.046500 0.026000
1 0.599500 0.878333 0.030000 0.014000
1 0.604500 0.847000 0.029000 0.012667
1 0.602750 0.836333 0.027500 0.011333
1 0.601000 0.825333 0.028000 0.017333
1 0.603750 0.815667 0.024500 0.012667
1 0.601500 0.805000 0.026000 0.015333
1 0.601250 0.791667 0.027500 0.012667
1 0.601500 0.782000 0.027000 0.012000
1 0.598750 0.772000 0.027500 0.014667
1 0.602250 0.733000 0.027500 0.012667
1 0.601750 0.723000 0.027500 0.014000
1 0.584750 0.675000 0.011500 0.035333
5 0.608750 0.755333 0.024500 0.012000
5 0.614750 0.744667 0.026500 0.014667
5 0.629500 0.695000 0.010000 0.036667
5 0.609750 0.709000 0.025500 0.015333
5 0.611000 0.697000 0.022000 0.019333
5 0.601250 0.691667 0.024500 0.022000
5 0.610750 0.647333 0.025500 0.022667
5 0.615750 0.636000 0.021500 0.017333
9 0.698000 0.659000 0.014000 0.046000
5 0.594250 0.621667 0.021500 0.014000
5 0.606500 0.604667 0.025000 0.026667
9 0.631750 0.590333 0.015500 0.050000
7 0.635500 0.623667 0.011000 0.022000
7 0.671250 0.621667 0.010500 0.020667
7 0.684250 0.500667 0.010500 0.021333
7 0.639750 0.474667 0.009500 0.024000
7 0.619000 0.484000 0.007000 0.018667
7 0.652500 0.448333 0.011000 0.022000
1 0.664750 0.490000 0.008500 0.025333
8 0.666250 0.481667 0.006500 0.023333
5 0.635250 0.468333 0.014500 0.022000
11 0.593250 0.466333 0.049500 0.048667
3 0.721500 0.467667 0.062000 0.034000
3 0.793000 0.474667 0.064000 0.034667
3 0.869250 0.478667 0.051500 0.032000
7 0.791250 0.449667 0.014500 0.020667
7 0.808000 0.449667 0.014000 0.020667
7 0.805750 0.440667 0.010500 0.022667
7 0.806250 0.430333 0.011500 0.020667
7 0.792500 0.431333 0.009000 0.021333
7 0.802250 0.423667 0.010500 0.020667
3 0.858250 0.388667 0.048500 0.030667
11 0.925250 0.388333 0.044500 0.034000
3 0.768750 0.366333 0.030500 0.051333
3 0.701500 0.351000 0.038000 0.039333
3 0.651750 0.374333 0.054500 0.031333
10 0.791500 0.248333 0.063000 0.038000
3 0.776000 0.233333 0.045000 0.024000
3 0.767750 0.125667 0.038500 0.026000
3 0.767250 0.112667 0.043500 0.021333
3 0.763500 0.100000 0.037000 0.020000
10 0.680500 0.119000 0.050000 0.040667
3 0.674250 0.093667 0.043500 0.028667
3 0.680750 0.081333 0.040500 0.024000
3 0.738500 0.044000 0.026000 0.024000
11 0.804750 0.046000 0.038500 0.026667
3 0.817500 0.041667 0.033000 0.020667
3 0.827000 0.033000 0.035000 0.022000
11 0.988250 0.113667 0.022500 0.030000
5 0.966750 0.109667 0.010500 0.016667
3 0.982500 0.055000 0.033000 0.020667
8 0.968000 0.104667 0.008000 0.017333
8 0.939750 0.093333 0.008500 0.013333
8 0.936000 0.087000 0.007000 0.011333
5 0.933000 0.042000 0.006000 0.010667
8 0.934000 0.037333 0.005000 0.012000
0 0.584500 0.374667 0.033000 0.036000
3 0.518500 0.370000 0.053000 0.032000
3 0.430500 0.456667 0.056000 0.036000
3 0.451750 0.367333 0.051500 0.034667
11 0.370750 0.451000 0.050500 0.036667
3 0.380250 0.363000 0.053500 0.032667
3 0.304500 0.451333 0.059000 0.034667
3 0.180250 0.447333 0.056500 0.033333
3 0.193750 0.362333 0.051500 0.030000
3 0.135500 0.360667 0.053000 0.029333
7 0.156000 0.375000 0.011000 0.020667
3 0.022250 0.440000 0.044500 0.034667
3 0.065000 0.359000 0.052000 0.030000
3 0.017000 0.358667 0.034000 0.029333
3 0.325000 0.297667 0.027000 0.039333
3 0.278500 0.236000 0.043000 0.026667
3 0.286250 0.211333 0.042500 0.028000
3 0.385500 0.222333 0.045000 0.024667
7 0.320750 0.228667 0.006500 0.020000
7 0.323750 0.223000 0.007500 0.019333
3 0.357750 0.197667 0.023500 0.034000
3 0.360250 0.128000 0.022500 0.032000
5 0.321500 0.117667 0.011000 0.015333
3 0.344500 0.100667 0.035000 0.024000
3 0.358500 0.078000 0.036000 0.020000
10 0.395750 0.088667 0.028500 0.045333
9 0.415000 0.109000 0.013000 0.024667
3 0.366250 0.066000 0.032500 0.020000
3 0.373250 0.056000 0.031500 0.021333
3 0.381750 0.047333 0.030500 0.018667
3 0.391250 0.038000 0.031500 0.020000
5 0.449750 0.198000 0.007500 0.021333
1 0.455750 0.200000 0.004500 0.017333
5 0.379000 0.190667 0.007000 0.016000
5 0.391000 0.191333 0.009000 0.021333
1 0.397500 0.193000 0.005000 0.016667
5 0.403250 0.191000 0.004500 0.018000
5 0.407500 0.193667 0.005000 0.016667
5 0.388500 0.166333 0.010000 0.019333
5 0.395500 0.165667 0.006000 0.019333
1 0.402000 0.167000 0.007000 0.018000
1 0.407000 0.169333 0.004000 0.018667
1 0.410750 0.170667 0.004500 0.016000
1 0.418250 0.169000 0.005500 0.019333
1 0.425500 0.171000 0.005000 0.019333
1 0.431000 0.170000 0.005000 0.018667
1 0.434500 0.170000 0.005000 0.017333
1 0.438750 0.171000 0.005500 0.018000
1 0.443750 0.170000 0.005500 0.017333
5 0.447000 0.170000 0.009000 0.018667
9 0.423250 0.124000 0.008500 0.017333
4 0.233500 0.041000 0.051000 0.059333
1 0.164500 0.515333 0.022000 0.013333
1 0.155000 0.533667 0.024000 0.016667
1 0.140250 0.569000 0.024500 0.014000
1 0.136250 0.583667 0.021500 0.012667
1 0.112500 0.645333 0.027000 0.016000
5 0.104250 0.673667 0.024500 0.022000
5 0.138500 0.599667 0.031000 0.014000
5 0.737750 0.917000 0.031500 0.026000
