3 0.013571 0.112857 0.027143 0.039048
7 0.050000 0.122857 0.007143 0.007619
7 0.045714 0.140000 0.008571 0.009524
5 0.079643 0.167619 0.012143 0.005714
5 0.083571 0.290952 0.012857 0.010476
3 0.062143 0.246190 0.034286 0.020000
3 0.147857 0.242381 0.027143 0.018095
3 0.053929 0.349524 0.033571 0.017143
7 0.077500 0.397143 0.006429 0.003810
7 0.063929 0.388571 0.006429 0.003810
4 0.071071 0.390476 0.007857 0.003810
3 0.129643 0.435238 0.032143 0.020952
11 0.048929 0.421905 0.035000 0.019048
11 0.047500 0.459524 0.030714 0.018095
11 0.123214 0.485238 0.032143 0.018095
3 0.041786 0.508571 0.033571 0.019048
3 0.444286 0.019048 0.028571 0.020952
3 0.436071 0.132381 0.029286 0.019048
3 0.432857 0.170952 0.031429 0.018095
3 0.510714 0.145238 0.030000 0.020000
11 0.436429 0.106190 0.030000 0.023810
10 0.560000 0.100952 0.041429 0.030476
7 0.485714 0.233333 0.004286 0.005714
10 0.500000 0.287143 0.041429 0.027619
5 0.359286 0.265714 0.007143 0.015238
7 0.365000 0.260476 0.005714 0.006667
11 0.415357 0.304762 0.025000 0.019048
11 0.414286 0.327619 0.025714 0.017143
11 0.489286 0.407619 0.035714 0.019048
11 0.403929 0.441429 0.030714 0.018095
11 0.486786 0.429524 0.027857 0.017143
11 0.483929 0.453810 0.032143 0.020000
11 0.400714 0.505238 0.031429 0.018095
3 0.412857 0.349524 0.030000 0.019048
3 0.410714 0.371905 0.031429 0.020000
3 0.409643 0.397143 0.030714 0.019048
3 0.406429 0.419048 0.024286 0.017143
3 0.496786 0.336667 0.030714 0.020000
3 0.479643 0.492381 0.030714 0.019048
10 0.400357 0.480476 0.026429 0.016190
3 0.743571 0.034762 0.014286 0.040952
5 0.835714 0.200000 0.004286 0.017143
8 0.836071 0.198571 0.005000 0.006667
7 0.822857 0.426667 0.005714 0.005714
3 0.770714 0.464762 0.015714 0.040000
3 0.689643 0.314286 0.015000 0.041905
11 0.739286 0.350476 0.015714 0.036190
11 0.703571 0.545238 0.015714 0.037143
3 0.651429 0.729524 0.012857 0.040000
3 0.684643 0.775238 0.015000 0.041905
3 0.644643 0.790476 0.013571 0.040000
3 0.777143 0.872381 0.014286 0.040000
3 0.640714 0.878571 0.012857 0.039048
11 0.632500 0.936667 0.012143 0.037143
0 0.628214 0.979524 0.009286 0.037143
3 0.670000 0.984762 0.012857 0.026667
10 0.736071 0.989524 0.016429 0.017143
0 0.410357 0.964762 0.009286 0.032381
7 0.521429 0.972857 0.002857 0.006667
7 0.518571 0.966190 0.002857 0.006667
7 0.515000 0.944762 0.004286 0.007619
7 0.512857 0.935238 0.002857 0.007619
10 0.442143 0.936667 0.042857 0.029524
10 0.543929 0.870476 0.016429 0.062857
10 0.502500 0.840476 0.017857 0.056190
10 0.452857 0.837619 0.040000 0.029524
10 0.399643 0.839524 0.003571 0.008571
6 0.342143 0.962857 0.014286 0.019048
11 0.356786 0.905238 0.026429 0.018095
11 0.545357 0.795238 0.019286 0.045714
11 0.375714 0.799524 0.022857 0.016190
11 0.380357 0.729524 0.033571 0.020952
11 0.462500 0.716190 0.027857 0.017143
11 0.383571 0.683333 0.028571 0.018095
3 0.456786 0.784762 0.027857 0.017143
11 0.478571 0.515238 0.031429 0.019048
11 0.477857 0.561905 0.031429 0.017143
11 0.472857 0.588095 0.025714 0.018095
3 0.468929 0.630952 0.032143 0.020000
3 0.465000 0.693333 0.028571 0.017143
3 0.520714 0.544286 0.028571 0.020000
3 0.392143 0.645238 0.034286 0.021905
11 0.392500 0.597619 0.030714 0.016190
11 0.520357 0.592381 0.030714 0.019048
1 0.522857 0.422857 0.002857 0.013333
7 0.557143 0.381905 0.004286 0.005714
7 0.338571 0.612381 0.004286 0.005714
