10 0.058571 0.640952 0.071429 0.116190
10 0.130357 0.627619 0.086429 0.064762
10 0.227143 0.639524 0.081429 0.069524
10 0.662857 0.645238 0.028571 0.077143
10 0.587143 0.431429 0.028571 0.045714
3 0.638929 0.831429 0.025000 0.057143
3 0.650357 0.706190 0.022143 0.039048
3 0.703929 0.687619 0.017857 0.034286
3 0.657143 0.564762 0.017143 0.028571
3 0.748571 0.630476 0.015714 0.026667
3 0.753929 0.294286 0.005000 0.005714
3 0.728214 0.314286 0.006429 0.007619
3 0.726429 0.442381 0.011429 0.014286
3 0.766786 0.282857 0.006429 0.007619
3 0.804286 0.348095 0.007143 0.008571
3 0.823929 0.349048 0.006429 0.008571
10 0.755714 0.271905 0.005714 0.014286
10 0.757857 0.259524 0.007143 0.014286
10 0.762857 0.249048 0.011429 0.012381
