3 0.076786 0.273477 0.046429 0.082487
3 0.154643 0.137690 0.052143 0.052030
2 0.117143 0.584391 0.048571 0.151015
2 0.638214 0.324239 0.139286 0.112944
2 0.651071 0.265228 0.145000 0.124365
2 0.641786 0.076777 0.053571 0.153553
7 0.642500 0.184645 0.006429 0.021574
7 0.653571 0.187183 0.007143 0.021574
10 0.040714 0.357234 0.075714 0.077411
10 0.507500 0.034264 0.093571 0.068528
3 0.796429 0.040609 0.052857 0.058376
10 0.958214 0.121827 0.082143 0.086294
3 0.786071 0.593909 0.055000 0.055838
10 0.852857 0.633249 0.057143 0.055838
10 0.925000 0.672589 0.054286 0.053299
7 0.877500 0.799492 0.013571 0.012690
7 0.879643 0.814086 0.009286 0.011421
7 0.907500 0.812183 0.009286 0.010152
7 0.903214 0.822335 0.013571 0.012690
