10 0.196071 0.259518 0.026429 0.044416
10 0.257857 0.019036 0.017143 0.017766
10 0.335714 0.922589 0.035714 0.091371
6 0.362500 0.834391 0.025000 0.069797
11 0.363929 0.987944 0.010714 0.019036
3 0.375714 0.968274 0.015714 0.048223
11 0.385000 0.929569 0.018571 0.049492
5 0.396429 0.896574 0.011429 0.021574
5 0.399643 0.883883 0.007857 0.024112
2 0.438214 0.976523 0.022143 0.041878
11 0.477857 0.958122 0.011429 0.043147
11 0.515714 0.901015 0.011429 0.053299
11 0.482143 0.876904 0.011429 0.045685
3 0.416786 0.820431 0.020714 0.021574
3 0.421786 0.797589 0.022143 0.021574
3 0.436071 0.732868 0.016429 0.019036
3 0.435714 0.710025 0.022857 0.019036
3 0.439643 0.668782 0.023571 0.020305
11 0.443571 0.648477 0.021429 0.020305
11 0.446071 0.630076 0.019286 0.019036
11 0.424643 0.772208 0.022143 0.021574
6 0.397143 0.668782 0.011429 0.030457
6 0.409286 0.627538 0.011429 0.026650
3 0.471071 0.727157 0.010714 0.040609
3 0.488929 0.709391 0.010714 0.030457
11 0.493929 0.649746 0.010714 0.035533
3 0.483214 0.604695 0.009286 0.034264
11 0.500357 0.556472 0.007857 0.034264
3 0.490000 0.513959 0.008571 0.030457
10 0.456786 0.547589 0.016429 0.059645
10 0.430714 0.515228 0.024286 0.081218
10 0.442857 0.534898 0.024286 0.069797
10 0.456071 0.472081 0.016429 0.058376
3 0.465714 0.442259 0.012857 0.031726
3 0.468929 0.414340 0.007857 0.029188
11 0.373929 0.276015 0.013571 0.021574
11 0.626071 0.093274 0.013571 0.026650
10 0.547143 0.163706 0.034286 0.030457
6 0.522857 0.178934 0.008571 0.015228
10 0.560357 0.197335 0.026429 0.031726
3 0.521786 0.258249 0.007857 0.024112
3 0.506786 0.286168 0.007857 0.021574
3 0.501429 0.359772 0.010000 0.024112
11 0.511429 0.413071 0.008571 0.029188
11 0.496071 0.442893 0.009286 0.027919
11 0.537500 0.482234 0.007857 0.035533
11 0.527500 0.670685 0.009286 0.044416
2 0.727143 0.968274 0.024286 0.058376
7 0.702500 0.565990 0.002143 0.010152
7 0.707143 0.561548 0.001429 0.008883
7 0.710714 0.561548 0.002857 0.008883
11 0.673214 0.491751 0.009286 0.039340
7 0.699286 0.352157 0.001429 0.008883
7 0.688929 0.327411 0.002143 0.012690
7 0.696429 0.328680 0.002857 0.010152
7 0.691786 0.325508 0.002143 0.006345
7 0.693929 0.322335 0.003571 0.010152
7 0.690714 0.293782 0.001429 0.008883
7 0.692143 0.294416 0.002857 0.007614
3 0.709286 0.182107 0.017143 0.019036
3 0.675357 0.279188 0.007857 0.027919
