10 0.137500 0.723333 0.176429 0.079048
3 0.683214 0.502857 0.043571 0.032381
3 0.651429 0.422857 0.028571 0.040000
3 0.608571 0.438571 0.020000 0.031429
3 0.466429 0.400952 0.015714 0.034286
5 0.383929 0.486667 0.007857 0.022857
9 0.399643 0.292381 0.012143 0.026667
7 0.527857 0.361429 0.005714 0.018095
3 0.457500 0.160000 0.010714 0.015238
10 0.443571 0.076190 0.010000 0.022857
10 0.440357 0.031429 0.012143 0.036190
3 0.442500 0.054286 0.007857 0.011429
3 0.453214 0.042381 0.005000 0.014286
3 0.451786 0.025238 0.006429 0.010476
3 0.490357 0.024762 0.015000 0.011429
3 0.497143 0.051905 0.012857 0.008571
1 0.462857 0.119524 0.004286 0.012381
