3 0.669286 0.680476 0.082857 0.046667
3 0.893571 0.785238 0.108571 0.111429
3 0.724643 0.556667 0.067857 0.044762
3 0.486429 0.775238 0.077143 0.097143
3 0.375357 0.813810 0.082143 0.103810
3 0.363571 0.658571 0.078571 0.077143
3 0.882143 0.583810 0.075714 0.060952
3 0.864286 0.533810 0.065714 0.052381
3 0.963571 0.583810 0.071429 0.062857
3 0.277857 0.938571 0.104286 0.120952
3 0.197857 0.934762 0.101429 0.128571
11 0.318929 0.790476 0.102143 0.127619
3 0.497143 0.396667 0.052857 0.037143
3 0.421071 0.370000 0.045000 0.035238
3 0.392500 0.390476 0.046429 0.040000
3 0.350000 0.396667 0.041429 0.039048
3 0.313571 0.369048 0.041429 0.035238
3 0.347500 0.360000 0.042143 0.034286
3 0.351429 0.331905 0.041429 0.035238
10 0.303214 0.328095 0.050714 0.040952
3 0.262143 0.309524 0.035714 0.032381
3 0.242500 0.272857 0.036429 0.029524
3 0.228571 0.286667 0.032857 0.030476
3 0.196429 0.243810 0.030000 0.026667
3 0.690357 0.382381 0.049286 0.029524
3 0.761786 0.332381 0.035000 0.030476
3 0.741786 0.308571 0.027857 0.032381
3 0.770000 0.269048 0.028571 0.033333
3 0.723571 0.288095 0.024286 0.031429
3 0.742857 0.260952 0.024286 0.028571
3 0.761786 0.237619 0.023571 0.025714
11 0.693929 0.281429 0.025000 0.035238
10 0.722500 0.246667 0.035000 0.051429
3 0.672500 0.272857 0.029286 0.027619
3 0.690357 0.250000 0.023571 0.029524
3 0.710357 0.232381 0.020714 0.030476
3 0.848214 0.204286 0.020714 0.020000
3 0.808929 0.183333 0.020714 0.020000
3 0.874643 0.095238 0.012143 0.017143
8 0.601429 0.920476 0.017143 0.021905
8 0.560357 0.877143 0.013571 0.020952
8 0.591071 0.818095 0.015000 0.028571
8 0.548214 0.786190 0.010714 0.027619
8 0.551786 0.834762 0.016429 0.021905
8 0.490714 0.894762 0.018571 0.025714
8 0.493214 0.849524 0.012143 0.020952
8 0.515357 0.920476 0.016429 0.027619
8 0.721786 0.854762 0.015000 0.025714
7 0.458929 0.701429 0.010714 0.029524
5 0.514286 0.921429 0.020000 0.039048
5 0.485714 0.904286 0.025714 0.039048
5 0.560714 0.881905 0.024286 0.030476
5 0.603214 0.933333 0.017857 0.036190
5 0.493214 0.853333 0.019286 0.038095
5 0.550357 0.838095 0.019286 0.032381
8 0.526786 0.833810 0.015000 0.021905
5 0.522857 0.837619 0.020000 0.035238
5 0.588929 0.818095 0.020714 0.043810
5 0.548214 0.787619 0.029286 0.024762
7 0.622500 0.906190 0.012143 0.027619
5 0.718929 0.855238 0.026429 0.017143
8 0.380714 0.518095 0.005714 0.017143
8 0.372500 0.495238 0.005000 0.013333
8 0.369286 0.492381 0.005714 0.015238
5 0.383214 0.524286 0.015000 0.018095
5 0.373214 0.500952 0.016429 0.017143
4 0.392857 0.480952 0.022857 0.024762
4 0.404643 0.503810 0.015000 0.015238
8 0.351071 0.486190 0.007857 0.010476
5 0.353214 0.495714 0.009286 0.018095
4 0.335357 0.493810 0.016429 0.021905
4 0.278214 0.438095 0.035000 0.038095
4 0.317857 0.446667 0.030000 0.045714
8 0.587500 0.488571 0.009286 0.020952
8 0.721786 0.500000 0.009286 0.017143
5 0.586071 0.492381 0.023571 0.019048
5 0.718214 0.509048 0.007857 0.018095
7 0.798214 0.439524 0.009286 0.023810
8 0.683571 0.420952 0.007143 0.017143
5 0.681786 0.425238 0.019286 0.012381
8 0.736786 0.414286 0.007857 0.017143
8 0.637143 0.311905 0.005714 0.021905
7 0.586429 0.280476 0.002857 0.016190
7 0.588571 0.280000 0.004286 0.019048
8 0.595000 0.342857 0.005714 0.015238
8 0.585357 0.341905 0.006429 0.015238
8 0.640357 0.277619 0.006429 0.012381
8 0.648214 0.291905 0.005000 0.012381
5 0.636071 0.316667 0.006429 0.014286
5 0.639643 0.288095 0.009286 0.010476
5 0.646786 0.299048 0.006429 0.013333
4 0.621786 0.295238 0.016429 0.034286
5 0.582143 0.346667 0.005714 0.007619
5 0.593214 0.349524 0.005000 0.011429
5 0.735000 0.420952 0.021429 0.013333
8 0.769643 0.366667 0.007857 0.013333
8 0.800714 0.343333 0.007143 0.016190
8 0.819286 0.312857 0.005714 0.012381
5 0.799286 0.349524 0.007143 0.007619
5 0.768929 0.373333 0.010714 0.009524
5 0.815357 0.320000 0.006429 0.009524
4 0.841071 0.296190 0.006429 0.017143
7 0.863929 0.293810 0.007857 0.020000
4 0.881071 0.248571 0.006429 0.015238
4 0.936429 0.454762 0.021429 0.023810
3 0.017143 0.138095 0.021429 0.013333
3 0.042143 0.148571 0.021429 0.013333
