7 0.427500 0.706218 0.010714 0.024112
7 0.476786 0.652919 0.007857 0.029188
7 0.215000 0.670685 0.010000 0.026650
7 0.181071 0.693528 0.013571 0.034264
7 0.169643 0.697970 0.012143 0.027919
7 0.203571 0.581218 0.011429 0.030457
7 0.180000 0.558376 0.012857 0.032995
7 0.187500 0.549492 0.013571 0.027919
7 0.278571 0.614848 0.012857 0.029188
7 0.523571 0.757614 0.007143 0.030457
7 0.575000 0.723350 0.011429 0.030457
7 0.578571 0.760787 0.010000 0.029188
7 0.585714 0.688452 0.012857 0.026650
7 0.672857 0.636421 0.011429 0.026650
7 0.812500 0.628807 0.013571 0.024112
7 0.860357 0.626269 0.012143 0.031726
7 0.932857 0.585025 0.017143 0.025381
3 0.024643 0.633249 0.039286 0.119289
3 0.043571 0.870558 0.048571 0.147208
3 0.069643 0.690355 0.042143 0.119289
11 0.074286 0.368020 0.038571 0.101523
7 0.132143 0.682107 0.014286 0.026650
7 0.152143 0.670051 0.014286 0.027919
7 0.526429 0.740482 0.010000 0.024112
7 0.585000 0.720812 0.008571 0.025381
7 0.398214 0.767766 0.010714 0.027919
7 0.590357 0.743655 0.009286 0.027919
7 0.611429 0.697970 0.008571 0.020305
7 0.656071 0.677030 0.010714 0.021574
7 0.663214 0.690990 0.009286 0.024112
7 0.866786 0.630711 0.015000 0.030457
7 0.968214 0.561548 0.019286 0.031726
7 0.977143 0.562817 0.011429 0.024112
