8 0.472599 0.905844 0.015136 0.036178
3 0.475209 0.901670 0.053758 0.063080
7 0.457463 0.810297 0.009916 0.041744
1 0.469468 0.828386 0.019311 0.031540
1 0.483820 0.783395 0.013570 0.028757
5 0.495303 0.854360 0.022965 0.029685
5 0.479384 0.864100 0.025574 0.028757
3 0.541754 0.882189 0.035491 0.092764
0 0.604384 0.840445 0.019833 0.072356
0 0.585334 0.740724 0.014092 0.052876
0 0.548278 0.737941 0.020355 0.060297
0 0.490344 0.740260 0.037056 0.051948
5 0.494259 0.692950 0.022965 0.024119
3 0.510438 0.669759 0.048017 0.042672
3 0.515136 0.622913 0.043841 0.041744
0 0.584029 0.530148 0.022965 0.034323
0 0.561848 0.485622 0.022443 0.034323
5 0.545407 0.466605 0.014614 0.018553
5 0.537578 0.451763 0.013570 0.018553
5 0.548017 0.447588 0.015658 0.013915
8 0.530010 0.426252 0.005741 0.017625
8 0.606472 0.401206 0.005219 0.017625
8 0.608820 0.462430 0.005741 0.019481
8 0.595251 0.462430 0.005741 0.015770
8 0.588727 0.483766 0.005219 0.017625
8 0.615084 0.555659 0.006785 0.018553
5 0.614823 0.561224 0.006263 0.024119
5 0.608820 0.466605 0.005741 0.022263
9 0.589248 0.487941 0.008351 0.025974
9 0.593946 0.465677 0.007307 0.022263
3 0.692328 0.554267 0.049582 0.036178
5 0.698330 0.579314 0.016701 0.021336
5 0.705115 0.574212 0.015658 0.018553
7 0.727296 0.566790 0.004697 0.025974
7 0.735908 0.564471 0.005219 0.028757
5 0.731211 0.621058 0.019833 0.025046
5 0.756002 0.750000 0.020355 0.025046
5 0.739040 0.788961 0.022965 0.030612
5 0.774530 0.806122 0.019833 0.025974
3 0.748173 0.835807 0.070459 0.059369
8 0.697547 0.809369 0.007829 0.028757
8 0.705898 0.812616 0.010960 0.031540
8 0.705898 0.809833 0.006785 0.022263
1 0.695981 0.812152 0.008873 0.026902
1 0.704332 0.818646 0.008873 0.036178
3 0.763831 0.891929 0.079854 0.065863
5 0.801409 0.948980 0.027662 0.033395
5 0.798017 0.966605 0.030271 0.035250
7 0.703549 0.440631 0.005219 0.022263
7 0.588466 0.359926 0.005741 0.016698
8 0.597077 0.338126 0.003132 0.012059
8 0.626566 0.341373 0.003653 0.012987
7 0.641180 0.351577 0.003653 0.018553
5 0.597077 0.342301 0.004175 0.012987
5 0.627088 0.344620 0.003653 0.013915
5 0.641441 0.353896 0.008351 0.010204
8 0.629175 0.304731 0.003653 0.008349
5 0.629175 0.307978 0.004697 0.011132
0 0.628392 0.255566 0.006263 0.012059
0 0.627871 0.252319 0.007307 0.012987
7 0.545407 0.338126 0.004175 0.015770
7 0.543580 0.332560 0.002610 0.013915
3 0.551670 0.294063 0.021921 0.016698
11 0.563935 0.251855 0.014092 0.019481
3 0.585334 0.253247 0.008873 0.016698
3 0.591858 0.208256 0.007307 0.012059
8 0.617954 0.243970 0.002088 0.007421
8 0.617954 0.232839 0.003132 0.009276
8 0.621608 0.232839 0.002088 0.009276
8 0.606733 0.225881 0.002610 0.008349
8 0.618215 0.213358 0.001566 0.005566
8 0.614301 0.208720 0.002088 0.007421
8 0.613518 0.196197 0.001566 0.008349
8 0.611169 0.210575 0.002088 0.005566
7 0.624478 0.233766 0.001566 0.009276
7 0.625522 0.234230 0.001566 0.010204
5 0.617954 0.246289 0.002088 0.006494
5 0.617693 0.233766 0.003653 0.009276
5 0.621868 0.234230 0.002610 0.008349
5 0.606733 0.226809 0.003653 0.008349
5 0.611169 0.212430 0.002088 0.007421
5 0.618215 0.215213 0.002610 0.007421
5 0.613257 0.197588 0.002088 0.007421
9 0.614562 0.209184 0.002610 0.006494
0 0.612996 0.223098 0.004697 0.012059
0 0.624217 0.219852 0.005219 0.011132
3 0.621868 0.198516 0.005741 0.009276
0 0.598382 0.194805 0.003653 0.009276
0 0.617693 0.179963 0.004697 0.009276
0 0.617693 0.174861 0.004697 0.010204
3 0.618215 0.160946 0.005741 0.008349
3 0.616649 0.154917 0.004697 0.009276
3 0.614301 0.149351 0.003132 0.005566
3 0.614301 0.142857 0.003132 0.005566
3 0.602557 0.133581 0.004697 0.007421
8 0.613518 0.181354 0.001566 0.004638
8 0.611169 0.155380 0.001044 0.004638
8 0.604123 0.161410 0.001566 0.005566
8 0.601514 0.158627 0.000522 0.003711
8 0.597860 0.158163 0.001566 0.004638
5 0.612996 0.183673 0.001566 0.005566
5 0.611169 0.156772 0.002088 0.003711
5 0.604123 0.162338 0.001566 0.005566
5 0.601514 0.159555 0.001566 0.003711
5 0.597860 0.159091 0.001566 0.004638
0 0.596294 0.165121 0.002610 0.007421
0 0.594990 0.171614 0.003132 0.005566
4 0.602296 0.114100 0.016701 0.027829
4 0.595772 0.141466 0.010960 0.019481
4 0.612735 0.137755 0.006263 0.006494
8 0.612474 0.170686 0.001566 0.003711
9 0.613257 0.172078 0.002088 0.004638
