7 0.887143 0.936190 0.052857 0.057143
7 0.921786 0.889524 0.047857 0.053333
7 0.528571 0.611429 0.042857 0.055238
7 0.369286 0.513333 0.044286 0.059048
7 0.275000 0.540000 0.032857 0.057143
7 0.305357 0.474762 0.036429 0.065714
7 0.214286 0.553810 0.031429 0.042857
7 0.221786 0.437143 0.042143 0.051429
7 0.159643 0.538571 0.037857 0.039048
7 0.176786 0.410000 0.030714 0.040952
7 0.123929 0.500000 0.030714 0.051429
7 0.076071 0.443333 0.029286 0.054286
7 0.011786 0.464762 0.023571 0.028571
7 0.015357 0.437619 0.026429 0.035238
