3 0.064643 0.927030 0.032143 0.074873
3 0.397500 0.716371 0.039286 0.059645
3 0.449643 0.777284 0.035000 0.057107
3 0.527143 0.897843 0.038571 0.062183
3 0.377500 0.654822 0.026429 0.045685
3 0.397500 0.637690 0.026429 0.041878
3 0.456429 0.720812 0.031429 0.040609
11 0.377857 0.283629 0.021429 0.021574
3 0.730357 0.441624 0.025000 0.022843
3 0.763214 0.427030 0.023571 0.024112
3 0.726786 0.291878 0.017857 0.020305
3 0.760000 0.314086 0.018571 0.021574
3 0.683929 0.281726 0.020714 0.017766
3 0.693929 0.265228 0.020714 0.017766
3 0.632500 0.276015 0.019286 0.019036
3 0.635357 0.212563 0.009286 0.016497
3 0.779643 0.207487 0.015000 0.019036
3 0.795357 0.199239 0.016429 0.015228
3 0.816429 0.193528 0.020000 0.019036
3 0.854286 0.187817 0.020000 0.012690
3 0.810000 0.227157 0.012857 0.017766
3 0.691429 0.226523 0.020000 0.019036
3 0.742143 0.220178 0.020000 0.013959
3 0.806071 0.332487 0.027857 0.025381
3 0.345000 0.237310 0.021429 0.020305
3 0.281786 0.259518 0.022143 0.019036
3 0.207143 0.286168 0.024286 0.026650
3 0.049643 0.337563 0.029286 0.020305
3 0.075357 0.314721 0.026429 0.020305
3 0.292857 0.725888 0.030000 0.048223
3 0.310357 0.832487 0.043571 0.053299
3 0.383571 0.778553 0.040000 0.052030
10 0.352143 0.823604 0.050000 0.083756
3 0.372143 0.855330 0.040000 0.050761
3 0.395357 0.875635 0.039286 0.055838
3 0.426429 0.919416 0.035714 0.057107
3 0.440000 0.968274 0.045714 0.058376
3 0.271071 0.968909 0.049286 0.057107
11 0.426786 0.626269 0.025000 0.049492
11 0.462143 0.588832 0.025714 0.043147
3 0.483929 0.569162 0.026429 0.034264
3 0.488929 0.545685 0.026429 0.032995
3 0.511429 0.548223 0.025714 0.038071
11 0.522857 0.530457 0.022857 0.038071
11 0.539643 0.517132 0.026429 0.039340
3 0.554286 0.516497 0.025714 0.032995
3 0.566071 0.504442 0.025000 0.039340
3 0.579643 0.493020 0.029286 0.036802
11 0.594643 0.484137 0.023571 0.036802
11 0.611071 0.476523 0.022143 0.039340
3 0.623929 0.467005 0.023571 0.032995
11 0.658929 0.433376 0.025000 0.034264
3 0.671429 0.429569 0.024286 0.031726
3 0.680714 0.420051 0.024286 0.040609
3 0.692143 0.414975 0.025714 0.032995
3 0.716786 0.391497 0.025000 0.026650
3 0.728571 0.386421 0.022857 0.031726
3 0.738929 0.379442 0.019286 0.032995
3 0.748571 0.352157 0.021429 0.021574
3 0.740357 0.341371 0.023571 0.025381
3 0.684643 0.302030 0.022143 0.017766
3 0.652143 0.289975 0.021429 0.019036
3 0.554643 0.222716 0.019286 0.021574
3 0.500357 0.234772 0.020714 0.012690
3 0.178929 0.309010 0.023571 0.019036
3 0.250000 0.272208 0.025714 0.016497
3 0.317143 0.245558 0.018571 0.019036
3 0.336071 0.276650 0.025000 0.017766
10 0.288929 0.284898 0.032143 0.026650
10 0.313929 0.229695 0.027857 0.038071
3 0.151429 0.306472 0.025714 0.021574
3 0.141429 0.300761 0.022857 0.022843
3 0.255357 0.259518 0.017857 0.019036
11 0.376786 0.223350 0.019286 0.020305
10 0.421786 0.198604 0.022143 0.019036
0 0.438214 0.178299 0.009286 0.013959
3 0.196429 0.282995 0.020000 0.022843
3 0.409643 0.272843 0.022143 0.017766
3 0.471786 0.243655 0.019286 0.020305
10 0.573214 0.172589 0.020714 0.020305
10 0.662143 0.145305 0.020000 0.026650
3 0.676429 0.252538 0.018571 0.015228
3 0.667500 0.230330 0.020714 0.013959
3 0.666429 0.246827 0.017143 0.019036
3 0.716786 0.223985 0.019286 0.013959
3 0.817500 0.323604 0.017857 0.022843
3 0.827143 0.319797 0.022857 0.022843
3 0.832857 0.314721 0.024286 0.022843
3 0.848214 0.302665 0.017857 0.021574
11 0.841071 0.305838 0.022143 0.025381
11 0.855000 0.295051 0.018571 0.026650
3 0.863214 0.289975 0.019286 0.024112
3 0.867143 0.285533 0.017143 0.022843
3 0.730357 0.479695 0.025000 0.032995
11 0.723214 0.492386 0.026429 0.030457
11 0.700714 0.463198 0.024286 0.038071
3 0.787143 0.236041 0.017143 0.020305
3 0.809286 0.248096 0.020000 0.024112
7 0.781429 0.389594 0.004286 0.015228
7 0.777857 0.385152 0.004286 0.016497
7 0.826071 0.368655 0.003571 0.019036
3 0.841429 0.370558 0.018571 0.020305
3 0.851429 0.360406 0.022857 0.020305
3 0.862857 0.354061 0.018571 0.020305
3 0.865000 0.345178 0.017143 0.025381
11 0.825714 0.592640 0.040000 0.045685
5 0.924643 0.642132 0.015000 0.020305
1 0.807500 0.519036 0.007857 0.017766
3 0.475000 0.701777 0.028571 0.045685
3 0.495000 0.688452 0.025714 0.036802
0 0.481071 0.822335 0.030714 0.065990
8 0.574643 0.958756 0.009286 0.024112
5 0.612500 0.987944 0.015000 0.019036
7 0.250357 0.723985 0.006429 0.021574
7 0.256429 0.714467 0.007143 0.025381
7 0.233571 0.717005 0.008571 0.022843
7 0.237857 0.710025 0.008571 0.029188
7 0.240714 0.991117 0.008571 0.012690
7 0.148571 0.562183 0.007143 0.022843
7 0.153929 0.554569 0.005000 0.017766
7 0.164643 0.520939 0.005000 0.019036
7 0.202500 0.361675 0.005000 0.012690
7 0.182857 0.383883 0.005714 0.016497
7 0.242500 0.345812 0.003571 0.013959
7 0.136071 0.417513 0.003571 0.017766
7 0.131786 0.411168 0.003571 0.017766
7 0.132143 0.392766 0.004286 0.016497
7 0.125714 0.398477 0.005714 0.020305
7 0.102143 0.295051 0.004286 0.016497
7 0.097500 0.293147 0.003571 0.017766
7 0.090000 0.298223 0.004286 0.012690
3 0.070357 0.273477 0.026429 0.021574
7 0.022143 0.264594 0.002857 0.013959
7 0.018929 0.264594 0.005000 0.013959
7 0.013214 0.265228 0.003571 0.012690
7 0.014643 0.252538 0.005000 0.012690
7 0.010357 0.253173 0.003571 0.013959
7 0.434286 0.276650 0.004286 0.015228
7 0.426071 0.277284 0.003571 0.016497
8 0.426429 0.284898 0.004286 0.011421
8 0.430714 0.284264 0.004286 0.010152
3 0.884286 0.032995 0.012857 0.015228
