3 0.566786 0.662381 0.033571 0.056190
3 0.546071 0.608571 0.026429 0.038095
3 0.275357 0.903810 0.105000 0.087619
2 0.498214 0.500952 0.035000 0.062857
11 0.524643 0.563810 0.027857 0.047619
3 0.514643 0.543333 0.025000 0.031429
3 0.481786 0.422381 0.010714 0.012381
3 0.470714 0.400952 0.010000 0.011429
3 0.458214 0.378571 0.007857 0.008571
3 0.449643 0.363810 0.006429 0.009524
3 0.328929 0.658095 0.052143 0.053333
3 0.372857 0.594762 0.025714 0.031429
3 0.263571 0.689048 0.055714 0.058095
3 0.170000 0.732857 0.052857 0.035238
11 0.838214 0.657619 0.052143 0.067619
3 0.481429 0.461905 0.015714 0.020952
11 0.330000 0.525714 0.025714 0.024762
3 0.342857 0.512381 0.025714 0.026667
7 0.373929 0.740000 0.010714 0.032381
7 0.355000 0.840000 0.012857 0.030476
7 0.312500 0.835714 0.012143 0.035238
7 0.320357 0.734286 0.010714 0.030476
7 0.378214 0.735714 0.012143 0.031429
8 0.313929 0.811429 0.015000 0.024762
5 0.317500 0.819524 0.026429 0.027619
7 0.282857 0.976190 0.014286 0.041905
7 0.305357 0.975714 0.015000 0.040952
8 0.421071 0.631429 0.009286 0.019048
1 0.421071 0.638571 0.009286 0.025714
3 0.263929 0.590476 0.020714 0.036190
3 0.288214 0.586667 0.027857 0.036190
3 0.311786 0.579048 0.025000 0.038095
4 0.357143 0.463810 0.015714 0.064762
4 0.365000 0.394762 0.010000 0.060000
3 0.983571 0.732381 0.031429 0.043810
1 0.775357 0.744762 0.025000 0.022857
7 0.778571 0.742857 0.010000 0.034286
