10 0.254286 0.583810 0.085714 0.186667
3 0.222500 0.460000 0.060714 0.139048
3 0.401786 0.532857 0.050714 0.145714
11 0.416429 0.367619 0.054286 0.139048
3 0.347143 0.235238 0.051429 0.140952
5 0.245000 0.167619 0.024286 0.057143
7 0.336429 0.507143 0.017143 0.023810
7 0.314643 0.557619 0.017857 0.025714
7 0.314643 0.491429 0.019286 0.024762
3 0.388571 0.725238 0.058571 0.160952
8 0.269286 0.950000 0.027143 0.029524
5 0.268214 0.946190 0.022143 0.079048
7 0.169643 0.438095 0.027857 0.020952
7 0.866071 0.643810 0.026429 0.024762
7 0.882857 0.529524 0.025714 0.026667
8 0.878214 0.492857 0.029286 0.025714
7 0.860000 0.513810 0.025714 0.021905
7 0.830000 0.477143 0.022857 0.032381
8 0.632143 0.523333 0.017143 0.025714
1 0.632143 0.528095 0.012857 0.054286
3 0.644643 0.243810 0.052143 0.123810
8 0.469643 0.478571 0.017857 0.037143
5 0.468571 0.480476 0.014286 0.056190
3 0.434286 0.041429 0.041429 0.082857
