3 0.163883 0.232375 0.024008 0.019481
3 0.275052 0.882189 0.058455 0.055659
5 0.133351 0.931354 0.015136 0.040816
3 0.150574 0.981911 0.015136 0.032468
3 0.300626 0.649351 0.042797 0.035250
3 0.312630 0.580705 0.038622 0.029685
3 0.320981 0.524119 0.036534 0.027829
3 0.561326 0.760668 0.027662 0.068646
5 0.604906 0.815399 0.021921 0.024119
5 0.603601 0.799165 0.019311 0.023191
1 0.546973 0.561224 0.014614 0.016698
3 0.531315 0.496289 0.017745 0.038961
3 0.572286 0.034323 0.010960 0.009276
3 0.340553 0.169295 0.014092 0.012059
3 0.646660 0.032931 0.012526 0.008349
10 0.610386 0.059833 0.014092 0.023191
3 0.635699 0.063544 0.009395 0.008349
2 0.663883 0.067254 0.018789 0.028757
2 0.649008 0.054731 0.018267 0.024119
4 0.681367 0.059369 0.006785 0.012987
2 0.673539 0.027829 0.028706 0.018553
9 0.578288 0.024119 0.009395 0.009276
3 0.570459 0.016234 0.006263 0.008349
3 0.566023 0.011132 0.006785 0.009276
3 0.573591 0.009740 0.006263 0.008349
3 0.570981 0.002319 0.005219 0.004638
0 0.766701 0.268553 0.011482 0.019481
3 0.710595 0.261596 0.026618 0.016698
3 0.705637 0.254638 0.022965 0.017625
11 0.686848 0.228664 0.019833 0.019481
3 0.674061 0.214286 0.022443 0.014842
3 0.668580 0.207792 0.022965 0.016698
11 0.662056 0.199907 0.018267 0.017625
3 0.663622 0.190167 0.020355 0.012987
11 0.657620 0.181354 0.017745 0.015770
3 0.651357 0.176716 0.015658 0.015770
3 0.648225 0.169295 0.015658 0.012059
3 0.612996 0.120594 0.014092 0.011132
11 0.603340 0.111781 0.014614 0.012059
3 0.591336 0.092301 0.013570 0.008349
3 0.551148 0.034787 0.012526 0.006494
4 0.616127 0.016234 0.001566 0.008349
8 0.819937 0.170223 0.002088 0.008349
5 0.818894 0.173933 0.004175 0.008349
7 0.753392 0.282931 0.002610 0.012987
7 0.518267 0.940167 0.006263 0.036178
3 0.525052 0.729592 0.026096 0.032468
3 0.537578 0.420686 0.018789 0.032468
11 0.573069 0.307514 0.022965 0.021336
11 0.354384 0.365492 0.012526 0.024119
5 0.212422 0.617347 0.007307 0.023191
5 0.217119 0.587199 0.004175 0.020408
5 0.223643 0.581169 0.005741 0.021336
5 0.175887 0.866883 0.021921 0.021336
9 0.158925 0.856679 0.016180 0.049165
