10 0.271786 0.565714 0.097857 0.080000
10 0.327143 0.524286 0.115714 0.071429
10 0.288929 0.894762 0.200714 0.176190
3 0.462143 0.565714 0.082857 0.066667
3 0.403571 0.744762 0.114286 0.083810
3 0.185357 0.443333 0.070714 0.050476
3 0.101071 0.369048 0.065000 0.042857
3 0.272143 0.467143 0.070000 0.050476
3 0.531786 0.455238 0.072143 0.041905
3 0.544643 0.491905 0.076429 0.046667
3 0.515714 0.541429 0.090000 0.060000
3 0.377143 0.489524 0.081429 0.055238
3 0.188214 0.410000 0.069286 0.042857
3 0.126429 0.349048 0.051429 0.035238
3 0.088929 0.418571 0.079286 0.048571
3 0.030714 0.392381 0.061429 0.045714
3 0.049643 0.442381 0.079286 0.054286
3 0.323571 0.409048 0.055714 0.039048
5 0.198571 0.367143 0.030000 0.025714
5 0.628929 0.451905 0.020714 0.035238
5 0.342857 0.385238 0.014286 0.025714
7 0.525357 0.407143 0.013571 0.031429
7 0.746071 0.465714 0.010714 0.028571
7 0.673214 0.375238 0.010714 0.028571
7 0.872857 0.493333 0.018571 0.038095
7 0.774286 0.448095 0.012857 0.029524
7 0.784643 0.823333 0.023571 0.056190
8 0.722857 0.700476 0.018571 0.042857
1 0.721071 0.701905 0.045000 0.024762
3 0.035714 0.883810 0.071429 0.100952
3 0.806429 0.457143 0.031429 0.057143
3 0.928571 0.550952 0.044286 0.075238
3 0.878214 0.349524 0.027857 0.045714
3 0.836071 0.330952 0.023571 0.042857
3 0.867500 0.227143 0.022143 0.031429
3 0.919643 0.184286 0.015000 0.020000
3 0.854286 0.115238 0.008571 0.013333
3 0.735714 0.321429 0.027143 0.035238
3 0.733571 0.301905 0.021429 0.030476
3 0.742143 0.268095 0.022857 0.027619
7 0.360357 0.371429 0.006429 0.036190
7 0.295000 0.357619 0.010000 0.033333
7 0.754643 0.422857 0.009286 0.028571
7 0.684286 0.356190 0.008571 0.022857
7 0.696071 0.350476 0.006429 0.024762
7 0.704643 0.276667 0.005000 0.020000
7 0.710714 0.277143 0.005714 0.019048
7 0.710357 0.266667 0.005000 0.020952
7 0.736071 0.206667 0.005000 0.015238
7 0.723929 0.192381 0.005000 0.015238
7 0.752500 0.142857 0.002143 0.009524
7 0.750357 0.132857 0.003571 0.014286
7 0.748214 0.161905 0.003571 0.013333
3 0.760000 0.155714 0.014286 0.014286
3 0.762857 0.145238 0.010000 0.012381
3 0.764286 0.140000 0.010000 0.013333
3 0.760000 0.133810 0.010000 0.012381
3 0.763929 0.126667 0.009286 0.013333
3 0.765357 0.118571 0.009286 0.012381
3 0.781786 0.120476 0.009286 0.012381
3 0.744643 0.114286 0.009286 0.015238
4 0.806429 0.110952 0.014286 0.054286
7 0.887500 0.127619 0.005000 0.011429
7 0.870357 0.098571 0.003571 0.010476
7 0.880357 0.119048 0.003571 0.009524
3 0.918214 0.118571 0.015000 0.020000
3 0.989286 0.187619 0.020000 0.017143
4 0.811429 0.043810 0.037143 0.026667
3 0.047143 0.687619 0.094286 0.099048
1 0.036071 0.325714 0.019286 0.015238
1 0.259286 0.388095 0.025714 0.029524
3 0.392500 0.809524 0.117857 0.106667
1 0.724643 0.356667 0.019286 0.021905
8 0.533929 0.765714 0.019286 0.040000
9 0.556429 0.786190 0.090000 0.050476
9 0.735000 0.383810 0.037143 0.030476
7 0.713571 0.227143 0.004286 0.020000
7 0.982143 0.948571 0.021429 0.066667
7 0.571786 0.962857 0.029286 0.066667
