7 0.399643 0.640952 0.027857 0.060952
7 0.262143 0.627619 0.027143 0.064762
7 0.193214 0.623810 0.026429 0.066667
7 0.069286 0.591429 0.025714 0.060952
7 0.143571 0.698095 0.040000 0.062857
7 0.157143 0.684286 0.031429 0.063810
7 0.178214 0.448571 0.016429 0.049524
7 0.125000 0.366667 0.015714 0.034286
7 0.066071 0.519524 0.019286 0.052381
7 0.072143 0.507143 0.022857 0.044762
3 0.114643 0.521905 0.087857 0.080000
8 0.097500 0.454286 0.016429 0.024762
7 0.290000 0.590000 0.018571 0.061905
8 0.311786 0.586667 0.020714 0.047619
1 0.309286 0.606667 0.020000 0.049524
1 0.390000 0.547619 0.020000 0.034286
1 0.342143 0.521905 0.031429 0.026667
1 0.270000 0.546667 0.044286 0.032381
8 0.388929 0.533810 0.020714 0.048571
8 0.270000 0.534286 0.020000 0.041905
8 0.341786 0.508095 0.022143 0.042857
7 0.337857 0.486190 0.018571 0.046667
7 0.309286 0.475238 0.010000 0.040000
7 0.300714 0.470000 0.015714 0.042857
3 0.211071 0.429048 0.082143 0.046667
3 0.199286 0.406190 0.087143 0.042857
3 0.183214 0.384286 0.079286 0.040952
3 0.172857 0.368095 0.071429 0.039048
3 0.121071 0.333333 0.060714 0.036190
7 0.075000 0.330000 0.011429 0.027619
3 0.106786 0.308571 0.062143 0.030476
3 0.103571 0.297619 0.057143 0.023810
3 0.084286 0.297619 0.048571 0.025714
3 0.084643 0.291905 0.042143 0.025714
4 0.075000 0.265238 0.031429 0.027619
3 0.161786 0.308095 0.030714 0.031429
3 0.145000 0.295238 0.028571 0.028571
3 0.124643 0.283810 0.025000 0.026667
3 0.110357 0.269524 0.020714 0.022857
3 0.156071 0.273333 0.025000 0.022857
3 0.133929 0.261429 0.025000 0.023810
3 0.138571 0.250000 0.020000 0.021905
3 0.163929 0.261429 0.026429 0.023810
3 0.182857 0.269524 0.028571 0.020952
3 0.187143 0.287619 0.025714 0.020952
3 0.212143 0.284286 0.025714 0.023810
3 0.210357 0.302857 0.029286 0.028571
3 0.237857 0.298095 0.024286 0.026667
3 0.230000 0.320476 0.035714 0.025714
3 0.240357 0.342857 0.052143 0.032381
3 0.253929 0.311429 0.033571 0.034286
3 0.277143 0.322381 0.035714 0.031429
3 0.287143 0.358571 0.047143 0.048571
11 0.312143 0.343810 0.044286 0.041905
3 0.331429 0.388571 0.052857 0.049524
3 0.360714 0.372857 0.050000 0.039048
3 0.366429 0.347143 0.045714 0.035238
3 0.422500 0.373333 0.053571 0.038095
7 0.464286 0.358571 0.007143 0.031429
7 0.421429 0.346190 0.047143 0.029524
7 0.391429 0.330000 0.040000 0.027619
7 0.365000 0.312381 0.032857 0.030476
2 0.311429 0.303333 0.090000 0.071429
7 0.568571 0.404762 0.010000 0.034286
7 0.553929 0.375238 0.013571 0.034286
7 0.566071 0.339524 0.007857 0.027619
7 0.569286 0.317143 0.007143 0.026667
7 0.664643 0.368095 0.007857 0.033333
7 0.510000 0.319524 0.007143 0.025714
8 0.519643 0.326667 0.006429 0.013333
7 0.507500 0.320476 0.006429 0.021905
7 0.476429 0.321429 0.008571 0.027619
3 0.508929 0.348095 0.060714 0.029524
11 0.448214 0.316190 0.049286 0.030476
3 0.413571 0.312381 0.044286 0.026667
3 0.401071 0.304762 0.043571 0.024762
3 0.387500 0.300476 0.049286 0.021905
7 0.411786 0.285714 0.005000 0.019048
7 0.405000 0.285238 0.005714 0.021905
7 0.432143 0.294286 0.005714 0.020952
10 0.350000 0.279524 0.038571 0.023810
3 0.335000 0.275238 0.041429 0.022857
3 0.313214 0.270476 0.036429 0.020952
3 0.302857 0.263333 0.034286 0.021905
3 0.292143 0.260476 0.035714 0.021905
3 0.270357 0.251905 0.040714 0.020000
3 0.266071 0.269048 0.027857 0.018095
3 0.246071 0.261429 0.023571 0.020000
3 0.223214 0.253810 0.025000 0.020000
3 0.203571 0.246667 0.027143 0.020952
3 0.181786 0.242381 0.026429 0.016190
11 0.163214 0.235714 0.026429 0.020000
7 0.152500 0.240476 0.005000 0.010476
5 0.152857 0.245714 0.008571 0.009524
3 0.243214 0.246190 0.027857 0.016190
3 0.228929 0.242857 0.030714 0.017143
3 0.205357 0.234762 0.036429 0.020000
3 0.139286 0.229524 0.020000 0.020952
7 0.706786 0.370952 0.012143 0.031429
7 0.728571 0.427619 0.007143 0.040000
7 0.735000 0.428095 0.005714 0.025714
7 0.745714 0.412381 0.010000 0.036190
7 0.762143 0.423333 0.014286 0.039048
7 0.788571 0.445238 0.012857 0.040952
7 0.791429 0.422381 0.010000 0.039048
7 0.777500 0.401429 0.013571 0.033333
7 0.783571 0.392857 0.010000 0.031429
8 0.755357 0.482381 0.016429 0.040952
5 0.755357 0.493333 0.039286 0.036190
11 0.945000 0.389524 0.048571 0.051429
7 0.867143 0.309524 0.007143 0.024762
7 0.931429 0.288571 0.007143 0.022857
7 0.834286 0.317143 0.008571 0.020952
7 0.827500 0.321905 0.009286 0.024762
7 0.802857 0.336667 0.007143 0.027619
7 0.794643 0.336190 0.005000 0.024762
3 0.606071 0.375238 0.055000 0.041905
3 0.623214 0.356190 0.056429 0.047619
3 0.655357 0.350000 0.043571 0.040952
3 0.683214 0.345238 0.052143 0.039048
3 0.702500 0.337143 0.050714 0.036190
3 0.723214 0.332857 0.046429 0.035238
3 0.741786 0.328571 0.043571 0.034286
3 0.760357 0.321905 0.050714 0.036190
3 0.782857 0.316667 0.037143 0.029524
3 0.792500 0.311905 0.036429 0.029524
3 0.806429 0.307619 0.038571 0.028571
3 0.821786 0.309524 0.047857 0.036190
3 0.832500 0.298095 0.046429 0.030476
3 0.876429 0.285714 0.045714 0.028571
3 0.894286 0.281905 0.042857 0.028571
11 0.903214 0.274762 0.036429 0.031429
3 0.913571 0.275238 0.034286 0.028571
3 0.923929 0.270000 0.043571 0.025714
11 0.943929 0.269048 0.032143 0.031429
3 0.971429 0.260476 0.030000 0.025714
3 0.981071 0.258095 0.027857 0.024762
3 0.986786 0.255238 0.025000 0.024762
7 0.986071 0.278571 0.006429 0.023810
7 0.979643 0.292381 0.005000 0.017143
7 0.971429 0.292857 0.010000 0.023810
8 0.914286 0.323333 0.010000 0.027619
7 0.882500 0.326190 0.007857 0.029524
1 0.882143 0.342381 0.017143 0.016190
