11 0.949643 0.909048 0.052143 0.052381
3 0.922500 0.979048 0.057857 0.040000
3 0.751786 0.946190 0.070714 0.039048
3 0.971071 0.672381 0.025000 0.013333
3 0.910357 0.650952 0.015000 0.008571
3 0.892500 0.646190 0.016429 0.008571
3 0.868929 0.649524 0.019286 0.011429
3 0.868214 0.635238 0.015000 0.009524
3 0.847500 0.630000 0.016429 0.006667
3 0.804286 0.634286 0.017143 0.011429
3 0.799286 0.619524 0.015714 0.008571
3 0.364286 0.662857 0.012857 0.013333
3 0.334286 0.681905 0.012857 0.013333
7 0.351071 0.593810 0.002143 0.006667
7 0.347857 0.592857 0.001429 0.006667
7 0.340000 0.595714 0.001429 0.006667
7 0.337143 0.597143 0.001429 0.007619
7 0.326786 0.584762 0.000714 0.005714
11 0.366429 0.573810 0.011429 0.004762
3 0.360714 0.574762 0.008571 0.004762
3 0.376429 0.594286 0.012857 0.007619
3 0.375714 0.588095 0.010000 0.004762
3 0.349286 0.558095 0.008571 0.003810
3 0.340714 0.564762 0.008571 0.003810
10 0.334286 0.573333 0.011429 0.005714
10 0.330357 0.572381 0.016429 0.007619
3 0.301071 0.583333 0.005000 0.004762
3 0.289643 0.573333 0.005000 0.005714
3 0.290000 0.562857 0.002857 0.003810
11 0.275714 0.573333 0.004286 0.005714
3 0.227500 0.534286 0.002143 0.001905
3 0.223929 0.551905 0.002143 0.002857
3 0.225000 0.555238 0.002857 0.001905
3 0.230357 0.560000 0.002143 0.003810
3 0.231786 0.557143 0.002143 0.003810
3 0.243214 0.552381 0.002143 0.001905
10 0.241071 0.546190 0.002143 0.004762
7 0.228571 0.574762 0.001429 0.004762
3 0.243571 0.550476 0.001429 0.003810
3 0.246429 0.547619 0.001429 0.001905
3 0.247857 0.554286 0.002857 0.003810
11 0.243571 0.559524 0.002857 0.002857
3 0.243214 0.562857 0.002143 0.003810
3 0.248571 0.564286 0.002857 0.004762
3 0.241786 0.570000 0.003571 0.004762
3 0.251429 0.572381 0.002857 0.003810
3 0.255000 0.580476 0.004286 0.004762
3 0.241429 0.580476 0.004286 0.004762
3 0.232857 0.580476 0.004286 0.004762
3 0.223929 0.585714 0.005000 0.005714
3 0.221429 0.597143 0.005714 0.007619
3 0.233214 0.593333 0.005000 0.005714
3 0.245714 0.592857 0.005714 0.006667
3 0.257857 0.593810 0.005714 0.006667
3 0.235357 0.604762 0.006429 0.007619
3 0.228571 0.614286 0.007143 0.009524
3 0.246071 0.616667 0.006429 0.008571
3 0.250714 0.610476 0.005714 0.005714
3 0.251786 0.629524 0.007857 0.011429
3 0.264286 0.622857 0.007143 0.009524
3 0.270000 0.648571 0.008571 0.011429
3 0.211786 0.659048 0.009286 0.011429
3 0.246786 0.673810 0.009286 0.014286
3 0.206786 0.683333 0.012143 0.016190
3 0.189643 0.660000 0.010714 0.011429
7 0.148929 0.676190 0.003571 0.013333
3 0.218929 0.711905 0.013571 0.018095
3 0.218929 0.730000 0.013571 0.021905
3 0.218571 0.756190 0.015714 0.026667
3 0.246429 0.742857 0.014286 0.022857
3 0.269643 0.727143 0.015000 0.021905
3 0.293214 0.730952 0.013571 0.020000
3 0.215000 0.789048 0.018571 0.029524
3 0.246786 0.784286 0.016429 0.025714
3 0.216071 0.825714 0.020714 0.036190
3 0.246786 0.820000 0.017857 0.032381
3 0.248929 0.859524 0.023571 0.046667
3 0.168929 0.875714 0.026429 0.042857
3 0.210000 0.870476 0.024286 0.045714
3 0.207143 0.921905 0.027143 0.059048
3 0.252857 0.920000 0.027143 0.055238
3 0.258214 0.976667 0.032143 0.044762
3 0.207500 0.983333 0.033571 0.031429
7 0.551071 0.750476 0.007857 0.022857
3 0.340714 0.915714 0.030000 0.061905
3 0.356071 0.979048 0.037857 0.040000
