3 0.177714 0.272263 0.020355 0.013915
3 0.205376 0.255102 0.015136 0.018553
3 0.301670 0.665584 0.025052 0.052876
3 0.328810 0.582096 0.019833 0.039889
3 0.357516 0.503247 0.017745 0.032468
11 0.509656 0.944805 0.026618 0.106679
5 0.556628 0.981447 0.008873 0.033395
3 0.599165 0.959647 0.031315 0.076994
3 0.672234 0.960111 0.033403 0.076067
3 0.706420 0.959184 0.033925 0.077922
9 0.616127 0.839518 0.023486 0.042672
5 0.544885 0.857607 0.010438 0.038033
3 0.528967 0.739332 0.045407 0.044527
3 0.532881 0.702690 0.038622 0.043599
3 0.528967 0.674861 0.039144 0.034323
4 0.519311 0.093228 0.022965 0.026902
3 0.760960 0.474026 0.031315 0.024119
3 0.771138 0.593228 0.036013 0.026902
3 0.787056 0.628479 0.043841 0.030612
3 0.817328 0.717532 0.049061 0.036178
3 0.804019 0.683673 0.043319 0.035250
11 0.868998 0.849258 0.053236 0.049165
11 0.894050 0.955473 0.066806 0.055659
3 0.789666 0.969852 0.038622 0.056586
