7 0.222500 0.643810 0.007857 0.019048
7 0.242857 0.491905 0.004286 0.014286
3 0.252857 0.421905 0.015714 0.019048
3 0.266429 0.422857 0.015714 0.017143
10 0.284643 0.410476 0.026429 0.032381
3 0.378929 0.309524 0.017857 0.013333
3 0.430714 0.511429 0.015714 0.026667
3 0.506786 0.374762 0.010714 0.014286
3 0.418214 0.403333 0.022143 0.014286
3 0.422143 0.392381 0.022857 0.015238
4 0.276071 0.306667 0.029286 0.032381
3 0.594286 0.259524 0.015714 0.008571
3 0.517857 0.222381 0.007143 0.008571
3 0.519286 0.213333 0.004286 0.007619
3 0.521786 0.204286 0.005000 0.010476
10 0.523571 0.239524 0.008571 0.020000
10 0.653571 0.185238 0.030000 0.014286
10 0.695357 0.170476 0.006429 0.009524
10 0.706429 0.172857 0.007143 0.008571
3 0.630000 0.187143 0.010000 0.006667
3 0.615000 0.192381 0.005714 0.007619
7 0.468571 0.393333 0.002857 0.013333
7 0.437857 0.400952 0.002857 0.013333
5 0.492500 0.390476 0.006429 0.013333
7 0.524286 0.360476 0.004286 0.010476
5 0.436071 0.470000 0.006429 0.016190
