3 0.310000 0.795000 0.105000 0.118000
3 0.224750 0.713667 0.063500 0.112667
3 0.165750 0.618333 0.099500 0.088667
3 0.121000 0.543333 0.066000 0.072000
11 0.095000 0.423333 0.090000 0.061333
7 0.019250 0.484333 0.021500 0.044667
3 0.259000 0.332667 0.052000 0.037333
3 0.243750 0.318000 0.044500 0.033333
3 0.218750 0.305000 0.055500 0.034000
3 0.454250 0.348333 0.054500 0.040667
3 0.507250 0.373667 0.047500 0.039333
3 0.554000 0.390667 0.032000 0.044000
1 0.420500 0.319000 0.013000 0.022000
5 0.400500 0.310667 0.008000 0.021333
5 0.346000 0.291333 0.015000 0.017333
