3 0.368476 0.577922 0.046973 0.038961
3 0.450418 0.623377 0.053236 0.042672
3 0.506002 0.605288 0.048539 0.041744
3 0.603862 0.628942 0.060543 0.046382
3 0.711378 0.681818 0.066806 0.055659
3 0.733038 0.656772 0.066284 0.048237
9 0.761221 0.379406 0.009916 0.014842
10 0.543058 0.353896 0.021399 0.019481
11 0.975992 0.551484 0.025052 0.049165
9 0.943372 0.540353 0.022443 0.036178
7 0.936065 0.543135 0.003653 0.030612
7 0.938935 0.539425 0.005219 0.032468
11 0.938413 0.374768 0.020877 0.014842
10 0.889614 0.397495 0.046451 0.025046
5 0.993737 0.558442 0.008351 0.022263
5 0.969207 0.509740 0.008351 0.017625
8 0.994520 0.549629 0.006785 0.023191
8 0.968685 0.502783 0.006263 0.022263
