3 0.565750 0.899000 0.124500 0.079333
3 0.571500 0.749000 0.083000 0.048667
3 0.573750 0.710000 0.073500 0.045333
3 0.565500 0.676000 0.062000 0.033333
3 0.564750 0.645333 0.046500 0.026667
3 0.568500 0.627000 0.045000 0.019333
3 0.571750 0.603000 0.016500 0.019333
3 0.895250 0.952667 0.190500 0.093333
3 0.820000 0.827000 0.123000 0.078000
3 0.792500 0.794333 0.102000 0.047333
3 0.720500 0.696667 0.074000 0.033333
3 0.709750 0.684667 0.062500 0.030667
3 0.688500 0.654000 0.049000 0.025333
3 0.668500 0.627333 0.048000 0.030667
3 0.645250 0.594667 0.032500 0.017333
10 0.276750 0.621000 0.091500 0.063333
3 0.382750 0.580333 0.013500 0.010000
3 0.378000 0.567000 0.022000 0.011333
3 0.394250 0.561333 0.016500 0.010667
5 0.757750 0.665333 0.019500 0.017333
3 0.641000 0.587333 0.031000 0.013333
3 0.631250 0.580000 0.024500 0.009333
3 0.630250 0.574667 0.022500 0.010667
3 0.627750 0.569667 0.022500 0.011333
3 0.625000 0.566333 0.025000 0.010000
3 0.567250 0.567667 0.017500 0.011333
3 0.610750 0.555000 0.016500 0.006000
4 0.571500 0.535667 0.082000 0.031333
3 0.456000 0.526667 0.009000 0.004000
3 0.471000 0.524333 0.006000 0.004667
3 0.478000 0.524667 0.006000 0.005333
3 0.525500 0.525000 0.008000 0.004667
3 0.632250 0.552333 0.011500 0.008667
