10 0.164405 0.689239 0.164927 0.153989
3 0.479123 0.510204 0.039666 0.042672
3 0.405532 0.871985 0.055324 0.090909
3 0.736169 0.615492 0.023486 0.051020
3 0.790188 0.623840 0.022965 0.052876
3 0.858820 0.792672 0.053758 0.071429
3 0.870042 0.760668 0.055324 0.070501
3 0.953027 0.445269 0.028184 0.031540
3 0.973121 0.426716 0.024530 0.037106
3 0.959029 0.311224 0.036013 0.026902
3 0.976253 0.307978 0.027662 0.027829
3 0.978079 0.292208 0.032359 0.025974
3 0.988779 0.285714 0.020355 0.020408
3 0.992171 0.271336 0.013570 0.019481
4 0.621868 0.396568 0.016180 0.013915
10 0.457985 0.203154 0.037056 0.044527
10 0.473904 0.197588 0.028184 0.038961
