5 0.053929 0.930952 0.030714 0.014286
3 0.139286 0.939048 0.075714 0.059048
3 0.150357 0.880476 0.069286 0.054286
11 0.156786 0.833333 0.057857 0.049524
10 0.357143 0.988095 0.070000 0.021905
10 0.370000 0.945714 0.077143 0.062857
3 0.343929 0.880476 0.065000 0.048571
3 0.343571 0.828095 0.058571 0.050476
10 0.345357 0.784762 0.057857 0.040000
5 0.485714 0.831905 0.012857 0.042857
8 0.485714 0.833810 0.008571 0.020000
2 0.550357 0.940476 0.060714 0.117143
3 0.595357 0.900952 0.043571 0.097143
3 0.700714 0.984762 0.061429 0.028571
10 0.570714 0.720952 0.050000 0.093333
3 0.488929 0.614762 0.027857 0.056190
11 0.433214 0.416667 0.017857 0.033333
10 0.173929 0.677619 0.077857 0.058095
3 0.206071 0.588095 0.052143 0.039048
3 0.123571 0.579048 0.048571 0.034286
9 0.403571 0.215238 0.012857 0.022857
8 0.404286 0.215238 0.004286 0.015238
7 0.132857 0.604762 0.011429 0.017143
7 0.136071 0.592381 0.007857 0.017143
7 0.141071 0.582857 0.010714 0.022857
3 0.138214 0.487143 0.025000 0.048571
3 0.167857 0.475238 0.024286 0.047619
11 0.218929 0.388571 0.040714 0.030476
3 0.218571 0.373333 0.035714 0.024762
6 0.336429 0.423810 0.054286 0.074286
11 0.337143 0.227619 0.034286 0.022857
3 0.306071 0.234286 0.025000 0.024762
10 0.326429 0.178571 0.038571 0.031429
10 0.243929 0.259048 0.017857 0.040000
7 0.243214 0.289048 0.005000 0.018095
7 0.246071 0.288095 0.005000 0.018095
7 0.848929 0.508095 0.007857 0.020000
3 0.153929 0.010952 0.010714 0.012381
3 0.122857 0.094762 0.014286 0.016190
3 0.163929 0.093333 0.012143 0.015238
3 0.168214 0.078571 0.010714 0.014286
3 0.171071 0.060476 0.010714 0.018095
3 0.176786 0.043333 0.009286 0.014286
3 0.146071 0.030476 0.007857 0.013333
7 0.151786 0.057619 0.003571 0.010476
7 0.157143 0.056667 0.005714 0.010476
7 0.151786 0.021429 0.005000 0.012381
7 0.145357 0.022857 0.003571 0.011429
10 0.791071 0.210000 0.030714 0.031429
3 0.814286 0.209048 0.021429 0.020000
10 0.826429 0.205238 0.018571 0.018095
3 0.839643 0.201905 0.022143 0.020952
3 0.729286 0.320476 0.031429 0.021905
3 0.719286 0.304762 0.030000 0.020952
5 0.370000 0.063810 0.005714 0.011429
5 0.344643 0.044286 0.003571 0.010476
8 0.344286 0.042857 0.001429 0.007619
8 0.369643 0.061429 0.002143 0.006667
3 0.565714 0.145238 0.024286 0.014286
3 0.560357 0.135238 0.025000 0.015238
3 0.553214 0.123810 0.023571 0.015238
3 0.539286 0.107619 0.024286 0.013333
3 0.537143 0.099048 0.020000 0.011429
3 0.529286 0.090476 0.022857 0.013333
11 0.500357 0.080000 0.022143 0.015238
3 0.517500 0.052381 0.012143 0.013333
