7 0.224286 0.608503 0.018571 0.034264
7 0.407143 0.763325 0.015714 0.029188
7 0.730714 0.767766 0.011429 0.038071
7 0.831786 0.494289 0.013571 0.029188
7 0.815357 0.493020 0.013571 0.034264
3 0.701071 0.588198 0.076429 0.077411
3 0.584286 0.532995 0.077143 0.078680
2 0.692857 0.493655 0.104286 0.109137
3 0.710000 0.445431 0.075714 0.068528
2 0.501429 0.387056 0.180000 0.195431
2 0.288929 0.302030 0.069286 0.078680
7 0.954643 0.322970 0.012143 0.029188
7 0.963571 0.309010 0.011429 0.026650
7 0.973214 0.295685 0.012143 0.030457
