3 0.163361 0.965677 0.059499 0.063080
3 0.196764 0.924397 0.053236 0.060297
3 0.239823 0.859462 0.054802 0.052876
3 0.249478 0.815399 0.050104 0.048237
3 0.273747 0.778757 0.050626 0.047310
3 0.430063 0.345083 0.024008 0.018553
3 0.428758 0.335343 0.019311 0.013915
3 0.440762 0.323284 0.022443 0.021336
3 0.448330 0.315399 0.017745 0.016698
3 0.452766 0.308442 0.018267 0.015770
3 0.455115 0.296846 0.018789 0.016698
3 0.459290 0.289425 0.019833 0.012987
3 0.465814 0.282468 0.019311 0.013915
3 0.554802 0.210575 0.016701 0.012987
3 0.578549 0.202226 0.015136 0.011132
3 0.560021 0.200371 0.012526 0.011132
3 0.602557 0.203618 0.007829 0.010204
3 0.578810 0.198052 0.014614 0.010204
3 0.561848 0.196660 0.015136 0.011132
3 0.562630 0.189239 0.016701 0.011132
3 0.580115 0.192486 0.016180 0.010204
11 0.564718 0.173006 0.007307 0.017625
3 0.585595 0.175788 0.006263 0.010204
3 0.603079 0.176716 0.005741 0.010204
3 0.610908 0.177180 0.005741 0.011132
3 0.541493 0.155380 0.010960 0.008349
7 0.530793 0.201299 0.002088 0.009276
4 0.598643 0.167440 0.014614 0.006494
8 0.538622 0.191095 0.002088 0.003711
5 0.538622 0.194805 0.002088 0.005566
11 0.497129 0.232375 0.010960 0.010204
3 0.757307 0.341373 0.020877 0.016698
3 0.755480 0.331633 0.019311 0.013915
3 0.747651 0.299165 0.022443 0.015770
3 0.740084 0.277829 0.019833 0.013915
3 0.925365 0.348794 0.027140 0.018553
3 0.918841 0.376623 0.017223 0.024119
3 0.910230 0.327458 0.024008 0.016698
3 0.835334 0.451299 0.033925 0.030612
9 0.816806 0.511596 0.010438 0.025046
7 0.851514 0.518089 0.004697 0.015770
4 0.922756 0.066790 0.015658 0.009276
4 0.940240 0.065863 0.007829 0.007421
3 0.955637 0.091837 0.008351 0.005566
5 0.067850 0.903061 0.010438 0.032468
5 0.221294 0.653989 0.015658 0.022263
5 0.199374 0.683673 0.011482 0.024119
5 0.109342 0.831633 0.012004 0.036178
5 0.131524 0.784323 0.008351 0.026902
3 0.947025 0.967069 0.076722 0.056586
