3 0.392143 0.873810 0.152857 0.250476
3 0.558929 0.870952 0.117857 0.256190
3 0.788929 0.698095 0.137857 0.219048
3 0.736429 0.510952 0.078571 0.107619
3 0.585714 0.452381 0.057143 0.091429
3 0.155714 0.770476 0.187143 0.260952
3 0.285714 0.578571 0.114286 0.136190
3 0.190714 0.454762 0.127143 0.071429
3 0.247857 0.358571 0.062857 0.084762
3 0.715714 0.418095 0.061429 0.083810
3 0.705357 0.347143 0.055000 0.063810
3 0.696071 0.295238 0.040714 0.047619
3 0.680714 0.250476 0.038571 0.051429
3 0.567500 0.279524 0.040714 0.058095
3 0.598571 0.243333 0.031429 0.042857
3 0.552143 0.246190 0.028571 0.040952
3 0.552500 0.220000 0.039286 0.040000
3 0.585000 0.206667 0.044286 0.040000
3 0.636786 0.172857 0.036429 0.046667
11 0.388929 0.352857 0.057857 0.090476
3 0.424643 0.318095 0.050714 0.076190
3 0.323929 0.294286 0.053571 0.057143
3 0.140000 0.280952 0.055714 0.051429
3 0.177143 0.283810 0.057143 0.051429
3 0.220000 0.290476 0.070000 0.055238
3 0.270357 0.294286 0.055000 0.053333
7 0.308571 0.251905 0.017143 0.044762
3 0.237857 0.223333 0.040000 0.052381
3 0.280357 0.226190 0.043571 0.048571
3 0.319286 0.230476 0.045714 0.060952
3 0.352500 0.238571 0.039286 0.054286
3 0.402857 0.252857 0.075714 0.050476
3 0.487857 0.195714 0.025714 0.040952
3 0.590000 0.151905 0.031429 0.025714
3 0.537857 0.155238 0.031429 0.028571
3 0.548929 0.134286 0.026429 0.026667
3 0.537857 0.130000 0.027143 0.021905
3 0.872500 0.935238 0.153571 0.127619
