10 0.801429 0.907619 0.178571 0.182857
11 0.674643 0.542381 0.129286 0.166667
11 0.791429 0.279524 0.135714 0.088571
3 0.816429 0.341429 0.147143 0.094286
3 0.529286 0.309048 0.090000 0.094286
3 0.183571 0.593810 0.195714 0.130476
3 0.331071 0.460476 0.093571 0.136190
3 0.314643 0.344286 0.057857 0.111429
3 0.275357 0.238095 0.057857 0.085714
3 0.241429 0.171905 0.060000 0.082857
3 0.430357 0.195714 0.075000 0.080952
3 0.306786 0.132381 0.062143 0.066667
11 0.374643 0.133333 0.067857 0.068571
3 0.741429 0.243333 0.107143 0.077143
3 0.698929 0.214286 0.105000 0.070476
3 0.660357 0.194286 0.100714 0.070476
3 0.624643 0.162857 0.107857 0.070476
3 0.469643 0.081905 0.077857 0.047619
3 0.456786 0.068095 0.073571 0.042857
3 0.294643 0.073333 0.053571 0.040000
3 0.239643 0.021905 0.050714 0.034286
3 0.260714 0.048095 0.050000 0.050476
3 0.319286 0.028095 0.054286 0.052381
