3 0.631071 0.591905 0.082143 0.080952
3 0.761071 0.723810 0.093571 0.102857
3 0.934286 0.619524 0.062857 0.073333
3 0.840000 0.509048 0.057143 0.065714
3 0.717857 0.481905 0.055714 0.049524
3 0.307143 0.481905 0.032857 0.047619
3 0.219643 0.402381 0.043571 0.033333
3 0.138214 0.496190 0.055000 0.055238
3 0.554643 0.353333 0.019286 0.034286
3 0.587857 0.358571 0.020000 0.033333
3 0.616786 0.357619 0.025000 0.033333
3 0.468929 0.353810 0.025000 0.033333
3 0.403214 0.335238 0.015000 0.028571
3 0.649643 0.359524 0.026429 0.035238
3 0.501786 0.353333 0.020714 0.041905
3 0.148571 0.344762 0.028571 0.028571
3 0.187500 0.373333 0.035000 0.028571
3 0.111071 0.305238 0.023571 0.025714
3 0.068214 0.271429 0.022143 0.020952
11 0.107500 0.450000 0.046429 0.060000
3 0.077143 0.424286 0.035714 0.040952
3 0.065000 0.389048 0.037143 0.040952
3 0.015000 0.372857 0.030000 0.042857
3 0.137143 0.326667 0.028571 0.026667
3 0.093929 0.285714 0.023571 0.022857
3 0.315714 0.423333 0.050000 0.037143
3 0.280714 0.396667 0.038571 0.031429
3 0.455714 0.433333 0.064286 0.045714
3 0.423571 0.421429 0.057143 0.040952
3 0.412857 0.406190 0.057143 0.040952
3 0.385357 0.389524 0.055000 0.034286
3 0.350357 0.369524 0.055000 0.034286
3 0.316071 0.343810 0.047857 0.034286
3 0.187143 0.328095 0.050000 0.025714
3 0.672500 0.428571 0.060714 0.030476
3 0.725000 0.411905 0.044286 0.033333
3 0.798929 0.376190 0.037857 0.030476
3 0.830000 0.355714 0.034286 0.027619
3 0.865357 0.337143 0.033571 0.024762
3 0.890357 0.326667 0.029286 0.028571
3 0.909286 0.315714 0.022857 0.031429
3 0.852500 0.437143 0.047857 0.040000
3 0.844643 0.405714 0.040714 0.032381
3 0.967143 0.408571 0.040000 0.040000
10 0.909643 0.432857 0.083571 0.088571
2 0.978214 0.337143 0.040714 0.068571
7 0.611429 0.433333 0.012857 0.030476
7 0.438571 0.374286 0.008571 0.022857
7 0.426429 0.372381 0.007143 0.024762
7 0.247500 0.641905 0.016429 0.047619
8 0.203571 0.608571 0.017143 0.034286
5 0.207143 0.619524 0.032857 0.044762
3 0.432143 0.350000 0.022857 0.029524
3 0.025000 0.228095 0.017143 0.016190
3 0.013571 0.222857 0.014286 0.015238
3 0.005000 0.207619 0.010000 0.013333
3 0.015714 0.204762 0.020000 0.011429
3 0.024643 0.208095 0.017857 0.014286
3 0.033214 0.211429 0.020714 0.017143
3 0.047857 0.220952 0.025714 0.019048
3 0.056071 0.229524 0.023571 0.017143
3 0.066429 0.238095 0.028571 0.017143
3 0.074286 0.243333 0.028571 0.014286
3 0.083214 0.250476 0.029286 0.015238
3 0.061071 0.259048 0.022143 0.015238
3 0.115357 0.187143 0.017857 0.010476
3 0.112500 0.193333 0.012143 0.013333
3 0.121786 0.198095 0.013571 0.015238
3 0.168929 0.224286 0.025000 0.016190
3 0.186071 0.238095 0.030714 0.017143
3 0.222500 0.250000 0.033571 0.016190
3 0.095000 0.261429 0.027143 0.018095
3 0.102143 0.268095 0.031429 0.020000
3 0.126071 0.285238 0.037857 0.020000
3 0.156786 0.304762 0.042143 0.017143
3 0.174643 0.318571 0.037857 0.020000
7 0.268929 0.289048 0.006429 0.020000
7 0.263571 0.288571 0.005714 0.017143
3 0.321786 0.357143 0.046429 0.026667
7 0.390714 0.296190 0.005714 0.022857
7 0.402500 0.315238 0.005000 0.022857
7 0.366071 0.339048 0.006429 0.024762
1 0.443214 0.332857 0.016429 0.018095
5 0.425714 0.331905 0.015714 0.016190
3 0.527143 0.354762 0.018571 0.027619
1 0.494643 0.433810 0.009286 0.018095
9 0.485000 0.440952 0.021429 0.022857
3 0.676429 0.351905 0.020000 0.025714
3 0.945357 0.297619 0.020714 0.023810
3 0.926071 0.308571 0.020714 0.026667
3 0.986429 0.305238 0.025714 0.021905
