3 0.183214 0.565238 0.056429 0.122857
11 0.217857 0.275238 0.047143 0.108571
11 0.240000 0.156190 0.044286 0.097143
11 0.209286 0.446190 0.044286 0.094286
3 0.194286 0.015714 0.071429 0.031429
5 0.120714 0.163810 0.025714 0.034286
6 0.198929 0.381429 0.027857 0.044762
11 0.745000 0.959524 0.088571 0.079048
3 0.569286 0.926190 0.044286 0.145714
10 0.518214 0.797619 0.050714 0.187619
11 0.524643 0.577619 0.040714 0.122857
11 0.569286 0.570000 0.034286 0.098095
3 0.572143 0.752857 0.038571 0.132381
11 0.751071 0.652857 0.049286 0.113333
1 0.768929 0.543333 0.016429 0.040952
5 0.738571 0.737143 0.031429 0.022857
7 0.620714 0.976190 0.015714 0.022857
7 0.640714 0.914762 0.012857 0.018095
7 0.621786 0.914286 0.013571 0.017143
7 0.687500 0.844762 0.013571 0.024762
7 0.540357 0.447619 0.012143 0.024762
8 0.494286 0.428571 0.010000 0.015238
5 0.494286 0.427619 0.011429 0.043810
3 0.573571 0.277143 0.035714 0.102857
10 0.668929 0.287143 0.035000 0.113333
3 0.566071 0.054286 0.030714 0.085714
3 0.574286 0.437143 0.051429 0.108571
11 0.219643 0.913810 0.075000 0.153333
3 0.137500 0.913333 0.066429 0.160000
8 0.427857 0.752857 0.017143 0.020000
1 0.428571 0.755238 0.010000 0.047619
7 0.042143 0.951429 0.031429 0.026667
7 0.021429 0.949048 0.034286 0.021905
3 0.701429 0.534286 0.091429 0.066667
