11 0.536786 0.838571 0.077857 0.235238
11 0.577500 0.642381 0.065000 0.157143
11 0.280357 0.664286 0.105000 0.164762
3 0.194643 0.924762 0.136429 0.148571
3 0.566071 0.428571 0.052143 0.091429
3 0.558571 0.338095 0.041429 0.074286
3 0.432857 0.268571 0.057143 0.066667
3 0.340714 0.498095 0.070000 0.123810
3 0.375357 0.393810 0.057857 0.098095
3 0.592857 0.090476 0.022857 0.028571
3 0.560000 0.089048 0.022857 0.033333
3 0.386786 0.038571 0.022143 0.027619
3 0.559643 0.060476 0.017857 0.023810
3 0.528214 0.058095 0.017857 0.022857
3 0.524286 0.089524 0.021429 0.028571
3 0.487143 0.086667 0.021429 0.028571
3 0.454286 0.086190 0.022857 0.031429
3 0.503214 0.145714 0.025000 0.036190
3 0.426071 0.139524 0.030714 0.031429
3 0.466429 0.146190 0.024286 0.035238
11 0.390714 0.133333 0.034286 0.043810
10 0.422857 0.085238 0.030000 0.040952
3 0.626786 0.113810 0.049286 0.033333
7 0.613571 0.098095 0.005714 0.022857
7 0.608214 0.217619 0.012143 0.037143
7 0.353571 0.218571 0.008571 0.035238
8 0.625000 0.238095 0.014286 0.032381
1 0.627500 0.249524 0.030714 0.020952
