3 0.040000 0.629000 0.065000 0.062000
3 0.156500 0.600333 0.104000 0.075333
3 0.294250 0.524667 0.085500 0.069333
3 0.346750 0.652333 0.085500 0.098000
11 0.527250 0.503667 0.074500 0.070000
3 0.697000 0.460333 0.082000 0.052667
3 0.765000 0.493000 0.090000 0.046000
3 0.813250 0.419000 0.066500 0.039333
5 0.744000 0.390000 0.012000 0.025333
3 0.618750 0.331333 0.024500 0.038667
3 0.725250 0.340667 0.027500 0.034667
3 0.699500 0.289000 0.020000 0.028667
8 0.726500 0.321000 0.012000 0.019333
3 0.661250 0.226667 0.016500 0.018667
3 0.656500 0.214667 0.016000 0.017333
3 0.651000 0.197000 0.013000 0.015333
10 0.599000 0.171000 0.015000 0.019333
3 0.647250 0.132667 0.009500 0.010667
3 0.723500 0.150333 0.016000 0.010000
3 0.813250 0.174000 0.015500 0.014667
3 0.425750 0.466667 0.079500 0.054667
