10 0.538100 0.901206 0.053236 0.182746
10 0.537317 0.616419 0.033925 0.082560
3 0.453027 0.689703 0.028184 0.069573
3 0.480428 0.554731 0.019311 0.040816
3 0.491649 0.519481 0.015658 0.031540
5 0.167276 0.778293 0.018267 0.035250
8 0.426931 0.797774 0.011482 0.038961
7 0.463727 0.762059 0.010960 0.043599
7 0.512526 0.714286 0.009395 0.033395
10 0.488257 0.705009 0.038100 0.183673
10 0.453549 0.509276 0.029228 0.092764
10 0.520877 0.399814 0.010438 0.024119
10 0.540971 0.365028 0.012004 0.030612
5 0.506785 0.391466 0.003132 0.007421
8 0.506785 0.388683 0.002088 0.007421
3 0.515136 0.321892 0.004175 0.009276
3 0.521921 0.307050 0.005219 0.007421
11 0.516962 0.311688 0.003653 0.007421
10 0.528967 0.320501 0.005741 0.013915
10 0.528967 0.313544 0.006785 0.012987
10 0.533403 0.308905 0.006263 0.014842
3 0.539144 0.301020 0.004175 0.006494
3 0.521399 0.291744 0.002088 0.006494
4 0.527923 0.273655 0.002610 0.005566
3 0.511221 0.333952 0.004697 0.007421
3 0.435282 0.390538 0.009395 0.012987
3 0.447286 0.386827 0.009395 0.011132
6 0.425365 0.819573 0.016701 0.045455
10 0.678758 0.336271 0.024530 0.019481
7 0.721294 0.322820 0.002088 0.007421
6 0.713466 0.305659 0.012526 0.025046
6 0.742693 0.338590 0.013570 0.025974
6 0.737735 0.305195 0.021399 0.022263
10 0.723382 0.310297 0.008351 0.008349
6 0.692067 0.317718 0.010438 0.013915
7 0.659186 0.476809 0.003132 0.012987
