4 0.535000 0.125238 0.020000 0.016190
4 0.494286 0.037143 0.011429 0.019048
4 0.507143 0.007619 0.014286 0.015238
11 0.523929 0.841429 0.033571 0.100000
11 0.742857 0.873333 0.042857 0.083810
2 0.503214 0.143810 0.010714 0.026667
2 0.493214 0.246667 0.015000 0.043810
2 0.511786 0.296190 0.012143 0.020952
2 0.576786 0.327143 0.013571 0.023810
2 0.501786 0.383333 0.013571 0.023810
2 0.506786 0.172857 0.005000 0.010476
10 0.520714 0.113810 0.010000 0.018095
3 0.532500 0.098571 0.005000 0.006667
3 0.535000 0.110476 0.004286 0.007619
3 0.486786 0.135238 0.006429 0.007619
3 0.498929 0.192857 0.006429 0.012381
10 0.526786 0.142381 0.007857 0.014286
10 0.482500 0.200000 0.006429 0.013333
4 0.530357 0.211429 0.005000 0.011429
4 0.553214 0.158571 0.020714 0.020000
10 0.566071 0.116190 0.023571 0.026667
4 0.520000 0.060952 0.028571 0.051429
7 0.723929 0.700000 0.007857 0.026667
11 0.684286 0.591429 0.025714 0.047619
3 0.774643 0.627143 0.035000 0.052381
3 0.752500 0.571905 0.027857 0.046667
8 0.421429 0.846667 0.007143 0.017143
1 0.421071 0.857143 0.003571 0.026667
7 0.468571 0.286190 0.004286 0.010476
4 0.137143 0.195238 0.028571 0.022857
7 0.157857 0.200952 0.004286 0.013333
7 0.188929 0.179524 0.002143 0.006667
7 0.217143 0.209048 0.002857 0.006667
7 0.206429 0.205714 0.002857 0.009524
7 0.193929 0.196190 0.003571 0.009524
7 0.165357 0.189048 0.002143 0.006667
