10 0.428214 0.015238 0.017857 0.030476
1 0.496429 0.010000 0.005714 0.010476
7 0.495714 0.003810 0.005714 0.007619
3 0.481786 0.029048 0.013571 0.025714
3 0.458214 0.039048 0.015000 0.032381
3 0.458571 0.097143 0.018571 0.038095
3 0.515714 0.079524 0.018571 0.025714
3 0.516786 0.113333 0.020714 0.034286
3 0.418929 0.077619 0.017857 0.035238
6 0.437857 0.093810 0.011429 0.020000
7 0.437143 0.080000 0.007143 0.013333
7 0.548571 0.099048 0.007143 0.022857
7 0.556786 0.155714 0.006429 0.021905
11 0.616071 0.175714 0.046429 0.031429
3 0.610714 0.141905 0.048571 0.024762
3 0.603929 0.128095 0.043571 0.023810
3 0.410357 0.187619 0.022143 0.045714
3 0.520000 0.231429 0.022857 0.051429
3 0.397857 0.286667 0.025714 0.055238
3 0.386786 0.346667 0.026429 0.064762
5 0.491071 0.267143 0.007857 0.018095
8 0.491429 0.255238 0.007143 0.013333
0 0.433929 0.392381 0.019286 0.047619
7 0.608214 0.372857 0.009286 0.027619
7 0.580000 0.398095 0.010000 0.026667
7 0.562143 0.356667 0.008571 0.025714
5 0.639286 0.222857 0.008571 0.026667
7 0.652500 0.223333 0.009286 0.020000
5 0.642500 0.297619 0.023571 0.020000
1 0.646429 0.283810 0.008571 0.019048
3 0.640357 0.341429 0.063571 0.040952
3 0.662857 0.433810 0.071429 0.042857
3 0.687857 0.551429 0.080000 0.047619
3 0.531071 0.550476 0.032143 0.089524
5 0.683929 0.598571 0.026429 0.025714
3 0.546071 0.843810 0.042143 0.131429
3 0.737500 0.907143 0.116429 0.069524
7 0.677500 0.961905 0.016429 0.036190
3 0.548571 0.972381 0.047143 0.051429
3 0.311786 0.977619 0.049286 0.040952
3 0.334286 0.846667 0.047143 0.139048
10 0.356429 0.675714 0.051429 0.155238
1 0.410000 0.559524 0.008571 0.029524
8 0.407143 0.543333 0.010000 0.021905
3 0.371429 0.500476 0.037143 0.082857
