7 0.679750 0.962333 0.078500 0.074000
5 0.553000 0.750333 0.041000 0.147333
1 0.481250 0.659333 0.031500 0.109333
5 0.518750 0.662000 0.038500 0.114667
7 0.016500 0.865667 0.033000 0.070000
7 0.078250 0.705333 0.071500 0.064000
7 0.094750 0.666333 0.073500 0.082000
5 0.173250 0.685667 0.069500 0.104667
5 0.188500 0.637000 0.074000 0.102000
1 0.188500 0.586000 0.075000 0.082667
5 0.242500 0.535667 0.044000 0.100667
7 0.204250 0.478000 0.044500 0.076000
5 0.209250 0.530667 0.043500 0.097333
5 0.274750 0.445000 0.052500 0.091333
5 0.299750 0.445000 0.043500 0.095333
5 0.320750 0.456333 0.039500 0.092667
5 0.337750 0.289000 0.026500 0.082000
7 0.287500 0.309333 0.038000 0.093333
7 0.257250 0.339333 0.048500 0.082667
7 0.418000 0.385333 0.025000 0.064000
8 0.246250 0.685000 0.046500 0.066000
5 0.254500 0.695333 0.068000 0.126667
11 0.357500 0.538667 0.165000 0.302667
7 0.472500 0.316333 0.024000 0.048667
7 0.450500 0.362333 0.029000 0.086000
7 0.450500 0.450333 0.029000 0.091333
5 0.480250 0.463333 0.045500 0.098667
5 0.511500 0.568333 0.043000 0.114000
5 0.497750 0.502667 0.058500 0.092000
1 0.544000 0.417333 0.029000 0.098667
5 0.564000 0.426333 0.043000 0.087333
5 0.630500 0.437000 0.037000 0.098000
5 0.646500 0.464667 0.040000 0.081333
1 0.600000 0.472333 0.034000 0.082000
9 0.595500 0.586667 0.084000 0.190667
