3 0.479286 0.527919 0.015714 0.048223
3 0.450714 0.508249 0.014286 0.044416
3 0.454643 0.406726 0.013571 0.036802
3 0.480357 0.368020 0.012143 0.035533
3 0.574286 0.513325 0.017143 0.046954
3 0.577857 0.569162 0.017143 0.052030
3 0.602143 0.719543 0.025714 0.073604
3 0.438571 0.894036 0.028571 0.085025
11 0.563214 0.719543 0.022143 0.083756
11 0.588571 0.631345 0.022857 0.074873
11 0.554286 0.638959 0.021429 0.069797
3 0.466786 0.098985 0.007857 0.017766
11 0.468929 0.078046 0.006429 0.016497
3 0.469286 0.065355 0.007143 0.008883
2 0.482143 0.081853 0.008571 0.034264
3 0.482143 0.065355 0.005714 0.016497
7 0.656429 0.742386 0.005714 0.025381
7 0.592500 0.864848 0.006429 0.026650
7 0.375357 0.957487 0.006429 0.026650
7 0.377857 0.949239 0.005714 0.027919
7 0.594286 0.851523 0.010000 0.027919
7 0.411786 0.495558 0.006429 0.021574
7 0.398929 0.548858 0.005000 0.024112
7 0.413214 0.544416 0.005000 0.022843
7 0.405357 0.560279 0.007857 0.024112
7 0.362500 0.991751 0.006429 0.011421
7 0.353571 0.990482 0.005714 0.013959
7 0.349643 0.987310 0.006429 0.017766
