3 0.338571 0.967143 0.068571 0.063810
3 0.353929 0.730476 0.050714 0.133333
3 0.313214 0.686190 0.047857 0.124762
3 0.330357 0.521905 0.043571 0.112381
3 0.285357 0.535714 0.042143 0.111429
3 0.348929 0.377619 0.049286 0.115238
3 0.491429 0.466190 0.034286 0.090476
3 0.413929 0.107143 0.037857 0.098095
3 0.385714 0.028095 0.035714 0.056190
11 0.371786 0.140476 0.036429 0.088571
3 0.702857 0.204762 0.038571 0.091429
3 0.709286 0.318095 0.037143 0.095238
3 0.717143 0.459524 0.041429 0.111429
3 0.721786 0.600476 0.040714 0.122857
3 0.729286 0.770952 0.048571 0.141905
3 0.733214 0.941429 0.046429 0.111429
7 0.251429 0.754286 0.017143 0.017143
8 0.412500 0.892381 0.016429 0.022857
5 0.415357 0.893810 0.012143 0.060000
5 0.142857 0.977619 0.038571 0.027619
5 0.148571 0.886190 0.047143 0.033333
1 0.157143 0.826190 0.030000 0.048571
11 0.373214 0.253810 0.035000 0.105714
5 0.625357 0.318095 0.012143 0.049524
8 0.625714 0.314762 0.017143 0.025714
7 0.736429 0.067619 0.011429 0.032381
7 0.741786 0.064286 0.013571 0.033333
