3 0.802192 0.987013 0.053236 0.022263
3 0.802192 0.928571 0.052192 0.046382
3 0.636221 0.876623 0.039666 0.044527
3 0.629436 0.850186 0.037578 0.045455
3 0.637526 0.760204 0.036013 0.034323
7 0.682150 0.725881 0.004175 0.023191
8 0.676931 0.723562 0.003132 0.007421
3 0.771921 0.735622 0.034447 0.029685
3 0.763570 0.705009 0.031315 0.025974
3 0.767484 0.377551 0.010960 0.014842
3 0.760177 0.383117 0.013048 0.014842
3 0.754958 0.386827 0.012004 0.014842
3 0.748956 0.392857 0.014614 0.013915
3 0.741649 0.395640 0.017745 0.019481
3 0.761743 0.366419 0.015136 0.012987
3 0.744259 0.369202 0.016701 0.012987
7 0.773747 0.363636 0.003653 0.012987
7 0.784186 0.353432 0.004697 0.014842
11 0.796451 0.341373 0.014614 0.018553
3 0.794363 0.324212 0.015658 0.015770
3 0.821242 0.360853 0.015136 0.014842
3 0.834812 0.370130 0.015136 0.014842
3 0.860386 0.385436 0.016180 0.017625
10 0.796451 0.227273 0.019833 0.012987
2 0.924582 0.220779 0.019311 0.016698
10 0.783403 0.270408 0.025052 0.021336
7 0.155010 0.625232 0.005219 0.018553
3 0.175887 0.609462 0.014614 0.031540
3 0.177453 0.646568 0.015658 0.029685
3 0.114301 0.714286 0.016701 0.042672
3 0.106472 0.845083 0.021921 0.050093
3 0.102557 0.895176 0.019311 0.050093
3 0.014614 0.567254 0.017745 0.028757
11 0.035230 0.519017 0.026618 0.019481
3 0.035752 0.511132 0.022443 0.014842
