3 0.118571 0.049524 0.020000 0.028571
3 0.148571 0.173810 0.028571 0.042857
3 0.183929 0.219524 0.023571 0.042857
7 0.253929 0.053333 0.005000 0.019048
7 0.108571 0.336190 0.011429 0.020952
7 0.089643 0.407143 0.012143 0.021905
7 0.184643 0.425714 0.010714 0.020952
6 0.257857 0.427619 0.042857 0.057143
3 0.294643 0.355238 0.040714 0.047619
3 0.207857 0.360000 0.027143 0.055238
8 0.273571 0.317143 0.007143 0.009524
11 0.396786 0.389048 0.052143 0.054286
5 0.146786 0.297143 0.013571 0.017143
5 0.123929 0.424286 0.026429 0.012381
5 0.121786 0.435714 0.030714 0.006667
5 0.179286 0.329048 0.011429 0.023810
5 0.152857 0.263810 0.014286 0.013333
5 0.132500 0.383810 0.019286 0.019048
5 0.124643 0.378095 0.020714 0.013333
5 0.139286 0.260476 0.012857 0.010476
7 0.131786 0.265238 0.007857 0.016190
8 0.178571 0.320000 0.008571 0.011429
8 0.175714 0.466667 0.008571 0.011429
5 0.156429 0.512857 0.010000 0.025714
5 0.177857 0.472857 0.012857 0.020000
8 0.152143 0.260952 0.010000 0.013333
8 0.146786 0.290476 0.006429 0.011429
8 0.139286 0.254762 0.008571 0.010476
7 0.134286 0.530476 0.015714 0.019048
7 0.119643 0.574762 0.010714 0.016190
3 0.152857 0.642857 0.041429 0.083810
5 0.272857 0.562381 0.024286 0.042857
8 0.268571 0.553333 0.005714 0.011429
2 0.381786 0.553810 0.115000 0.090476
3 0.275357 0.806667 0.069286 0.081905
5 0.073929 0.958095 0.017857 0.034286
5 0.081786 0.853810 0.013571 0.027619
5 0.088214 0.826190 0.012143 0.027619
5 0.020000 0.790000 0.032857 0.027619
5 0.031071 0.746190 0.026429 0.018095
5 0.038571 0.691905 0.032857 0.020000
11 0.119286 0.776667 0.052857 0.067619
11 0.140357 0.718571 0.045000 0.052381
7 0.092143 0.830952 0.020000 0.010476
5 0.018214 0.810952 0.026429 0.039048
5 0.020357 0.770000 0.032143 0.025714
5 0.038929 0.730000 0.025000 0.023810
5 0.032857 0.712381 0.025714 0.022857
5 0.073929 0.689524 0.023571 0.017143
5 0.052143 0.668095 0.022857 0.016190
5 0.052143 0.655714 0.030000 0.018095
5 0.049643 0.646667 0.030714 0.015238
5 0.049643 0.637143 0.025000 0.009524
5 0.070714 0.626667 0.017143 0.019048
5 0.058214 0.620952 0.022143 0.017143
5 0.055714 0.613333 0.017143 0.019048
0 0.570357 0.051905 0.012143 0.029524
8 0.567143 0.056667 0.002857 0.012381
3 0.624286 0.071905 0.032857 0.018095
3 0.626071 0.089048 0.032143 0.020000
3 0.642143 0.015238 0.038571 0.020952
3 0.621786 0.107619 0.025000 0.020952
3 0.587857 0.215714 0.041429 0.023810
3 0.583214 0.231429 0.045000 0.026667
3 0.627500 0.061429 0.033571 0.016190
5 0.570000 0.141905 0.005714 0.020952
3 0.603214 0.457619 0.030714 0.061905
3 0.551429 0.420952 0.038571 0.028571
7 0.571429 0.572857 0.008571 0.018095
5 0.503571 0.514762 0.010000 0.033333
3 0.488571 0.489048 0.032857 0.069524
11 0.498929 0.414286 0.020714 0.078095
11 0.743929 0.054286 0.035000 0.034286
5 0.565714 0.866190 0.020000 0.027619
7 0.558214 0.873333 0.007857 0.011429
3 0.724643 0.449048 0.050714 0.035238
3 0.732857 0.396667 0.050000 0.035238
3 0.732857 0.370476 0.051429 0.036190
3 0.733929 0.346190 0.046429 0.035238
3 0.735000 0.303333 0.045714 0.031429
3 0.734643 0.280000 0.047857 0.030476
