3 0.432672 0.650278 0.058455 0.051948
3 0.459029 0.538497 0.051670 0.045455
3 0.466858 0.513451 0.052714 0.041744
3 0.537317 0.433673 0.021399 0.049165
11 0.672234 0.257885 0.015658 0.035250
11 0.499478 0.372913 0.039666 0.031540
11 0.499478 0.346011 0.032359 0.027829
3 0.523747 0.325603 0.037056 0.025974
11 0.528967 0.300557 0.027662 0.025974
3 0.527401 0.288497 0.029749 0.027829
3 0.534186 0.274119 0.027662 0.019481
3 0.584029 0.230519 0.015658 0.030612
3 0.553758 0.185529 0.026096 0.022263
11 0.562109 0.168831 0.027140 0.025974
11 0.562109 0.147959 0.028184 0.023191
11 0.570981 0.120594 0.018789 0.020408
3 0.578288 0.110390 0.021921 0.012987
3 0.722338 0.068646 0.008351 0.018553
3 0.735908 0.024119 0.016701 0.012987
3 0.769833 0.035714 0.018789 0.015770
3 0.799582 0.033395 0.021921 0.012987
3 0.847077 0.030612 0.022965 0.012987
3 0.824113 0.039889 0.020877 0.018553
3 0.686326 0.022263 0.018789 0.012987
3 0.637787 0.013451 0.017745 0.013915
4 0.628132 0.006030 0.012004 0.010204
11 0.572025 0.058442 0.014614 0.016698
1 0.416754 0.720779 0.020355 0.025974
5 0.420929 0.470315 0.008873 0.029685
5 0.432150 0.389610 0.018789 0.014842
5 0.448591 0.353432 0.015136 0.016698
7 0.590553 0.158163 0.002610 0.013915
7 0.592380 0.147495 0.003132 0.011132
7 0.594990 0.153989 0.003132 0.014842
5 0.318633 0.973098 0.022443 0.035250
8 0.903445 0.512987 0.005219 0.014842
8 0.932672 0.603432 0.010438 0.012059
5 0.902140 0.528293 0.010960 0.026902
5 0.929280 0.614564 0.013048 0.030612
5 0.482255 0.266698 0.013570 0.013915
3 0.569676 0.083024 0.007829 0.013915
