3 0.190750 0.925000 0.099500 0.148667
11 0.333750 0.586000 0.038500 0.058667
3 0.454000 0.564000 0.041000 0.066667
3 0.514000 0.456000 0.029000 0.048000
3 0.039500 0.393000 0.047000 0.032667
3 0.034500 0.640333 0.069000 0.071333
3 0.020000 0.557333 0.040000 0.049333
3 0.054250 0.502333 0.077500 0.040667
3 0.087250 0.476333 0.072500 0.038000
3 0.108000 0.456333 0.071000 0.036667
11 0.210000 0.365000 0.057000 0.030000
3 0.172000 0.386667 0.060000 0.028000
11 0.297750 0.343333 0.041500 0.038667
10 0.325750 0.285333 0.061500 0.037333
10 0.252750 0.278333 0.076500 0.042000
10 0.172750 0.278333 0.070500 0.038000
10 0.101250 0.274667 0.065500 0.040000
3 0.110250 0.245000 0.023500 0.018000
3 0.132250 0.252000 0.027500 0.018667
3 0.172250 0.263000 0.033500 0.019333
7 0.170500 0.255333 0.006000 0.010667
11 0.837500 0.862667 0.081000 0.128000
3 0.787750 0.728000 0.062500 0.105333
9 0.731500 0.549667 0.056000 0.095333
11 0.707250 0.489000 0.029500 0.051333
11 0.697750 0.432667 0.028500 0.052000
11 0.637500 0.366667 0.024000 0.030667
3 0.690750 0.403333 0.026500 0.033333
3 0.680000 0.358333 0.022000 0.030000
7 0.681750 0.337333 0.006500 0.018667
7 0.600000 0.259667 0.004000 0.016667
3 0.669750 0.263000 0.014500 0.016667
3 0.666250 0.234667 0.023500 0.020000
11 0.576500 0.188667 0.010000 0.013333
3 0.581750 0.185333 0.010500 0.010667
11 0.676000 0.188333 0.009000 0.014000
3 0.651000 0.155667 0.008000 0.007333
3 0.687250 0.160333 0.008500 0.007333
10 0.664250 0.134667 0.011500 0.014667
11 0.675250 0.130667 0.011500 0.006667
3 0.609000 0.151000 0.014000 0.007333
3 0.610250 0.149333 0.017500 0.008000
11 0.604000 0.131333 0.010000 0.006667
11 0.607250 0.131667 0.010500 0.006000
11 0.611250 0.132667 0.010500 0.006667
3 0.614000 0.133000 0.011000 0.006000
11 0.702500 0.139000 0.006000 0.006000
3 0.715750 0.131333 0.012500 0.006667
11 0.753500 0.119333 0.006000 0.005333
11 0.759000 0.117000 0.008000 0.007333
11 0.770250 0.117333 0.007500 0.005333
