11 0.356429 0.973985 0.030000 0.046954
3 0.462500 0.866751 0.025000 0.058376
3 0.357143 0.859772 0.024286 0.044416
5 0.431786 0.751904 0.009286 0.024112
8 0.430714 0.750000 0.008571 0.022843
5 0.516429 0.773477 0.008571 0.026650
8 0.516071 0.766497 0.007857 0.022843
3 0.512143 0.704315 0.018571 0.040609
3 0.482500 0.607234 0.016429 0.029188
3 0.577143 0.556472 0.015714 0.039340
3 0.574643 0.497462 0.013571 0.032995
3 0.526786 0.482234 0.013571 0.025381
3 0.551429 0.409898 0.012857 0.022843
3 0.550714 0.383249 0.011429 0.020305
2 0.616071 0.413071 0.015000 0.039340
3 0.639643 0.289975 0.009286 0.016497
10 0.655357 0.274112 0.012143 0.032995
3 0.651429 0.257614 0.007143 0.015228
3 0.658571 0.226523 0.007143 0.013959
3 0.673571 0.210025 0.007143 0.013959
3 0.677143 0.190355 0.007143 0.012690
3 0.663929 0.204315 0.006429 0.012690
3 0.666429 0.190990 0.007143 0.011421
3 0.624286 0.192259 0.005714 0.011421
3 0.675357 0.137056 0.006429 0.012690
4 0.655714 0.052030 0.054286 0.101523
