3 0.158571 0.857234 0.034286 0.097716
3 0.097857 0.644036 0.027143 0.057107
3 0.063929 0.570431 0.022143 0.044416
11 0.214643 0.586294 0.023571 0.068528
10 0.172857 0.493020 0.031429 0.097716
11 0.209643 0.423858 0.019286 0.053299
3 0.123214 0.413071 0.020714 0.031726
3 0.173929 0.316624 0.015000 0.029188
3 0.197143 0.269670 0.012857 0.029188
2 0.104643 0.260787 0.023571 0.077411
3 0.135000 0.284264 0.012857 0.025381
3 0.171786 0.262056 0.010714 0.024112
3 0.193214 0.219543 0.009286 0.020305
3 0.171786 0.216371 0.012143 0.029188
11 0.189643 0.179569 0.010714 0.021574
3 0.432500 0.522208 0.022143 0.034264
3 0.447500 0.577411 0.033571 0.038071
3 0.440714 0.628173 0.031429 0.050761
11 0.511071 0.521574 0.023571 0.043147
11 0.368929 0.367386 0.019286 0.034264
3 0.659643 0.931472 0.043571 0.081218
3 0.654286 0.690990 0.047143 0.031726
3 0.655357 0.661802 0.043571 0.026650
3 0.666071 0.636421 0.047857 0.034264
3 0.730357 0.620558 0.042143 0.032995
11 0.683929 0.565990 0.035000 0.038071
3 0.800714 0.524746 0.028571 0.031726
3 0.806429 0.484137 0.037143 0.034264
3 0.895000 0.574239 0.037143 0.034264
3 0.854286 0.587563 0.038571 0.043147
3 0.841786 0.567259 0.032143 0.035533
3 0.863214 0.546954 0.033571 0.030457
3 0.850714 0.530457 0.034286 0.022843
3 0.832143 0.514594 0.030000 0.029188
3 0.531071 0.246193 0.017857 0.015228
3 0.343929 0.374365 0.015000 0.025381
3 0.361071 0.269036 0.025000 0.020305
4 0.212857 0.036802 0.040000 0.073604
3 0.189286 0.151015 0.008571 0.015228
3 0.172500 0.155457 0.009286 0.019036
3 0.150000 0.131345 0.007143 0.013959
5 0.135000 0.129442 0.005714 0.012690
3 0.141071 0.110406 0.009286 0.015228
3 0.158929 0.097716 0.007857 0.012690
10 0.238571 0.206218 0.010000 0.026650
3 0.189643 0.126904 0.007857 0.012690
3 0.193929 0.107234 0.006429 0.013959
3 0.174286 0.119924 0.008571 0.019036
3 0.182857 0.085025 0.007143 0.015228
3 0.174286 0.061548 0.005714 0.011421
3 0.159643 0.072970 0.006429 0.011421
3 0.188571 0.035533 0.005714 0.010152
3 0.175714 0.041244 0.007143 0.008883
3 0.152857 0.008883 0.005714 0.010152
3 0.147500 0.019036 0.006429 0.015228
2 0.141429 0.038706 0.010000 0.026650
2 0.098929 0.047589 0.012143 0.024112
3 0.713571 0.153553 0.015714 0.015228
10 0.790357 0.274112 0.039286 0.063452
4 0.626429 0.320431 0.051429 0.044416
3 0.028929 0.438452 0.023571 0.029188
11 0.012143 0.476523 0.018571 0.036802
3 0.688571 0.512056 0.021429 0.026650
7 0.485000 0.518401 0.005714 0.021574
7 0.446071 0.635787 0.009286 0.025381
3 0.414643 0.667513 0.040714 0.038071
11 0.434286 0.307741 0.017143 0.029188
3 0.527500 0.221447 0.015000 0.016497
3 0.540000 0.219543 0.014286 0.017766
3 0.549286 0.215736 0.015714 0.017766
4 0.770357 0.090736 0.032143 0.024112
3 0.695357 0.147208 0.013571 0.012690
3 0.690714 0.143401 0.014286 0.012690
3 0.669286 0.095178 0.011429 0.012690
3 0.676071 0.092640 0.015000 0.012690
3 0.676071 0.133883 0.015000 0.011421
4 0.656429 0.118020 0.031429 0.030457
4 0.706429 0.125635 0.022857 0.017766
4 0.643214 0.394036 0.070714 0.067259
