3 0.936000 0.743000 0.019000 0.035333
3 0.974250 0.398333 0.023500 0.014000
4 0.192250 0.481667 0.034500 0.023333
7 0.411250 0.310667 0.001500 0.010667
7 0.414250 0.313000 0.002500 0.010000
7 0.448000 0.313000 0.002000 0.010000
7 0.445500 0.313333 0.002000 0.012000
7 0.417000 0.307667 0.002000 0.010000
7 0.418750 0.308000 0.002500 0.012000
7 0.418250 0.313000 0.002500 0.012667
7 0.420750 0.311667 0.002500 0.010000
7 0.423000 0.309667 0.002000 0.008667
7 0.423500 0.316000 0.002000 0.012000
7 0.425500 0.314667 0.002000 0.012000
7 0.428750 0.309667 0.002500 0.011333
7 0.429250 0.316333 0.002500 0.012667
7 0.432000 0.310333 0.002000 0.010000
7 0.434000 0.316000 0.003000 0.012000
7 0.436750 0.317000 0.001500 0.011333
7 0.435750 0.305333 0.001500 0.009333
7 0.439250 0.311000 0.002500 0.010000
7 0.442250 0.311333 0.001500 0.010667
7 0.441250 0.315333 0.002500 0.010667
4 0.012750 0.246333 0.017500 0.028667
4 0.195250 0.203000 0.024500 0.012667
