3 0.094750 0.961000 0.076500 0.076667
3 0.208250 0.770000 0.052500 0.076000
11 0.139000 0.688333 0.068000 0.043333
11 0.199000 0.612667 0.050000 0.036000
7 0.027000 0.636333 0.012000 0.023333
1 0.050000 0.639000 0.019000 0.016667
11 0.358750 0.614000 0.023500 0.033333
1 0.981250 0.734333 0.018500 0.030000
3 0.932250 0.776667 0.085500 0.049333
3 0.906500 0.741333 0.079000 0.046667
3 0.876250 0.707333 0.065500 0.037333
3 0.842000 0.669000 0.074000 0.038000
11 0.917500 0.592333 0.060000 0.034000
11 0.898750 0.571000 0.059500 0.031333
3 0.834750 0.530333 0.048500 0.023333
1 0.930000 0.481333 0.007000 0.010667
11 0.649750 0.517667 0.027500 0.027333
11 0.602250 0.501667 0.034500 0.038000
7 0.588750 0.501667 0.006500 0.020667
3 0.594500 0.485000 0.036000 0.016667
11 0.581000 0.467333 0.030000 0.022667
7 0.588250 0.453667 0.002500 0.016667
3 0.574000 0.461000 0.028000 0.018000
3 0.563750 0.447667 0.022500 0.012667
11 0.552500 0.425333 0.028000 0.017333
7 0.577000 0.425667 0.004000 0.012667
7 0.585250 0.422667 0.002500 0.012000
3 0.554750 0.400000 0.014500 0.012000
3 0.522250 0.393667 0.020500 0.011333
7 0.514250 0.359333 0.002500 0.008000
11 0.493250 0.363000 0.020500 0.011333
11 0.485000 0.356000 0.020000 0.012000
3 0.477000 0.332333 0.006000 0.007333
11 0.304500 0.325000 0.009000 0.008667
11 0.313750 0.320333 0.005500 0.006000
11 0.321500 0.320333 0.005000 0.006000
11 0.328500 0.320333 0.005000 0.006000
11 0.333000 0.326000 0.009000 0.005333
11 0.338500 0.323333 0.009000 0.006667
3 0.323000 0.301333 0.004000 0.005333
11 0.374000 0.323000 0.008000 0.006000
3 0.385250 0.326000 0.009500 0.005333
3 0.394750 0.321667 0.010500 0.006000
3 0.402750 0.321000 0.008500 0.006000
11 0.399000 0.360333 0.007000 0.010000
11 0.423750 0.326000 0.011500 0.008000
8 0.427750 0.332667 0.001500 0.005333
8 0.435000 0.331667 0.001000 0.004667
1 0.427250 0.333667 0.004500 0.002000
5 0.434750 0.333667 0.004500 0.003333
3 0.457750 0.325000 0.013500 0.006000
11 0.409000 0.403000 0.010000 0.015333
3 0.710250 0.527333 0.042500 0.022667
3 0.739500 0.503000 0.036000 0.023333
3 0.694000 0.504333 0.038000 0.020667
11 0.689000 0.493000 0.032000 0.016667
8 0.722500 0.469333 0.007000 0.012000
8 0.727500 0.467333 0.004000 0.010667
8 0.721500 0.463000 0.004000 0.008667
3 0.662500 0.472000 0.037000 0.018667
3 0.655000 0.460667 0.026000 0.014667
9 0.703000 0.454000 0.015000 0.012000
3 0.635750 0.441333 0.029500 0.014667
3 0.615000 0.427000 0.029000 0.014000
5 0.646750 0.422333 0.008500 0.008667
1 0.644000 0.410333 0.007000 0.010000
3 0.610250 0.418333 0.019500 0.012667
3 0.602250 0.413333 0.025500 0.012000
11 0.576500 0.368000 0.020000 0.014667
3 0.550500 0.372000 0.015000 0.009333
11 0.549000 0.368000 0.017000 0.010667
3 0.529250 0.355667 0.016500 0.007333
3 0.525500 0.353333 0.017000 0.008000
11 0.527750 0.350000 0.013500 0.009333
7 0.535000 0.350667 0.001000 0.006667
7 0.530750 0.351000 0.001500 0.007333
3 0.547250 0.331333 0.007500 0.006667
3 0.693500 0.690333 0.037000 0.060667
11 0.182500 0.362333 0.014000 0.010000
6 0.372250 0.299333 0.007500 0.013333
10 0.498750 0.318000 0.027500 0.018667
