3 0.451750 0.010667 0.013500 0.018667
3 0.460750 0.030000 0.015500 0.024000
3 0.433500 0.034667 0.016000 0.022667
10 0.517000 0.072333 0.023000 0.038000
11 0.485250 0.267667 0.031500 0.064667
10 0.532250 0.839000 0.118500 0.320667
10 0.115250 0.514667 0.180500 0.118667
7 0.122250 0.555667 0.016500 0.046000
7 0.213000 0.484000 0.023000 0.046667
3 0.078500 0.434667 0.104000 0.054667
3 0.025000 0.347333 0.049000 0.041333
11 0.030500 0.305333 0.060000 0.058667
3 0.070000 0.266000 0.076000 0.040000
3 0.141500 0.184000 0.061000 0.032000
3 0.168500 0.152667 0.042000 0.029333
11 0.184000 0.138333 0.049000 0.026000
11 0.186750 0.126000 0.038500 0.022667
3 0.193500 0.117000 0.041000 0.019333
3 0.144000 0.090333 0.028000 0.028667
11 0.160000 0.064667 0.026000 0.029333
3 0.147000 0.051667 0.036000 0.022000
3 0.187000 0.033000 0.027000 0.018000
0 0.230500 0.021000 0.015000 0.019333
5 0.123500 0.096000 0.009000 0.013333
