3 0.687143 0.928095 0.084286 0.141905
3 0.722857 0.760000 0.062857 0.110476
3 0.733929 0.650000 0.057857 0.096190
3 0.746071 0.559524 0.057857 0.101905
11 0.769286 0.400476 0.031429 0.060000
3 0.772143 0.327143 0.027143 0.039048
11 0.763929 0.300476 0.027857 0.035238
11 0.753929 0.287143 0.029286 0.029524
3 0.692500 0.233333 0.040714 0.022857
7 0.758929 0.190952 0.007857 0.020000
3 0.744286 0.195714 0.018571 0.021905
3 0.741071 0.181905 0.016429 0.020952
3 0.713214 0.186667 0.015000 0.022857
3 0.977500 0.477619 0.042143 0.061905
3 0.929286 0.342857 0.037143 0.045714
3 0.895000 0.278095 0.030000 0.024762
3 0.863214 0.221429 0.023571 0.025714
3 0.839643 0.194762 0.020714 0.023810
11 0.852500 0.205714 0.020714 0.030476
3 0.699643 0.101429 0.012143 0.012381
