11 0.091429 0.028095 0.037143 0.056190
3 0.086786 0.089048 0.042143 0.063810
3 0.075714 0.150000 0.047143 0.071429
11 0.061786 0.213810 0.050714 0.090476
3 0.047143 0.313810 0.055714 0.101905
3 0.112857 0.344286 0.057143 0.111429
3 0.221429 0.263810 0.045714 0.100952
7 0.262500 0.266667 0.019286 0.055238
7 0.255357 0.125714 0.017857 0.038095
7 0.265357 0.115238 0.016429 0.040000
3 0.029643 0.448571 0.059286 0.127619
2 0.313929 0.018571 0.045000 0.037143
3 0.353571 0.197143 0.042857 0.078095
11 0.409286 0.050952 0.045714 0.065714
3 0.435357 0.108095 0.040714 0.058095
3 0.472500 0.098095 0.037857 0.055238
3 0.535000 0.029524 0.067143 0.038095
3 0.563214 0.059524 0.065000 0.050476
3 0.534286 0.327619 0.064286 0.095238
3 0.482143 0.442381 0.055714 0.115238
3 0.622143 0.395714 0.067143 0.100000
3 0.658571 0.330476 0.071429 0.108571
11 0.560357 0.419524 0.065000 0.100000
11 0.582143 0.305714 0.058571 0.106667
5 0.625714 0.136667 0.040000 0.044762
3 0.652143 0.177619 0.075714 0.058095
3 0.678214 0.216190 0.077857 0.055238
3 0.845357 0.511429 0.113571 0.148571
3 0.706786 0.764762 0.119286 0.194286
3 0.576786 0.665714 0.080714 0.158095
10 0.632143 0.570952 0.108571 0.180000
7 0.571429 0.796190 0.022857 0.053333
3 0.022857 0.585238 0.045714 0.122857
3 0.015000 0.741429 0.030000 0.193333
3 0.012500 0.931905 0.025000 0.130476
11 0.820000 0.773333 0.158571 0.226667
5 0.878929 0.693810 0.042143 0.067619
7 0.879286 0.670000 0.025714 0.035238
3 0.687500 0.941429 0.105000 0.115238
3 0.798214 0.970000 0.097857 0.056190
