7 0.228571 0.940476 0.068571 0.111429
1 0.210000 0.961905 0.052857 0.074286
1 0.503571 0.630476 0.074286 0.057143
1 0.625357 0.616190 0.067857 0.051429
5 0.441071 0.588095 0.069286 0.061905
7 0.238929 0.596190 0.039286 0.081905
7 0.195714 0.760476 0.051429 0.098095
7 0.785714 0.756667 0.037143 0.092381
7 0.779643 0.663810 0.050714 0.100952
7 0.802143 0.616190 0.041429 0.091429
7 0.687857 0.614286 0.027143 0.066667
8 0.691429 0.650476 0.044286 0.081905
7 0.525714 0.293333 0.014286 0.045714
7 0.880357 0.327143 0.015000 0.054286
7 0.714286 0.253810 0.015714 0.040952
7 0.770357 0.189524 0.009286 0.024762
7 0.878571 0.178095 0.008571 0.032381
7 0.622143 0.219524 0.005714 0.027619
7 0.607500 0.215714 0.006429 0.029524
7 0.597500 0.221905 0.009286 0.020952
7 0.611786 0.184286 0.006429 0.021905
7 0.324286 0.237143 0.015714 0.038095
7 0.446429 0.161905 0.010000 0.020952
7 0.428214 0.166190 0.005000 0.014286
7 0.461786 0.124762 0.006429 0.020952
7 0.255000 0.152381 0.005714 0.015238
7 0.208571 0.129524 0.010000 0.017143
7 0.212143 0.165714 0.007143 0.022857
7 0.219286 0.173810 0.008571 0.027619
7 0.223214 0.173333 0.006429 0.013333
7 0.248214 0.176190 0.005000 0.011429
8 0.243214 0.175238 0.005000 0.013333
8 0.105357 0.303333 0.016429 0.033333
8 0.026786 0.302381 0.032143 0.025714
5 0.363571 0.147619 0.005714 0.017143
7 0.114286 0.092381 0.004286 0.013333
7 0.146071 0.090952 0.005000 0.012381
7 0.060714 0.094286 0.004286 0.009524
7 0.083214 0.096190 0.003571 0.009524
1 0.040357 0.126190 0.010714 0.012381
7 0.134643 0.119524 0.006429 0.014286
7 0.127500 0.122381 0.006429 0.016190
7 0.120714 0.124286 0.004286 0.012381
7 0.113571 0.125714 0.005714 0.013333
7 0.118571 0.117143 0.004286 0.009524
7 0.113571 0.120476 0.007143 0.014286
7 0.106786 0.123810 0.006429 0.017143
7 0.102500 0.119048 0.005000 0.011429
7 0.099643 0.125714 0.005000 0.015238
7 0.097143 0.121429 0.005714 0.014286
7 0.087857 0.122857 0.004286 0.015238
7 0.089643 0.120476 0.005000 0.016190
7 0.083571 0.122381 0.004286 0.016190
7 0.081786 0.124286 0.005000 0.018095
7 0.075000 0.124762 0.005714 0.017143
7 0.070714 0.121905 0.004286 0.013333
7 0.068214 0.126190 0.005000 0.012381
6 0.380357 0.154762 0.013571 0.016190
4 0.448571 0.107143 0.012857 0.012381
7 0.776429 0.132857 0.004286 0.020000
7 0.816786 0.130000 0.005000 0.018095
7 0.846429 0.119048 0.005714 0.017143
7 0.801786 0.116667 0.005000 0.016190
8 0.791786 0.113810 0.005000 0.010476
7 0.928214 0.126190 0.005000 0.018095
4 0.920357 0.109048 0.019286 0.012381
7 0.744286 0.098095 0.002857 0.009524
7 0.748929 0.099048 0.002143 0.007619
7 0.750357 0.097143 0.002143 0.009524
8 0.753929 0.100000 0.003571 0.007619
8 0.789286 0.100000 0.002857 0.007619
8 0.792500 0.098571 0.002143 0.008571
7 0.772857 0.097619 0.001429 0.010476
7 0.769286 0.097619 0.004286 0.010476
7 0.783214 0.097619 0.005000 0.012381
7 0.797857 0.097619 0.002857 0.012381
7 0.804643 0.098095 0.002143 0.011429
7 0.808929 0.098095 0.003571 0.011429
7 0.764643 0.101429 0.003571 0.012381
