11 0.031429 0.657995 0.062857 0.079949
3 0.006429 0.779188 0.012857 0.065990
3 0.033929 0.764594 0.030714 0.082487
3 0.066071 0.769670 0.029286 0.077411
11 0.028571 0.848985 0.034286 0.098985
5 0.093929 0.608503 0.012143 0.039340
5 0.107500 0.600888 0.010714 0.036802
5 0.117857 0.600254 0.011429 0.035533
5 0.127857 0.592640 0.008571 0.043147
5 0.138571 0.576777 0.012857 0.034264
5 0.146429 0.524746 0.024286 0.026650
5 0.149286 0.508249 0.024286 0.026650
5 0.146786 0.494924 0.023571 0.020305
5 0.145357 0.473350 0.023571 0.022843
3 0.130000 0.225888 0.015714 0.040609
11 0.151071 0.218909 0.015000 0.044416
5 0.178929 0.241751 0.005000 0.021574
5 0.186071 0.238579 0.006429 0.025381
5 0.238214 0.232868 0.015000 0.019036
5 0.226429 0.227157 0.017143 0.017766
11 0.222500 0.251269 0.033571 0.032995
11 0.227857 0.264594 0.037143 0.034264
3 0.228214 0.281726 0.030714 0.027919
7 0.250000 0.279188 0.007143 0.020305
5 0.161429 0.328046 0.020000 0.021574
5 0.162143 0.336294 0.018571 0.017766
3 0.157857 0.354695 0.032857 0.026650
3 0.201429 0.444797 0.025714 0.049492
11 0.227500 0.353426 0.019286 0.034264
3 0.221071 0.315990 0.017857 0.035533
5 0.269643 0.285533 0.015000 0.017766
8 0.119286 0.095178 0.004286 0.012690
8 0.131071 0.093909 0.003571 0.015228
8 0.134286 0.095178 0.002857 0.012690
7 0.180357 0.123096 0.003571 0.012690
8 0.198571 0.117386 0.004286 0.011421
7 0.212143 0.106599 0.002857 0.022843
7 0.212500 0.091371 0.003571 0.015228
8 0.216429 0.062817 0.002857 0.011421
8 0.217857 0.062183 0.002857 0.012690
8 0.242857 0.091371 0.002857 0.015228
7 0.323214 0.079949 0.002143 0.010152
7 0.326071 0.078046 0.002143 0.016497
7 0.328214 0.090736 0.002143 0.011421
7 0.335000 0.179569 0.002857 0.019036
7 0.336071 0.265228 0.003571 0.020305
7 0.353571 0.348350 0.004286 0.021574
7 0.363571 0.357234 0.002857 0.019036
7 0.368214 0.355964 0.003571 0.019036
7 0.362500 0.399112 0.003571 0.019036
7 0.358929 0.491751 0.005000 0.016497
6 0.357143 0.498096 0.005714 0.016497
8 0.356786 0.498731 0.005000 0.010152
7 0.370714 0.547589 0.004286 0.021574
7 0.365000 0.600254 0.004286 0.022843
7 0.352500 0.662437 0.003571 0.020305
7 0.317857 0.795051 0.007143 0.029188
7 0.325357 0.860406 0.003571 0.017766
7 0.330000 0.844543 0.005714 0.019036
7 0.337143 0.840736 0.005714 0.019036
3 0.568214 0.885787 0.022143 0.088832
7 0.608571 0.571701 0.004286 0.021574
3 0.551786 0.690355 0.019286 0.065990
7 0.596071 0.397843 0.003571 0.019036
11 0.545000 0.586294 0.018571 0.058376
11 0.577500 0.572970 0.017857 0.054569
11 0.578929 0.508883 0.016429 0.050761
11 0.580357 0.431472 0.016429 0.058376
11 0.570714 0.372462 0.020000 0.049492
7 0.581071 0.369924 0.005000 0.024112
3 0.554286 0.328680 0.022857 0.038071
3 0.531071 0.241751 0.029286 0.034264
7 0.549643 0.213198 0.005000 0.017766
6 0.551786 0.215736 0.003571 0.010152
10 0.512857 0.197970 0.020000 0.053299
10 0.496786 0.148477 0.023571 0.050761
