3 0.428500 0.236667 0.037000 0.025333
3 0.447750 0.214333 0.041500 0.030000
3 0.718000 0.040333 0.009000 0.014000
11 0.710250 0.033333 0.008500 0.014667
3 0.729000 0.040667 0.009000 0.013333
11 0.713000 0.026333 0.007000 0.014000
3 0.718000 0.026000 0.007000 0.012000
11 0.704750 0.088333 0.022500 0.014000
11 0.723000 0.174333 0.022000 0.028667
11 0.720500 0.149000 0.029000 0.022000
10 0.611000 0.200000 0.037000 0.041333
3 0.409250 0.324333 0.037500 0.047333
3 0.515000 0.159000 0.019000 0.014000
11 0.626750 0.167000 0.018500 0.026000
11 0.637250 0.151333 0.017500 0.024000
3 0.542250 0.096000 0.025500 0.016000
11 0.579750 0.092667 0.030500 0.020000
3 0.520500 0.111000 0.029000 0.015333
3 0.373000 0.228000 0.044000 0.028000
5 0.490250 0.197333 0.006500 0.018667
1 0.479000 0.204333 0.013000 0.015333
5 0.481250 0.195667 0.006500 0.018000
1 0.468750 0.195000 0.006500 0.019333
11 0.500000 0.304000 0.047000 0.044000
10 0.579750 0.195667 0.020500 0.047333
11 0.663000 0.384000 0.030000 0.058667
3 0.635000 0.503000 0.038000 0.090000
3 0.505000 0.526333 0.053000 0.079333
10 0.360000 0.508667 0.106000 0.116000
10 0.572500 0.659333 0.108000 0.120000
10 0.265750 0.786000 0.124500 0.145333
7 0.271750 0.851667 0.022500 0.047333
7 0.376750 0.854333 0.022500 0.047333
7 0.409250 0.785000 0.021500 0.036667
7 0.412500 0.632333 0.020000 0.035333
7 0.490250 0.486000 0.016500 0.038667
7 0.589750 0.344333 0.007500 0.026000
7 0.545750 0.284667 0.009500 0.021333
7 0.497250 0.239333 0.007500 0.024000
7 0.641000 0.200333 0.008000 0.018000
7 0.662000 0.145000 0.005000 0.012667
7 0.675750 0.136333 0.005500 0.012667
7 0.691750 0.089000 0.003500 0.010000
7 0.476250 0.163000 0.005500 0.019333
7 0.551000 0.336333 0.007000 0.022000
7 0.542250 0.336000 0.007500 0.025333
7 0.533250 0.297333 0.007500 0.025333
7 0.561500 0.241667 0.006000 0.024667
7 0.619750 0.227333 0.005500 0.021333
7 0.623250 0.212667 0.005500 0.021333
7 0.614250 0.216667 0.005500 0.021333
7 0.607250 0.229000 0.003500 0.014000
7 0.614000 0.225000 0.004000 0.014000
7 0.631000 0.194000 0.006000 0.026667
7 0.669500 0.122333 0.004000 0.016667
7 0.696250 0.060667 0.002500 0.012000
7 0.667750 0.084000 0.002500 0.013333
7 0.582250 0.399667 0.007500 0.026000
7 0.572750 0.415000 0.007500 0.026000
7 0.570000 0.426333 0.007000 0.026000
7 0.485500 0.445000 0.010000 0.034000
7 0.479500 0.449000 0.010000 0.034000
7 0.470500 0.452000 0.007000 0.030667
7 0.467250 0.518667 0.008500 0.025333
7 0.458500 0.512000 0.009000 0.029333
7 0.426250 0.560667 0.012500 0.040000
7 0.416250 0.564667 0.008500 0.036000
7 0.458000 0.593333 0.013000 0.034667
7 0.427750 0.537333 0.009500 0.030667
7 0.448250 0.682333 0.016500 0.040667
7 0.376250 0.687667 0.015500 0.044667
7 0.460000 0.732333 0.013000 0.031333
7 0.446750 0.749000 0.011500 0.039333
7 0.381250 0.700333 0.018500 0.026000
7 0.398250 0.681000 0.009500 0.022000
7 0.389000 0.684000 0.008000 0.025333
7 0.348750 0.676000 0.017500 0.042667
7 0.324750 0.658667 0.013500 0.033333
8 0.313750 0.699667 0.018500 0.035333
7 0.367000 0.979667 0.022000 0.039333
7 0.485000 0.771333 0.010000 0.040000
5 0.367250 0.970333 0.022500 0.051333
5 0.348750 0.730000 0.024500 0.040000
5 0.332500 0.588000 0.031000 0.026667
1 0.251250 0.417667 0.028500 0.016667
1 0.204750 0.493000 0.028500 0.016667
8 0.373000 0.736333 0.009000 0.027333
7 0.449000 0.488000 0.010000 0.029333
7 0.460000 0.488667 0.008000 0.030667
7 0.460250 0.440667 0.008500 0.020000
7 0.463500 0.427000 0.009000 0.027333
1 0.497000 0.424333 0.014000 0.027333
7 0.484000 0.474667 0.010000 0.030667
1 0.589500 0.351333 0.011000 0.025333
1 0.622750 0.271667 0.006500 0.020667
5 0.546000 0.288667 0.013000 0.021333
7 0.623250 0.264333 0.004500 0.016667
8 0.569500 0.236333 0.007000 0.018000
5 0.640500 0.208000 0.008000 0.017333
7 0.646750 0.148667 0.006500 0.018667
7 0.662750 0.129333 0.004500 0.017333
7 0.660000 0.114000 0.003000 0.016000
7 0.662000 0.113667 0.003000 0.019333
7 0.664500 0.117000 0.003000 0.015333
8 0.666750 0.114333 0.002500 0.012667
5 0.662250 0.150333 0.006500 0.012667
5 0.675000 0.141333 0.005000 0.012000
5 0.691500 0.094000 0.007000 0.006667
7 0.704250 0.097333 0.003500 0.014667
7 0.695000 0.300333 0.007000 0.024667
8 0.697000 0.295333 0.009000 0.018667
8 0.692250 0.343000 0.009500 0.019333
8 0.690500 0.333667 0.007000 0.012667
8 0.684500 0.332667 0.007000 0.012000
8 0.680750 0.343667 0.009500 0.019333
1 0.496250 0.157667 0.005500 0.012667
1 0.484500 0.160667 0.014000 0.014667
9 0.520000 0.135000 0.008000 0.015333
1 0.520000 0.170667 0.015000 0.012000
1 0.508000 0.170667 0.011000 0.012000
11 0.597750 0.173667 0.028500 0.030000
1 0.706250 0.062000 0.004500 0.009333
7 0.706500 0.057000 0.003000 0.011333
7 0.660250 0.182333 0.005500 0.019333
7 0.586500 0.224000 0.007000 0.020000
8 0.586250 0.236000 0.005500 0.013333
9 0.572000 0.251333 0.012000 0.022667
8 0.530250 0.315333 0.007500 0.016000
1 0.655000 0.451667 0.025000 0.026000
5 0.411500 0.632667 0.018000 0.053333
5 0.411000 0.789667 0.023000 0.062000
1 0.447500 0.688667 0.016000 0.053333
5 0.376250 0.855667 0.022500 0.060667
5 0.271500 0.858000 0.040000 0.062667
10 0.042750 0.940667 0.085500 0.109333
5 0.319250 0.362667 0.012500 0.026667
