7 0.694286 0.426667 0.004286 0.011429
7 0.631786 0.474286 0.005000 0.013333
7 0.616429 0.419524 0.004286 0.012381
7 0.633214 0.411429 0.002143 0.013333
7 0.662500 0.428571 0.003571 0.011429
7 0.670714 0.399524 0.002857 0.008571
7 0.687857 0.422857 0.004286 0.009524
7 0.657500 0.385714 0.003571 0.011429
7 0.646071 0.406190 0.003571 0.010476
7 0.580357 0.392857 0.006429 0.014286
7 0.566071 0.440000 0.003571 0.013333
7 0.541786 0.456667 0.005000 0.014286
7 0.570000 0.473333 0.004286 0.011429
7 0.568571 0.465714 0.002857 0.013333
7 0.616071 0.410000 0.002143 0.010476
7 0.646071 0.398571 0.002143 0.010476
7 0.693571 0.421905 0.002857 0.011429
7 0.523214 0.440952 0.003571 0.011429
7 0.680357 0.352857 0.003571 0.010476
7 0.353571 0.273810 0.002857 0.010476
7 0.362857 0.261905 0.002857 0.011429
7 0.352143 0.259524 0.002857 0.008571
7 0.346071 0.279048 0.002143 0.011429
7 0.349643 0.281429 0.002143 0.010476
4 0.329643 0.277143 0.017857 0.011429
7 0.498571 0.287143 0.004286 0.010476
7 0.542143 0.289524 0.002857 0.009524
7 0.540000 0.251905 0.001429 0.008571
