3 0.622500 0.951667 0.080000 0.095333
3 0.427000 0.970000 0.057000 0.058667
11 0.410000 0.804000 0.047000 0.118667
7 0.636500 0.818000 0.016000 0.046667
5 0.617750 0.804667 0.018500 0.061333
5 0.576250 0.753000 0.017500 0.042000
7 0.567500 0.604667 0.011000 0.042667
8 0.567500 0.600667 0.007000 0.017333
9 0.562500 0.579000 0.024000 0.035333
3 0.527750 0.583000 0.035500 0.070000
11 0.519250 0.509667 0.037500 0.068667
3 0.508750 0.462667 0.032500 0.053333
0 0.236000 0.541667 0.045000 0.046000
11 0.406750 0.576667 0.033500 0.085333
11 0.413500 0.501000 0.028000 0.054000
3 0.422750 0.456333 0.038500 0.047333
8 0.436500 0.448667 0.009000 0.022667
8 0.473000 0.452667 0.010000 0.021333
9 0.472250 0.466333 0.011500 0.020667
3 0.416500 0.408667 0.024000 0.034667
3 0.418750 0.371333 0.021500 0.038667
3 0.421250 0.343000 0.019500 0.030000
3 0.412250 0.314667 0.017500 0.021333
3 0.467750 0.409000 0.026500 0.036667
3 0.491750 0.381333 0.024500 0.038667
3 0.446250 0.369667 0.021500 0.030000
3 0.478250 0.315667 0.019500 0.028667
3 0.439500 0.313333 0.024000 0.026667
11 0.502500 0.310667 0.018000 0.028000
11 0.457250 0.293667 0.026500 0.032667
11 0.425750 0.291333 0.032500 0.022667
11 0.349750 0.275333 0.033500 0.024000
11 0.350250 0.251667 0.018500 0.018000
11 0.391000 0.248333 0.028000 0.023333
11 0.418500 0.229333 0.012000 0.018667
11 0.394000 0.236000 0.024000 0.017333
3 0.374750 0.121000 0.008500 0.007333
3 0.416000 0.247000 0.013000 0.014000
3 0.412000 0.264333 0.013000 0.016667
3 0.397750 0.276000 0.025500 0.020000
3 0.388750 0.285000 0.027500 0.022000
3 0.320500 0.268333 0.029000 0.016667
3 0.319000 0.298000 0.028000 0.018667
3 0.350750 0.314000 0.042500 0.025333
3 0.330000 0.287000 0.032000 0.018000
11 0.304250 0.273333 0.016500 0.017333
7 0.314000 0.273333 0.006000 0.016000
3 0.433750 0.254000 0.020500 0.016000
3 0.434750 0.273667 0.026500 0.018000
3 0.469250 0.283333 0.033500 0.018667
11 0.489000 0.271333 0.015000 0.022667
7 0.492000 0.286667 0.004000 0.020000
7 0.493750 0.299000 0.004500 0.019333
7 0.472750 0.288333 0.006500 0.020667
8 0.944250 0.716000 0.020500 0.028000
7 0.903250 0.626000 0.014500 0.033333
7 0.877250 0.623000 0.017500 0.039333
7 0.858750 0.622000 0.015500 0.041333
7 0.810750 0.542667 0.009500 0.032000
7 0.806750 0.529333 0.011500 0.037333
7 0.796500 0.518000 0.011000 0.034667
7 0.831750 0.539000 0.014500 0.035333
7 0.835750 0.513667 0.011500 0.035333
7 0.831250 0.465000 0.011500 0.034000
7 0.799250 0.432333 0.010500 0.027333
7 0.829000 0.415333 0.011000 0.030667
7 0.836250 0.420000 0.007500 0.029333
7 0.846500 0.422667 0.010000 0.028000
7 0.857250 0.433333 0.008500 0.029333
7 0.862500 0.439333 0.010000 0.028000
7 0.866500 0.407667 0.010000 0.028667
7 0.871000 0.438000 0.006000 0.028000
7 0.877000 0.436000 0.008000 0.030667
7 0.884000 0.411000 0.009000 0.030000
7 0.883500 0.407000 0.008000 0.031333
7 0.847000 0.408667 0.006000 0.022667
7 0.845750 0.384000 0.006500 0.024000
8 0.850750 0.401333 0.003500 0.013333
7 0.807250 0.362000 0.008500 0.028000
7 0.820500 0.367667 0.009000 0.028667
7 0.870250 0.375333 0.006500 0.024000
7 0.881750 0.378333 0.007500 0.024667
7 0.848000 0.352667 0.008000 0.022667
1 0.935750 0.509667 0.027500 0.022000
1 0.938500 0.556667 0.030000 0.022667
5 0.941250 0.552000 0.030500 0.025333
3 0.898000 0.554667 0.053000 0.076000
11 0.879750 0.484667 0.051500 0.072000
5 0.971750 0.304667 0.005500 0.012000
5 0.960250 0.313667 0.013500 0.011333
5 0.947500 0.305667 0.007000 0.016667
8 0.946500 0.303333 0.005000 0.009333
7 0.936250 0.308333 0.007500 0.019333
7 0.920250 0.300667 0.004500 0.014667
7 0.915250 0.299667 0.005500 0.018000
7 0.926250 0.298000 0.006500 0.020000
1 0.923250 0.302667 0.018500 0.012000
7 0.901000 0.303667 0.006000 0.022000
7 0.877750 0.324000 0.008500 0.022667
7 0.880500 0.304000 0.006000 0.021333
8 0.866500 0.324333 0.011000 0.016667
8 0.876000 0.313333 0.008000 0.012000
1 0.891750 0.305667 0.009500 0.014000
5 0.866000 0.332000 0.007000 0.013333
5 0.875250 0.320667 0.012500 0.012000
7 0.854250 0.289000 0.004500 0.014000
7 0.856750 0.291000 0.004500 0.014000
7 0.846500 0.289333 0.005000 0.018667
5 0.854500 0.298333 0.014000 0.012667
7 0.834250 0.292000 0.006500 0.020000
7 0.826750 0.288333 0.004500 0.016667
1 0.828750 0.292000 0.008500 0.010667
5 0.725750 0.368333 0.016500 0.012667
5 0.725250 0.364000 0.020500 0.014667
5 0.711000 0.320333 0.009000 0.014000
5 0.643750 0.317333 0.014500 0.009333
11 0.729250 0.340667 0.022500 0.033333
11 0.698750 0.330000 0.037500 0.032000
5 0.668500 0.315333 0.017000 0.013333
8 0.698250 0.360333 0.006500 0.012667
8 0.689750 0.361667 0.007500 0.016667
8 0.686750 0.356333 0.009500 0.015333
8 0.698000 0.356000 0.007000 0.013333
8 0.657500 0.333667 0.007000 0.015333
7 0.615750 0.275667 0.004500 0.014000
8 0.620500 0.285000 0.006000 0.011333
1 0.622750 0.292667 0.010500 0.012000
7 0.620750 0.264667 0.004500 0.016000
7 0.626250 0.260000 0.002500 0.016000
7 0.635250 0.257667 0.003500 0.015333
7 0.658250 0.263333 0.004500 0.016000
7 0.643250 0.245667 0.003500 0.011333
7 0.656750 0.242667 0.007500 0.017333
11 0.549000 0.234333 0.012000 0.018000
10 0.562250 0.238000 0.012500 0.017333
11 0.583250 0.234333 0.020500 0.015333
7 0.582750 0.223667 0.004500 0.012667
7 0.546000 0.216333 0.004000 0.012667
9 0.571500 0.217667 0.014000 0.010000
9 0.551250 0.217000 0.014500 0.010000
7 0.668000 0.210667 0.003000 0.012000
7 0.668500 0.214000 0.003000 0.013333
7 0.672750 0.216333 0.003500 0.012667
7 0.676000 0.210333 0.004000 0.012667
7 0.677250 0.215333 0.001500 0.012000
7 0.680750 0.221000 0.002500 0.011333
7 0.681250 0.216000 0.004500 0.010667
7 0.678750 0.209667 0.002500 0.010000
7 0.685750 0.214667 0.004500 0.014667
7 0.694500 0.219333 0.005000 0.014667
7 0.688750 0.210667 0.005500 0.013333
7 0.693750 0.209667 0.002500 0.007333
7 0.696750 0.208333 0.004500 0.014000
7 0.702750 0.202667 0.004500 0.014667
7 0.705750 0.206000 0.004500 0.016000
7 0.709250 0.214333 0.002500 0.012667
7 0.727000 0.174000 0.003000 0.012000
7 0.731500 0.174333 0.004000 0.010000
7 0.736500 0.175000 0.003000 0.011333
7 0.695500 0.157333 0.003000 0.009333
3 0.654500 0.164333 0.018000 0.011333
3 0.668500 0.170000 0.019000 0.012000
3 0.691000 0.166000 0.018000 0.008000
3 0.706750 0.172667 0.016500 0.010667
3 0.711250 0.184333 0.011500 0.012667
3 0.682000 0.191667 0.021000 0.010000
11 0.688750 0.186667 0.015500 0.013333
11 0.665000 0.183333 0.015000 0.012000
3 0.665750 0.154000 0.019500 0.009333
3 0.585500 0.122333 0.012000 0.007333
3 0.707500 0.157667 0.018000 0.007333
2 0.722750 0.157667 0.035500 0.020667
3 0.746000 0.170000 0.022000 0.010667
3 0.753750 0.160000 0.019500 0.010667
3 0.781250 0.163333 0.021500 0.010667
3 0.783250 0.178667 0.022500 0.012000
3 0.747250 0.181667 0.012500 0.016667
3 0.743000 0.184000 0.015000 0.012000
11 0.742500 0.188667 0.008000 0.014667
11 0.735750 0.194333 0.014500 0.015333
11 0.717000 0.206000 0.015000 0.013333
11 0.729500 0.216667 0.017000 0.014667
11 0.729000 0.207667 0.019000 0.015333
7 0.721250 0.194667 0.005500 0.014667
7 0.755500 0.211000 0.006000 0.014000
7 0.748500 0.226667 0.004000 0.013333
7 0.752000 0.231333 0.005000 0.016000
10 0.730750 0.238667 0.024500 0.016000
10 0.762750 0.237000 0.012500 0.018000
11 0.748500 0.223000 0.022000 0.016667
11 0.763500 0.228000 0.023000 0.014667
11 0.796250 0.229667 0.025500 0.016667
11 0.785500 0.239667 0.030000 0.016667
11 0.821250 0.233000 0.011500 0.018000
7 0.828000 0.226333 0.004000 0.014000
8 0.840000 0.226667 0.005000 0.009333
7 0.838750 0.239667 0.005500 0.014000
7 0.846000 0.242333 0.004000 0.014000
7 0.840250 0.258333 0.006500 0.016667
7 0.836250 0.257333 0.005500 0.014667
7 0.827500 0.261333 0.005000 0.009333
7 0.824000 0.258000 0.005000 0.013333
7 0.826500 0.254000 0.005000 0.013333
7 0.818500 0.253000 0.005000 0.016667
7 0.822750 0.251333 0.004500 0.014667
7 0.784500 0.275000 0.006000 0.018000
7 0.794750 0.275333 0.004500 0.016000
7 0.800000 0.276667 0.005000 0.016000
7 0.806500 0.278667 0.005000 0.017333
7 0.809500 0.279000 0.004000 0.015333
7 0.823500 0.280000 0.004000 0.014667
7 0.821750 0.281667 0.004500 0.015333
7 0.819500 0.279667 0.005000 0.014000
8 0.812250 0.280000 0.005500 0.014667
8 0.780250 0.283333 0.005500 0.010667
8 0.804000 0.283333 0.005000 0.010667
