10 0.198214 0.464762 0.250714 0.209524
3 0.373571 0.434762 0.161429 0.119048
3 0.597857 0.540000 0.211429 0.154286
3 0.881786 0.678571 0.235000 0.221905
3 0.128214 0.331905 0.140714 0.096190
3 0.206071 0.263810 0.117857 0.091429
3 0.116786 0.090952 0.103571 0.063810
3 0.204643 0.030000 0.082143 0.056190
8 0.205357 0.089048 0.019286 0.054286
8 0.256429 0.082381 0.015714 0.040952
8 0.276429 0.103333 0.015714 0.035238
8 0.335000 0.098571 0.020000 0.037143
5 0.260714 0.093810 0.025714 0.027619
5 0.278571 0.123810 0.030000 0.022857
5 0.335000 0.118571 0.024286 0.025714
1 0.206071 0.096667 0.027857 0.035238
3 0.277500 0.022857 0.063571 0.043810
