10 0.172500 0.560476 0.045000 0.021905
10 0.199286 0.586190 0.094286 0.021905
10 0.198929 0.612381 0.095000 0.022857
3 0.284643 0.496667 0.013571 0.039048
11 0.309286 0.494762 0.012857 0.029524
3 0.295714 0.682381 0.012857 0.037143
3 0.314286 0.695238 0.014286 0.038095
10 0.585000 0.973333 0.020000 0.051429
5 0.556071 0.883810 0.006429 0.017143
5 0.572143 0.820952 0.007143 0.015238
5 0.557500 0.787143 0.005000 0.016190
3 0.824643 0.932857 0.015000 0.037143
3 0.580000 0.586667 0.011429 0.038095
3 0.696429 0.551429 0.012857 0.040000
3 0.700714 0.623810 0.012857 0.036190
2 0.709643 0.780952 0.023571 0.091429
5 0.729643 0.810952 0.005000 0.018095
5 0.741071 0.935238 0.006429 0.017143
10 0.797500 0.791429 0.019286 0.049524
9 0.562143 0.603810 0.011429 0.028571
9 0.549286 0.564762 0.010000 0.026667
5 0.561429 0.561429 0.005714 0.014286
10 0.562857 0.518095 0.012857 0.040000
3 0.576786 0.453810 0.013571 0.035238
3 0.696071 0.477619 0.012143 0.035238
3 0.568929 0.327619 0.012143 0.040000
3 0.567143 0.254762 0.012857 0.037143
3 0.560000 0.135238 0.015714 0.038095
5 0.587143 0.300952 0.007143 0.017143
5 0.551786 0.221429 0.006429 0.018095
10 0.695000 0.420000 0.012857 0.041905
11 0.695714 0.364286 0.011429 0.035238
11 0.697143 0.314762 0.014286 0.035238
10 0.700000 0.241905 0.022857 0.072381
10 0.720000 0.162857 0.027143 0.083810
10 0.695714 0.140000 0.020000 0.047619
5 0.720357 0.090952 0.006429 0.016190
3 0.698929 0.010000 0.013571 0.020000
3 0.680714 0.010000 0.011429 0.020000
3 0.859643 0.053810 0.020714 0.020000
5 0.576786 0.013333 0.010714 0.015238
11 0.347500 0.130952 0.025000 0.020000
