3 0.262000 0.891667 0.127000 0.115333
11 0.312250 0.786333 0.155500 0.143333
7 0.359750 0.921333 0.024500 0.038667
7 0.426250 0.849667 0.021500 0.044667
7 0.375500 0.847333 0.015000 0.041333
7 0.499000 0.649667 0.014000 0.043333
3 0.521500 0.705667 0.078000 0.122000
3 0.477000 0.540333 0.105000 0.064667
7 0.468750 0.495333 0.009500 0.034667
7 0.511000 0.496000 0.015000 0.032000
3 0.525250 0.480000 0.091500 0.065333
7 0.466750 0.441000 0.009500 0.039333
7 0.504000 0.399333 0.010000 0.037333
7 0.464500 0.360333 0.012000 0.035333
7 0.434750 0.372667 0.011500 0.034667
3 0.537750 0.294667 0.046500 0.068000
3 0.483750 0.276333 0.044500 0.064667
3 0.478250 0.217333 0.041500 0.060000
3 0.427500 0.218000 0.048000 0.062667
3 0.559750 0.235000 0.043500 0.063333
3 0.595500 0.253000 0.044000 0.062000
3 0.611500 0.320333 0.044000 0.067333
3 0.628500 0.414667 0.049000 0.088000
1 0.510000 0.161333 0.022000 0.017333
8 0.509500 0.156000 0.008000 0.028000
7 0.449250 0.127667 0.007500 0.028667
3 0.546750 0.118000 0.030500 0.045333
3 0.579000 0.125667 0.027000 0.042000
3 0.635250 0.093667 0.024500 0.039333
3 0.638750 0.139000 0.027500 0.038000
7 0.372750 0.116667 0.008500 0.026667
7 0.391500 0.111000 0.008000 0.024667
7 0.246250 0.080000 0.009500 0.026667
3 0.699250 0.100000 0.025500 0.041333
3 0.653500 0.039000 0.047000 0.024667
3 0.669000 0.014667 0.047000 0.026667
2 0.763250 0.276667 0.054500 0.101333
11 0.716000 0.440667 0.050000 0.106667
9 0.718000 0.572667 0.030000 0.060000
8 0.713750 0.569000 0.016500 0.030000
11 0.648250 0.732000 0.070500 0.164000
