3 0.683571 0.442381 0.032857 0.084762
3 0.637857 0.446667 0.034286 0.081905
3 0.385000 0.880476 0.104286 0.080952
10 0.202500 0.800000 0.139286 0.106667
3 0.050000 0.963333 0.100000 0.071429
3 0.450357 0.981905 0.103571 0.034286
3 0.709643 0.975714 0.100714 0.046667
7 0.314643 0.526667 0.010714 0.022857
7 0.427857 0.569048 0.007143 0.020000
7 0.523571 0.445238 0.007143 0.025714
3 0.611071 0.050000 0.043571 0.035238
7 0.717143 0.598571 0.014286 0.023810
7 0.881071 0.016190 0.007857 0.020952
7 0.885357 0.150476 0.009286 0.022857
7 0.894286 0.152381 0.007143 0.019048
7 0.902500 0.159524 0.005000 0.014286
7 0.908571 0.147619 0.004286 0.011429
7 0.914286 0.210000 0.007143 0.020000
7 0.919286 0.172857 0.007143 0.012381
7 0.879643 0.125238 0.006429 0.023810
7 0.882143 0.084286 0.005714 0.020000
7 0.873929 0.083810 0.005000 0.019048
