3 0.317500 0.929524 0.077857 0.080000
11 0.335714 0.849048 0.067143 0.067619
3 0.352500 0.803810 0.062143 0.060952
7 0.331071 0.772381 0.009286 0.020952
3 0.379643 0.751429 0.053571 0.055238
3 0.408929 0.677143 0.060714 0.057143
3 0.436071 0.605238 0.030714 0.060000
8 0.092500 0.965714 0.025000 0.017143
7 0.146071 0.900000 0.016429 0.028571
7 0.076786 0.891429 0.016429 0.022857
5 0.168214 0.814762 0.017857 0.040952
5 0.201071 0.750476 0.025000 0.020952
5 0.224286 0.686667 0.031429 0.024762
5 0.232857 0.668095 0.024286 0.021905
5 0.250000 0.667143 0.018571 0.020000
5 0.252143 0.650000 0.020000 0.029524
5 0.277857 0.657619 0.024286 0.021905
5 0.335357 0.709524 0.019286 0.038095
8 0.333571 0.709048 0.014286 0.025714
5 0.370000 0.626667 0.015714 0.032381
8 0.370357 0.623810 0.012143 0.026667
5 0.111786 0.718095 0.026429 0.020952
11 0.325714 0.486667 0.040000 0.045714
3 0.308571 0.467619 0.038571 0.038095
11 0.293214 0.445714 0.037857 0.036190
3 0.424643 0.487619 0.026429 0.051429
11 0.276786 0.360952 0.030714 0.028571
11 0.335000 0.354286 0.045714 0.028571
7 0.364286 0.351429 0.004286 0.019048
5 0.407143 0.365238 0.017143 0.018095
8 0.405714 0.361905 0.010000 0.017143
5 0.423929 0.347143 0.022143 0.014286
8 0.422857 0.343810 0.010000 0.015238
8 0.376071 0.292381 0.007857 0.013333
7 0.383571 0.301429 0.007143 0.018095
7 0.390714 0.300000 0.007143 0.020952
11 0.411071 0.294286 0.016429 0.030476
5 0.412857 0.266190 0.017143 0.014286
11 0.470357 0.320000 0.017857 0.040000
3 0.478214 0.228095 0.020714 0.039048
5 0.491429 0.218571 0.007143 0.016190
8 0.491429 0.215238 0.005714 0.011429
3 0.522857 0.237619 0.015714 0.031429
3 0.510357 0.177619 0.013571 0.025714
3 0.540000 0.146190 0.014286 0.025714
3 0.554643 0.695238 0.029286 0.081905
10 0.623571 0.733810 0.055714 0.134286
3 0.681429 0.859048 0.050000 0.104762
3 0.745714 0.824762 0.050000 0.100952
5 0.806071 0.979524 0.032143 0.039048
8 0.809643 0.984762 0.019286 0.028571
5 0.816786 0.859524 0.029286 0.040952
8 0.816429 0.860000 0.018571 0.030476
5 0.885357 0.937619 0.027857 0.054286
8 0.886071 0.935238 0.022143 0.028571
8 0.882143 0.923333 0.012857 0.023810
3 0.792500 0.775714 0.055000 0.084762
10 0.661429 0.704762 0.061429 0.131429
3 0.706071 0.687143 0.046429 0.086667
3 0.750714 0.664762 0.044286 0.074286
3 0.628214 0.604286 0.035000 0.067619
10 0.685000 0.600000 0.038571 0.074286
11 0.718571 0.570000 0.040000 0.071429
5 0.553214 0.571905 0.007857 0.029524
8 0.554286 0.564762 0.007143 0.015238
3 0.610000 0.532381 0.030000 0.059048
3 0.592500 0.460476 0.027857 0.052381
10 0.697857 0.492857 0.034286 0.073333
10 0.643929 0.477143 0.060714 0.118095
11 0.576429 0.399048 0.028571 0.057143
3 0.664286 0.412381 0.030000 0.047619
10 0.615714 0.402857 0.027143 0.047619
3 0.602857 0.358095 0.022857 0.038095
3 0.647857 0.362381 0.025714 0.040952
10 0.627143 0.318571 0.027143 0.042857
3 0.618929 0.282381 0.022143 0.031429
3 0.596786 0.225238 0.019286 0.027619
5 0.536429 0.300476 0.005714 0.021905
8 0.536429 0.297143 0.005714 0.013333
5 0.533929 0.409048 0.006429 0.023810
8 0.533929 0.404286 0.006429 0.012381
5 0.608571 0.320952 0.011429 0.026667
8 0.607857 0.317143 0.010000 0.019048
3 0.506071 0.054762 0.010714 0.016190
3 0.523929 0.070000 0.012143 0.021905
5 0.598214 0.070476 0.005000 0.009524
8 0.598571 0.066667 0.004286 0.009524
3 0.617500 0.067143 0.019286 0.018095
9 0.564286 0.008571 0.008571 0.017143
5 0.925714 0.833810 0.028571 0.046667
8 0.927857 0.830000 0.021429 0.031429
5 0.903929 0.751429 0.020714 0.038095
8 0.906071 0.746667 0.015000 0.022857
5 0.912143 0.694286 0.020000 0.034286
8 0.913571 0.689048 0.012857 0.021905
5 0.816429 0.525714 0.015714 0.026667
8 0.817500 0.520000 0.010714 0.019048
5 0.936429 0.521905 0.024286 0.026667
8 0.938571 0.516667 0.014286 0.021905
7 0.972143 0.534762 0.014286 0.025714
7 0.934286 0.483333 0.014286 0.023810
7 0.910000 0.432857 0.011429 0.020000
5 0.830000 0.412381 0.017143 0.020952
8 0.830714 0.407619 0.010000 0.019048
11 0.840357 0.352857 0.032143 0.033333
3 0.816071 0.318571 0.033571 0.031429
5 0.728929 0.360476 0.012143 0.020000
8 0.729286 0.355714 0.010000 0.016190
5 0.661071 0.276190 0.007857 0.017143
8 0.662500 0.274762 0.005000 0.008571
8 0.661071 0.271429 0.006429 0.009524
9 0.721786 0.200000 0.010714 0.019048
8 0.740000 0.182381 0.005714 0.012381
10 0.695714 0.136190 0.022857 0.028571
11 0.663571 0.094762 0.015714 0.018095
3 0.671786 0.080000 0.016429 0.013333
5 0.590357 0.041429 0.003571 0.008571
8 0.590357 0.038571 0.003571 0.008571
3 0.639643 0.052857 0.010714 0.012381
3 0.636429 0.042381 0.010000 0.012381
10 0.633214 0.030000 0.009286 0.016190
7 0.652500 0.025714 0.003571 0.011429
5 0.676429 0.030476 0.007143 0.009524
5 0.672500 0.027619 0.007857 0.009524
5 0.666429 0.021905 0.007143 0.009524
