11 0.106071 0.505238 0.042143 0.027619
11 0.594286 0.963333 0.028571 0.071429
11 0.532857 0.019048 0.007143 0.013333
11 0.516071 0.166667 0.007857 0.028571
11 0.514643 0.149048 0.010714 0.021905
11 0.511071 0.052857 0.007857 0.018095
11 0.510357 0.037143 0.009286 0.019048
3 0.580357 0.520000 0.040714 0.024762
3 0.482143 0.503333 0.041429 0.025714
3 0.208571 0.507143 0.041429 0.025714
3 0.014286 0.503810 0.028571 0.022857
3 0.554286 0.402381 0.017143 0.035238
3 0.593571 0.343333 0.014286 0.027619
3 0.522857 0.358571 0.014286 0.029524
3 0.521429 0.261429 0.012857 0.023810
3 0.511429 0.092857 0.008571 0.018095
3 0.513571 0.078095 0.007143 0.020952
3 0.512143 0.068571 0.005714 0.013333
3 0.561071 0.123333 0.017857 0.016190
3 0.557500 0.094286 0.009286 0.015238
3 0.555000 0.080476 0.010000 0.014286
3 0.552500 0.067619 0.010714 0.015238
3 0.534286 0.048571 0.007143 0.019048
7 0.708214 0.967619 0.007857 0.017143
7 0.715357 0.961905 0.007857 0.015238
7 0.723214 0.965714 0.007857 0.017143
7 0.272500 0.435714 0.006429 0.014286
7 0.345357 0.431905 0.007857 0.018095
7 0.539286 0.342857 0.004286 0.017143
7 0.588929 0.251429 0.005000 0.015238
7 0.585714 0.210000 0.001429 0.014286
7 0.588214 0.213333 0.003571 0.007619
7 0.524286 0.111905 0.002857 0.012381
7 0.528214 0.112857 0.003571 0.012381
7 0.542143 0.123810 0.002857 0.013333
7 0.559286 0.155238 0.002857 0.011429
7 0.491786 0.614762 0.006429 0.016190
7 0.475714 0.548571 0.005714 0.015238
5 0.405000 0.488571 0.015714 0.009524
5 0.493571 0.469524 0.017143 0.011429
5 0.507857 0.465238 0.015714 0.010476
5 0.536786 0.462381 0.015000 0.010476
5 0.559643 0.355238 0.005000 0.017143
5 0.596071 0.371429 0.005000 0.013333
5 0.603929 0.403810 0.007857 0.020952
5 0.630714 0.420952 0.008571 0.019048
5 0.647143 0.482857 0.014286 0.013333
5 0.541071 0.443810 0.006429 0.020952
5 0.539643 0.200476 0.005000 0.012381
5 0.555000 0.175238 0.002857 0.009524
5 0.569643 0.171905 0.009286 0.010476
5 0.565714 0.154762 0.007143 0.010476
5 0.568929 0.182381 0.005000 0.012381
5 0.549286 0.144762 0.004286 0.007619
5 0.553571 0.137619 0.002857 0.010476
5 0.550714 0.155238 0.004286 0.009524
5 0.532143 0.150476 0.002857 0.009524
9 0.521071 0.210476 0.009286 0.019048
9 0.519643 0.231429 0.009286 0.019048
9 0.564286 0.135714 0.007143 0.018095
5 0.587500 0.311905 0.012143 0.012381
5 0.590357 0.320000 0.013571 0.011429
1 0.177500 0.464286 0.015000 0.010476
1 0.259286 0.470000 0.014286 0.008571
1 0.272857 0.462857 0.015714 0.007619
1 0.556786 0.450000 0.012143 0.010476
1 0.579286 0.093333 0.008571 0.007619
4 0.585000 0.181905 0.012857 0.022857
5 0.523571 0.446667 0.007143 0.022857
5 0.625357 0.631905 0.007857 0.021905
8 0.175357 0.460000 0.007857 0.011429
8 0.257143 0.465714 0.007143 0.013333
8 0.271429 0.459048 0.005714 0.011429
8 0.493929 0.466667 0.005000 0.011429
8 0.503214 0.460952 0.003571 0.011429
8 0.508929 0.463810 0.006429 0.015238
8 0.537857 0.461905 0.005714 0.009524
8 0.556429 0.445238 0.004286 0.010476
8 0.559643 0.350952 0.003571 0.008571
8 0.596071 0.365714 0.003571 0.009524
8 0.541429 0.440000 0.004286 0.015238
8 0.539643 0.194762 0.003571 0.008571
8 0.532857 0.146190 0.002857 0.006667
3 0.515000 0.132381 0.008571 0.019048
10 0.512143 0.112857 0.008571 0.020000
11 0.588214 0.104762 0.020714 0.013333
1 0.457500 0.476190 0.015000 0.009524
8 0.458929 0.474762 0.006429 0.012381
3 0.866429 0.466667 0.041429 0.020952
9 0.786429 0.445714 0.020000 0.017143
0 0.803571 0.441429 0.020000 0.018095
5 0.896071 0.457619 0.013571 0.014286
5 0.907500 0.439524 0.015000 0.014286
5 0.859286 0.446667 0.011429 0.011429
5 0.965357 0.445238 0.015000 0.010476
