2 0.011429 0.092640 0.022857 0.081218
2 0.011429 0.027919 0.022857 0.055838
2 0.029286 0.052030 0.021429 0.091371
7 0.025000 0.102792 0.002857 0.007614
7 0.036786 0.111041 0.003571 0.008883
7 0.045714 0.237944 0.004286 0.011421
7 0.011429 0.437817 0.007143 0.010152
7 0.082500 0.559645 0.006429 0.010152
7 0.060000 0.531091 0.005714 0.008883
7 0.004643 0.427030 0.003571 0.006345
7 0.002143 0.427665 0.004286 0.007614
7 0.042500 0.404822 0.006429 0.010152
7 0.059643 0.429569 0.006429 0.006345
7 0.083571 0.405457 0.004286 0.008883
7 0.070357 0.407360 0.005000 0.010152
7 0.080357 0.409264 0.005000 0.006345
7 0.082143 0.386421 0.004286 0.011421
7 0.071786 0.389594 0.003571 0.010152
7 0.078214 0.359137 0.003571 0.010152
7 0.072500 0.342640 0.005000 0.007614
7 0.082857 0.350254 0.004286 0.010152
7 0.099286 0.364848 0.004286 0.008883
7 0.109286 0.309010 0.005714 0.011421
7 0.120714 0.320431 0.005714 0.008883
7 0.111786 0.338832 0.005000 0.010152
7 0.070714 0.357234 0.004286 0.008883
7 0.067143 0.357868 0.004286 0.007614
7 0.040714 0.410533 0.004286 0.008883
7 0.065000 0.526015 0.005714 0.006345
7 0.066429 0.534264 0.005714 0.007614
7 0.066786 0.548223 0.005000 0.007614
7 0.068929 0.543782 0.006429 0.008883
7 0.118929 0.516497 0.005000 0.010152
7 0.147143 0.489213 0.005714 0.011421
7 0.116429 0.409898 0.004286 0.007614
7 0.108571 0.466371 0.004286 0.008883
7 0.107500 0.336294 0.005000 0.007614
7 0.107500 0.412437 0.005000 0.012690
7 0.103214 0.432741 0.005000 0.010152
7 0.116786 0.442259 0.005000 0.011421
7 0.055357 0.425761 0.003571 0.008883
7 0.136786 0.532360 0.005000 0.011421
7 0.111429 0.513325 0.005714 0.011421
7 0.169643 0.545685 0.005000 0.010152
7 0.264286 0.546320 0.004286 0.008883
7 0.187143 0.557741 0.005714 0.006345
7 0.176429 0.580584 0.002857 0.006345
7 0.170357 0.593909 0.003571 0.007614
7 0.182143 0.561548 0.004286 0.006345
7 0.120000 0.630711 0.007143 0.010152
7 0.175357 0.814721 0.003571 0.007614
7 0.125357 0.920051 0.005000 0.007614
8 0.027143 0.824239 0.005714 0.006345
8 0.031786 0.767132 0.005000 0.006345
8 0.269286 0.550761 0.002857 0.007614
1 0.269643 0.554569 0.003571 0.015228
1 0.028214 0.826142 0.003571 0.015228
1 0.033214 0.765863 0.005000 0.011421
7 0.063214 0.737310 0.005000 0.007614
7 0.060357 0.769036 0.005000 0.007614
10 0.092143 0.918147 0.044286 0.036802
10 0.097143 0.822335 0.051429 0.035533
7 0.372857 0.588198 0.002857 0.008883
2 0.238214 0.784264 0.063571 0.043147
11 0.245000 0.745558 0.051429 0.036802
11 0.244286 0.715736 0.061429 0.048223
3 0.317500 0.444162 0.009286 0.035533
7 0.278571 0.510152 0.002857 0.005076
3 0.318929 0.317893 0.007857 0.026650
3 0.356786 0.250635 0.012143 0.026650
3 0.350357 0.279188 0.013571 0.027919
3 0.356429 0.206853 0.020000 0.030457
11 0.355714 0.184010 0.015714 0.027919
3 0.368214 0.075508 0.015000 0.024112
3 0.348929 0.064086 0.016429 0.024112
11 0.360714 0.063452 0.015714 0.022843
3 0.432143 0.915609 0.011429 0.049492
3 0.456429 0.854695 0.011429 0.049492
10 0.504286 0.916244 0.015714 0.129442
10 0.435357 0.765228 0.019286 0.104061
10 0.505000 0.644036 0.015714 0.092640
10 0.527500 0.621827 0.019286 0.116751
2 0.506429 0.520939 0.011429 0.057107
3 0.433214 0.638959 0.012143 0.044416
3 0.462500 0.595178 0.009286 0.038071
3 0.487143 0.467005 0.008571 0.035533
3 0.454286 0.505076 0.011429 0.035533
3 0.467857 0.364213 0.008571 0.030457
3 0.451786 0.289340 0.010714 0.032995
10 0.449643 0.363579 0.013571 0.074873
11 0.505714 0.346447 0.008571 0.038071
11 0.468214 0.264594 0.009286 0.031726
3 0.490357 0.289340 0.010714 0.038071
3 0.505714 0.222081 0.008571 0.032995
11 0.491429 0.167513 0.007143 0.035533
10 0.456429 0.125000 0.012857 0.072335
10 0.493571 0.085025 0.010000 0.050761
11 0.472857 0.070431 0.005714 0.026650
3 0.507857 0.116751 0.008571 0.027919
5 0.472857 0.180838 0.002857 0.011421
5 0.470000 0.144036 0.002857 0.013959
8 0.469643 0.140863 0.002143 0.007614
8 0.472500 0.179569 0.002143 0.008883
