3 0.426409 0.046846 0.019833 0.019481
3 0.491910 0.068182 0.013048 0.023191
7 0.480689 0.064935 0.001044 0.016698
3 0.395355 0.185529 0.013048 0.033395
3 0.491127 0.246753 0.013570 0.031540
3 0.439196 0.079777 0.026618 0.020408
3 0.453027 0.252319 0.015658 0.037106
3 0.415449 0.248609 0.015658 0.037106
3 0.396660 0.243506 0.014614 0.036178
6 0.413883 0.285250 0.033403 0.032468
10 0.469990 0.335343 0.062109 0.041744
3 0.490344 0.410482 0.017223 0.049165
3 0.423017 0.412338 0.018267 0.051020
3 0.517484 0.598330 0.052714 0.048237
3 0.422234 0.540353 0.020877 0.060297
3 0.338466 0.529685 0.019311 0.055659
3 0.480950 0.815399 0.054802 0.057514
3 0.468685 0.905844 0.066806 0.060297
3 0.443894 0.976809 0.040188 0.042672
3 0.640658 0.798237 0.063152 0.049165
3 0.635177 0.858534 0.074113 0.051020
3 0.631002 0.749536 0.060543 0.048237
3 0.639353 0.660019 0.055324 0.047310
3 0.639353 0.625232 0.049061 0.042672
3 0.640397 0.591373 0.050104 0.038033
9 0.660752 0.434601 0.029228 0.023191
1 0.673017 0.446197 0.017223 0.014842
5 0.690240 0.440631 0.007829 0.020408
5 0.704332 0.435529 0.006785 0.019481
3 0.554541 0.163265 0.017223 0.042672
