7 0.173500 0.377000 0.018000 0.044667
8 0.163750 0.374667 0.008500 0.013333
8 0.351250 0.510000 0.018500 0.025333
8 0.393000 0.598667 0.013000 0.017333
7 0.380000 0.595667 0.016000 0.046000
7 0.379500 0.474000 0.015000 0.044000
7 0.378500 0.448000 0.007000 0.021333
7 0.382750 0.438000 0.018500 0.030667
7 0.388250 0.484333 0.014500 0.044667
7 0.401000 0.473000 0.009000 0.022000
7 0.409750 0.561333 0.014500 0.052000
7 0.428500 0.561000 0.006000 0.024667
7 0.437750 0.527333 0.011500 0.052000
7 0.455500 0.451000 0.013000 0.044667
8 0.450000 0.444667 0.011000 0.025333
8 0.462500 0.555333 0.012000 0.020000
8 0.466750 0.535000 0.017500 0.027333
8 0.477750 0.555667 0.014500 0.028667
8 0.502750 0.607667 0.011500 0.016667
8 0.525750 0.595333 0.007500 0.021333
8 0.522000 0.616000 0.008000 0.016000
7 0.504250 0.613000 0.012500 0.048667
7 0.518750 0.628667 0.012500 0.034667
7 0.522250 0.599333 0.013500 0.042667
1 0.636250 0.327667 0.011500 0.042000
1 0.652250 0.331000 0.011500 0.044667
1 0.744500 0.444333 0.042000 0.030000
1 0.870500 0.490667 0.044000 0.036000
