5 0.156429 0.947143 0.015714 0.035238
8 0.154286 0.946667 0.017143 0.017143
10 0.201786 0.681905 0.105000 0.146667
3 0.461786 0.909524 0.080714 0.114286
5 0.480714 0.819524 0.031429 0.042857
5 0.496786 0.677619 0.023571 0.037143
5 0.464286 0.543333 0.025714 0.035238
8 0.477143 0.816190 0.020000 0.028571
8 0.497857 0.674762 0.015714 0.023810
8 0.461786 0.542857 0.013571 0.024762
10 0.675714 0.715238 0.081429 0.078095
11 0.690714 0.650476 0.072857 0.078095
3 0.697143 0.599524 0.070000 0.069524
3 0.718571 0.544286 0.067143 0.073333
11 0.726071 0.502381 0.066429 0.067619
3 0.750357 0.475714 0.066429 0.069524
3 0.832500 0.459048 0.066429 0.068571
3 0.854286 0.385238 0.064286 0.063810
5 0.785714 0.610952 0.031429 0.023810
5 0.772500 0.668571 0.035000 0.026667
5 0.808214 0.709524 0.032143 0.020952
5 0.806429 0.692381 0.031429 0.024762
5 0.802143 0.662381 0.035714 0.023810
5 0.798929 0.641429 0.030714 0.031429
7 0.705000 0.945714 0.015714 0.020952
5 0.782857 0.324762 0.021429 0.026667
7 0.866071 0.320952 0.019286 0.026667
5 0.915357 0.320952 0.027857 0.024762
3 0.941071 0.198095 0.053571 0.041905
3 0.953929 0.103810 0.035000 0.045714
3 0.921429 0.113333 0.032857 0.045714
3 0.897143 0.138095 0.028571 0.043810
3 0.844286 0.131905 0.044286 0.050476
7 0.845357 0.154286 0.013571 0.024762
3 0.675714 0.142857 0.048571 0.055238
3 0.625000 0.241429 0.051429 0.048571
11 0.592143 0.262381 0.048571 0.050476
3 0.579286 0.290000 0.055714 0.050476
3 0.553571 0.311429 0.054286 0.055238
3 0.534643 0.333333 0.055000 0.057143
10 0.508929 0.347619 0.070714 0.081905
3 0.486071 0.381429 0.047857 0.056190
7 0.523214 0.410000 0.012143 0.021905
7 0.344643 0.473333 0.009286 0.020952
7 0.357143 0.451429 0.008571 0.019048
3 0.237500 0.277619 0.049286 0.056190
5 0.177500 0.391905 0.023571 0.027619
3 0.149643 0.448571 0.057857 0.070476
7 0.077500 0.562381 0.020714 0.021905
3 0.078214 0.358571 0.050714 0.065714
3 0.683929 0.069524 0.027857 0.043810
3 0.736071 0.060952 0.027857 0.043810
