3 0.156071 0.943528 0.037857 0.107868
3 0.393929 0.593274 0.023571 0.067259
3 0.163214 0.599619 0.032143 0.064721
3 0.206786 0.588198 0.027857 0.059645
3 0.323571 0.308376 0.020000 0.040609
3 0.180357 0.348985 0.026429 0.040609
3 0.407143 0.211929 0.012857 0.032995
3 0.365714 0.078680 0.012857 0.022843
3 0.388929 0.078680 0.010714 0.017766
3 0.367143 0.108503 0.012857 0.021574
3 0.421071 0.046320 0.010714 0.019036
3 0.411429 0.098350 0.012857 0.029188
11 0.371786 0.388959 0.022143 0.059645
11 0.242500 0.315355 0.023571 0.044416
11 0.250357 0.408629 0.026429 0.053299
11 0.328571 0.177665 0.015714 0.032995
11 0.252857 0.940355 0.038571 0.114213
3 0.540357 0.911168 0.052143 0.063452
3 0.500714 0.850254 0.054286 0.055838
3 0.570000 0.852792 0.054286 0.050761
3 0.631071 0.845178 0.053571 0.050761
3 0.672500 0.764594 0.026429 0.074873
3 0.580000 0.736675 0.048571 0.052030
3 0.726429 0.798858 0.050000 0.049492
3 0.770714 0.770939 0.045714 0.046954
3 0.815357 0.744289 0.047857 0.044416
3 0.857143 0.717640 0.040000 0.046954
3 0.925000 0.657360 0.032857 0.040609
3 0.975714 0.661168 0.044286 0.043147
3 0.838214 0.647843 0.039286 0.054569
3 0.784643 0.604061 0.042143 0.040609
3 0.729643 0.577411 0.046429 0.045685
3 0.475357 0.562183 0.036429 0.040609
3 0.474643 0.481599 0.039286 0.029188
3 0.530000 0.704315 0.047143 0.053299
3 0.589286 0.686548 0.044286 0.045685
3 0.627500 0.672589 0.039286 0.050761
3 0.740357 0.962563 0.055000 0.064721
11 0.816429 0.921320 0.054286 0.063452
10 0.236071 0.148477 0.045000 0.048223
