3 0.167797 0.607143 0.046451 0.093692
11 0.292797 0.564007 0.058455 0.063080
9 0.057933 0.558905 0.025052 0.067718
9 0.528184 0.746289 0.014614 0.071429
3 0.484342 0.550557 0.044885 0.086271
3 0.398747 0.282931 0.053236 0.042672
9 0.352557 0.526902 0.025574 0.051948
9 0.363257 0.469852 0.012526 0.043599
1 0.340553 0.468460 0.015136 0.020408
5 0.355950 0.406308 0.008351 0.025974
11 0.610125 0.300093 0.026096 0.036178
10 0.518006 0.282931 0.015136 0.048237
9 0.775313 0.976345 0.060021 0.043599
9 0.566806 0.065863 0.015658 0.022263
7 0.406576 0.020408 0.004175 0.020408
7 0.407620 0.041280 0.004175 0.013915
2 0.443633 0.012059 0.015658 0.024119
8 0.529749 0.749536 0.009395 0.027829
