3 0.335357 0.552030 0.016429 0.040609
3 0.364643 0.350254 0.010714 0.032995
7 0.583929 0.408629 0.002143 0.015228
7 0.581071 0.406091 0.003571 0.017766
7 0.576071 0.336294 0.003571 0.017766
7 0.562500 0.342640 0.002143 0.015228
7 0.566071 0.332487 0.003571 0.015228
7 0.556786 0.295685 0.003571 0.012690
7 0.561071 0.339467 0.002143 0.013959
7 0.574286 0.430203 0.002857 0.017766
7 0.564643 0.332487 0.003571 0.017766
2 0.586429 0.263325 0.047143 0.039340
3 0.545357 0.276015 0.019286 0.013959
3 0.541429 0.265228 0.018571 0.012690
4 0.437500 0.234137 0.073571 0.034264
7 0.477857 0.265228 0.002857 0.015228
7 0.471786 0.269036 0.003571 0.010152
7 0.468571 0.269036 0.002857 0.015228
7 0.458214 0.267766 0.002143 0.012690
7 0.451786 0.264594 0.003571 0.013959
7 0.426429 0.276015 0.002857 0.011421
7 0.415714 0.263325 0.002857 0.011421
7 0.386071 0.278553 0.003571 0.013959
7 0.358929 0.273477 0.002143 0.011421
7 0.356071 0.272843 0.002143 0.012690
7 0.370000 0.228426 0.002857 0.012690
7 0.373571 0.227157 0.002857 0.010152
7 0.381786 0.230964 0.002143 0.010152
7 0.388571 0.234137 0.001429 0.011421
7 0.390357 0.220812 0.002143 0.010152
7 0.390714 0.232868 0.002857 0.013959
7 0.384286 0.228426 0.004286 0.010152
7 0.340714 0.256980 0.002857 0.008883
7 0.346786 0.258249 0.002143 0.008883
7 0.331429 0.247462 0.002857 0.010152
7 0.448929 0.290609 0.002143 0.010152
7 0.422500 0.291244 0.002143 0.008883
7 0.420000 0.291244 0.001429 0.008883
7 0.407143 0.295051 0.002857 0.011421
7 0.361429 0.296320 0.002857 0.008883
7 0.354286 0.295051 0.002857 0.008883
7 0.439643 0.260787 0.002143 0.013959
3 0.460714 0.210025 0.005714 0.016497
3 0.460714 0.201142 0.007143 0.016497
3 0.462143 0.156091 0.005714 0.015228
3 0.474286 0.136421 0.005714 0.013959
7 0.511786 0.183376 0.002143 0.008883
7 0.507500 0.184645 0.002143 0.008883
7 0.506429 0.173858 0.002857 0.007614
7 0.508571 0.171320 0.001429 0.012690
7 0.507500 0.195431 0.002143 0.012690
7 0.516071 0.187817 0.002143 0.010152
7 0.514286 0.189721 0.001429 0.006345
7 0.512857 0.199239 0.001429 0.010152
7 0.517857 0.204315 0.001429 0.010152
4 0.489643 0.111041 0.013571 0.039340
3 0.440357 0.034898 0.003571 0.008883
3 0.477500 0.041878 0.003571 0.007614
10 0.466786 0.027284 0.005000 0.016497
10 0.452857 0.052665 0.005714 0.019036
10 0.445714 0.071701 0.008571 0.024112
10 0.440714 0.092640 0.007143 0.022843
10 0.455357 0.039340 0.005000 0.015228
