3 0.341858 0.777829 0.033403 0.069573
3 0.258351 0.729592 0.027140 0.062152
3 0.425365 0.713822 0.026096 0.052876
3 0.758351 0.943878 0.060543 0.080705
3 0.319154 0.595547 0.024530 0.048237
3 0.177192 0.374304 0.018267 0.030612
3 0.219990 0.359462 0.016180 0.025046
3 0.247651 0.397495 0.013048 0.026902
3 0.453549 0.476809 0.033403 0.033395
3 0.356211 0.980056 0.029749 0.036178
0 0.056367 0.826531 0.021921 0.057514
3 0.224426 0.292672 0.013570 0.023191
3 0.182672 0.210111 0.010438 0.013915
3 0.199374 0.193878 0.011482 0.016698
3 0.180324 0.149814 0.008873 0.012059
3 0.133351 0.128015 0.008873 0.016698
3 0.175626 0.122449 0.007829 0.009276
11 0.159969 0.120130 0.008873 0.019481
3 0.127871 0.078386 0.007307 0.010204
3 0.165188 0.076067 0.006785 0.011132
3 0.157620 0.052412 0.007307 0.013915
3 0.121608 0.054267 0.007307 0.010204
3 0.130741 0.043135 0.006785 0.010204
3 0.146660 0.030148 0.005219 0.008349
3 0.151618 0.013451 0.004697 0.008349
3 0.117171 0.021800 0.004697 0.010204
3 0.297234 0.301020 0.013048 0.023191
3 0.344207 0.314007 0.025574 0.017625
3 0.311065 0.256494 0.024008 0.019481
3 0.307150 0.244898 0.027662 0.012987
3 0.302192 0.237941 0.021921 0.017625
3 0.265136 0.204545 0.010438 0.015770
3 0.291754 0.157236 0.018789 0.012059
3 0.268789 0.162338 0.019833 0.011132
3 0.394311 0.432282 0.031837 0.025974
11 0.385960 0.402134 0.024530 0.030612
11 0.366388 0.356679 0.032359 0.028757
11 0.349948 0.331633 0.024530 0.025046
11 0.303236 0.216141 0.018789 0.018553
3 0.295407 0.213822 0.016701 0.015770
3 0.278445 0.181354 0.021399 0.012059
3 0.277662 0.176252 0.019833 0.011132
11 0.231733 0.126160 0.006263 0.016698
11 0.243998 0.116883 0.014092 0.012987
3 0.206681 0.057050 0.006263 0.010204
3 0.195720 0.032468 0.006263 0.009276
3 0.183716 0.028293 0.005219 0.008349
10 0.498956 0.558442 0.031315 0.037106
5 0.323069 0.196660 0.008351 0.011132
8 0.313935 0.377087 0.002610 0.010204
8 0.425365 0.627087 0.003132 0.014842
8 0.396399 0.570037 0.002610 0.013915
8 0.094990 0.827458 0.013570 0.025974
8 0.108038 0.826531 0.013570 0.027829
8 0.062630 0.609926 0.006263 0.015770
8 0.078549 0.246753 0.003653 0.011132
8 0.083768 0.239796 0.003653 0.010204
8 0.078810 0.083488 0.002088 0.005566
5 0.395877 0.576531 0.006785 0.017625
5 0.425104 0.636364 0.008873 0.018553
5 0.092902 0.839054 0.012526 0.025046
5 0.106994 0.840445 0.010438 0.022263
5 0.312891 0.382189 0.005741 0.011132
5 0.079332 0.253247 0.004175 0.005566
5 0.084029 0.244898 0.004175 0.007421
5 0.328288 0.209647 0.009395 0.011132
7 0.223643 0.124768 0.002610 0.008349
8 0.225992 0.139610 0.002088 0.006494
5 0.226514 0.144249 0.003132 0.006494
7 0.202244 0.079314 0.002610 0.010204
5 0.063935 0.621521 0.007829 0.014842
5 0.079332 0.087199 0.002088 0.003711
