3 0.333507 0.414193 0.037578 0.065863
5 0.344207 0.299629 0.007829 0.020408
5 0.552192 0.060761 0.014614 0.010204
3 0.605428 0.147959 0.036534 0.038033
7 0.650313 0.014842 0.005219 0.018553
6 0.698069 0.046382 0.033925 0.042672
3 0.669624 0.289425 0.034447 0.038961
11 0.646138 0.325139 0.039666 0.043599
3 0.615344 0.397959 0.043841 0.046382
3 0.600209 0.429499 0.046973 0.053803
3 0.536013 0.571429 0.048017 0.066790
3 0.552192 0.531076 0.049061 0.064007
3 0.570720 0.501855 0.044363 0.055659
5 0.447025 0.405380 0.010960 0.022263
5 0.470511 0.372449 0.012004 0.013915
5 0.475209 0.365955 0.012004 0.013915
5 0.477296 0.361781 0.013048 0.012987
5 0.514875 0.290353 0.012004 0.014842
9 0.536273 0.778757 0.050626 0.086271
9 0.550104 0.755102 0.048017 0.076067
3 0.561326 0.721707 0.052714 0.070501
5 0.583768 0.678108 0.018267 0.025974
3 0.694415 0.389147 0.041232 0.051020
3 0.717902 0.334879 0.043319 0.051948
11 0.729123 0.309833 0.039666 0.053803
3 0.738257 0.287570 0.034969 0.037106
