10 0.544102 0.697588 0.114301 0.124304
3 0.645877 0.569573 0.042276 0.050093
3 0.661013 0.885436 0.060021 0.075139
3 0.720251 0.918831 0.073069 0.091837
3 0.728079 0.836735 0.069937 0.074212
10 0.892223 0.487941 0.091336 0.087199
3 0.101253 0.217996 0.016701 0.016698
3 0.176670 0.186456 0.016180 0.016698
10 0.218946 0.151206 0.022443 0.025974
7 0.246347 0.178571 0.003132 0.012059
10 0.274269 0.095083 0.023486 0.034323
11 0.425887 0.116883 0.005219 0.012987
11 0.418319 0.105751 0.005741 0.011132
10 0.405271 0.099258 0.009916 0.020408
0 0.418841 0.134045 0.005741 0.010204
10 0.400835 0.148423 0.013570 0.012987
0 0.390397 0.147032 0.009395 0.013915
11 0.380480 0.149814 0.010438 0.013915
3 0.372651 0.153061 0.014614 0.012987
3 0.363779 0.157236 0.010438 0.012059
3 0.382829 0.160482 0.017223 0.011132
10 0.628392 0.107607 0.031315 0.022263
10 0.618215 0.100649 0.026618 0.021336
10 0.638570 0.115955 0.041232 0.025974
10 0.671451 0.127551 0.030793 0.019481
10 0.694415 0.139610 0.024530 0.017625
10 0.689979 0.106679 0.040710 0.027829
10 0.643528 0.077458 0.035491 0.025046
10 0.652140 0.075603 0.027662 0.025046
10 0.658142 0.076067 0.022965 0.025974
10 0.667276 0.073748 0.026618 0.019481
10 0.698591 0.092301 0.040188 0.021336
10 0.705115 0.091837 0.041754 0.018553
10 0.730167 0.083952 0.042797 0.026902
10 0.718163 0.064935 0.037578 0.020408
10 0.725731 0.117347 0.029749 0.026902
10 0.734864 0.111317 0.037578 0.027829
5 0.956942 0.211039 0.009916 0.008349
0 0.935282 0.229128 0.017745 0.022263
5 0.954332 0.265770 0.012004 0.012059
5 0.921712 0.232839 0.009395 0.011132
5 0.883351 0.232839 0.005741 0.009276
5 0.894050 0.241187 0.007307 0.009276
9 0.893789 0.235622 0.015136 0.012987
3 0.875000 0.245362 0.022443 0.015770
3 0.867693 0.249536 0.020355 0.018553
3 0.858559 0.254174 0.020877 0.018553
7 0.830637 0.257885 0.003653 0.012987
7 0.804802 0.254638 0.004175 0.015770
6 0.853601 0.336735 0.017223 0.040816
6 0.867693 0.330705 0.014092 0.034323
6 0.883612 0.331633 0.016701 0.043599
3 0.739562 0.296382 0.027140 0.019481
3 0.670929 0.334879 0.028706 0.024119
9 0.671712 0.303803 0.012526 0.008349
5 0.656315 0.300093 0.007829 0.010204
7 0.691284 0.286642 0.003653 0.014842
5 0.713987 0.288033 0.005219 0.008349
9 0.775052 0.359926 0.011482 0.014842
8 0.776618 0.355288 0.006263 0.012987
10 0.608559 0.448980 0.059499 0.051948
10 0.570459 0.417440 0.045929 0.035250
8 0.580898 0.426252 0.004175 0.017625
1 0.579854 0.431354 0.011482 0.014842
5 0.540710 0.412338 0.012526 0.015770
10 0.517745 0.435529 0.052192 0.041744
10 0.418841 0.537570 0.089248 0.069573
10 0.340292 0.482375 0.030271 0.079777
10 0.291754 0.496753 0.044885 0.099258
7 0.361952 0.508349 0.005741 0.027829
7 0.365866 0.503247 0.006263 0.026902
7 0.352557 0.565399 0.006785 0.028757
10 0.225992 0.525046 0.069937 0.111317
10 0.162056 0.559833 0.028706 0.076994
10 0.126827 0.553340 0.054280 0.101113
10 0.087683 0.576994 0.056367 0.122449
6 0.572547 0.919295 0.101253 0.142857
10 0.271660 0.574675 0.053758 0.038033
10 0.294363 0.601113 0.105428 0.089054
8 0.637004 0.403989 0.007829 0.019481
5 0.635699 0.410482 0.011482 0.013915
