3 0.384643 0.508883 0.026429 0.091371
3 0.468571 0.505076 0.051429 0.048223
3 0.465714 0.571066 0.057143 0.055838
3 0.458214 0.637690 0.056429 0.057107
3 0.557500 0.472716 0.055000 0.046954
3 0.580357 0.425127 0.049286 0.045685
3 0.474643 0.444797 0.055000 0.049492
3 0.484286 0.395305 0.047143 0.052030
3 0.482500 0.355964 0.050714 0.044416
3 0.452857 0.690355 0.055714 0.045685
3 0.162500 0.708756 0.053571 0.049492
3 0.244286 0.342640 0.051429 0.043147
3 0.228571 0.401650 0.051429 0.039340
3 0.221071 0.451777 0.050714 0.048223
3 0.132500 0.965736 0.069286 0.063452
3 0.504286 0.114213 0.041429 0.040609
3 0.500714 0.206218 0.048571 0.046954
3 0.500357 0.253173 0.039286 0.039340
3 0.596071 0.616117 0.055000 0.052030
3 0.592500 0.675761 0.056429 0.057107
3 0.589286 0.751269 0.058571 0.053299
3 0.459643 0.962563 0.060714 0.049492
11 0.515000 0.786168 0.052857 0.059645
3 0.530357 0.725254 0.047857 0.049492
11 0.613571 0.055203 0.040000 0.036802
3 0.607143 0.329315 0.050000 0.052030
3 0.611071 0.298223 0.049286 0.043147
10 0.433214 0.766497 0.093571 0.111675
10 0.452500 0.875000 0.083571 0.064721
3 0.562500 0.065990 0.032143 0.063452
3 0.520714 0.027919 0.041429 0.038071
3 0.304643 0.032995 0.026429 0.063452
3 0.255357 0.032995 0.027857 0.055838
3 0.466071 0.086294 0.022143 0.065990
7 0.420357 0.215102 0.006429 0.026650
7 0.427143 0.210660 0.007143 0.025381
7 0.465000 0.209391 0.004286 0.022843
7 0.468929 0.208122 0.005000 0.025381
7 0.470357 0.121827 0.007857 0.025381
7 0.451071 0.099619 0.005000 0.024112
7 0.493571 0.072970 0.007143 0.024112
5 0.495714 0.322970 0.022857 0.021574
3 0.615714 0.028553 0.042857 0.031726
3 0.618571 0.091371 0.048571 0.038071
3 0.615357 0.121827 0.046429 0.043147
3 0.614643 0.187817 0.049286 0.045685
3 0.608929 0.220812 0.047857 0.043147
3 0.612500 0.259518 0.050714 0.044416
7 0.666071 0.091371 0.006429 0.022843
7 0.671786 0.094543 0.005000 0.026650
7 0.650000 0.310914 0.005714 0.025381
7 0.642500 0.305838 0.006429 0.025381
7 0.655714 0.493020 0.008571 0.024112
5 0.615357 0.490482 0.007857 0.034264
5 0.676786 0.641497 0.007857 0.034264
5 0.649286 0.753173 0.008571 0.034264
7 0.637143 0.723985 0.008571 0.016497
7 0.637500 0.762056 0.007857 0.019036
7 0.660000 0.762056 0.008571 0.021574
7 0.635000 0.786802 0.007143 0.017766
7 0.646786 0.800761 0.009286 0.022843
7 0.641429 0.933376 0.010000 0.016497
5 0.582143 0.954949 0.010000 0.039340
9 0.597857 0.876904 0.034286 0.032995
