3 0.450000 0.776650 0.050000 0.045685
3 0.455714 0.728426 0.050000 0.045685
3 0.577857 0.532995 0.040000 0.035533
3 0.475357 0.496193 0.039286 0.035533
3 0.568571 0.456218 0.045714 0.031726
3 0.574286 0.416244 0.035714 0.030457
3 0.528571 0.356599 0.018571 0.043147
3 0.504643 0.361041 0.022143 0.049492
3 0.484643 0.348985 0.026429 0.043147
3 0.478929 0.418782 0.029286 0.032995
3 0.476786 0.444162 0.040714 0.035533
11 0.476429 0.465736 0.032857 0.032995
3 0.576429 0.600254 0.057143 0.040609
3 0.457500 0.683376 0.052143 0.036802
3 0.679286 0.321701 0.014286 0.036802
11 0.567143 0.634518 0.047143 0.045685
11 0.551071 0.339467 0.033571 0.041878
11 0.485357 0.291244 0.025000 0.034264
11 0.493929 0.219543 0.029286 0.035533
11 0.453571 0.029188 0.025714 0.025381
11 0.663214 0.204315 0.012143 0.027919
3 0.675000 0.284264 0.015714 0.038071
3 0.658214 0.174492 0.013571 0.026650
3 0.652857 0.151650 0.014286 0.029188
3 0.642500 0.128173 0.016429 0.025381
3 0.588214 0.270939 0.015000 0.031726
3 0.585357 0.188452 0.012143 0.039340
3 0.586071 0.156726 0.013571 0.031726
3 0.584286 0.128173 0.012857 0.025381
3 0.579643 0.100888 0.010714 0.021574
3 0.577857 0.085660 0.010000 0.021574
3 0.581071 0.029822 0.020714 0.019036
3 0.507857 0.059010 0.011429 0.021574
3 0.526786 0.010152 0.012143 0.017766
3 0.484643 0.027919 0.019286 0.020305
3 0.662500 0.520939 0.020714 0.069797
7 0.349643 0.043147 0.003571 0.015228
7 0.338571 0.045685 0.002857 0.015228
7 0.340357 0.043147 0.003571 0.017766
7 0.619643 0.293782 0.005000 0.021574
3 0.426429 0.037437 0.010000 0.019036
3 0.400714 0.023477 0.022857 0.019036
3 0.400000 0.017132 0.021429 0.016497
3 0.554643 0.057107 0.023571 0.015228
3 0.555357 0.063452 0.023571 0.015228
3 0.553214 0.069797 0.023571 0.015228
3 0.555714 0.079315 0.021429 0.011421
3 0.556429 0.086929 0.024286 0.013959
3 0.555714 0.095812 0.027143 0.013959
3 0.560000 0.103426 0.027143 0.013959
3 0.557500 0.111041 0.022143 0.011421
3 0.557143 0.119924 0.025714 0.013959
3 0.556429 0.131980 0.027143 0.015228
3 0.555714 0.139594 0.027143 0.015228
3 0.558571 0.148477 0.027143 0.015228
3 0.558571 0.159898 0.027143 0.015228
3 0.557857 0.170051 0.027143 0.015228
3 0.558571 0.182741 0.030000 0.015228
3 0.557857 0.191624 0.022857 0.015228
3 0.559643 0.204949 0.029286 0.019036
3 0.560357 0.219543 0.027857 0.017766
3 0.562500 0.229695 0.027857 0.017766
3 0.556429 0.244924 0.031429 0.020305
3 0.559286 0.258249 0.034286 0.019036
3 0.559286 0.272843 0.032857 0.020305
3 0.558571 0.285533 0.031429 0.020305
3 0.555714 0.300127 0.031429 0.021574
3 0.559286 0.319797 0.031429 0.025381
3 0.483929 0.068528 0.017857 0.017766
3 0.482500 0.076142 0.023571 0.017766
3 0.484286 0.088198 0.025714 0.019036
3 0.483214 0.095812 0.026429 0.019036
3 0.486429 0.105964 0.025714 0.019036
3 0.492857 0.119289 0.022857 0.020305
3 0.499286 0.129442 0.022857 0.020305
3 0.497857 0.147208 0.022857 0.020305
3 0.497143 0.163071 0.024286 0.021574
3 0.483929 0.323604 0.032143 0.038071
3 0.495000 0.242386 0.030000 0.038071
3 0.490714 0.264594 0.027143 0.029188
3 0.493571 0.279188 0.030000 0.022843
3 0.507857 0.005076 0.010000 0.010152
7 0.652143 0.701142 0.005714 0.026650
