7 0.400357 0.983333 0.013571 0.018095
7 0.462857 0.892857 0.008571 0.008571
7 0.325714 0.719048 0.005714 0.013333
7 0.319286 0.719048 0.007143 0.015238
7 0.413571 0.656667 0.011429 0.016190
7 0.421786 0.642857 0.006429 0.011429
7 0.403571 0.652857 0.008571 0.014286
7 0.570000 0.237619 0.007143 0.016190
7 0.472143 0.214286 0.004286 0.015238
7 0.756429 0.202857 0.005714 0.015238
7 0.728571 0.140476 0.007143 0.020000
7 0.721071 0.159524 0.005000 0.016190
7 0.588571 0.139048 0.004286 0.017143
4 0.578571 0.040476 0.040000 0.031429
10 0.621786 0.083810 0.049286 0.064762
3 0.676786 0.156190 0.022143 0.022857
3 0.671429 0.233810 0.034286 0.031429
3 0.571429 0.217143 0.030000 0.030476
1 0.506786 0.122857 0.003571 0.009524
1 0.501429 0.240952 0.011429 0.013333
1 0.486429 0.228095 0.008571 0.012381
5 0.554286 0.194762 0.008571 0.010476
5 0.571786 0.170476 0.009286 0.017143
5 0.637500 0.190000 0.013571 0.012381
9 0.719643 0.291905 0.026429 0.029524
8 0.723214 0.283810 0.006429 0.015238
8 0.725357 0.292381 0.005000 0.015238
8 0.573214 0.168095 0.005000 0.012381
8 0.638929 0.185238 0.006429 0.012381
8 0.555000 0.191429 0.004286 0.013333
8 0.500357 0.235238 0.003571 0.013333
8 0.503214 0.233810 0.003571 0.012381
8 0.486786 0.220952 0.005000 0.011429
8 0.440000 0.261429 0.004286 0.010476
0 0.479643 0.271905 0.015000 0.027619
1 0.596071 0.144762 0.003571 0.009524
8 0.596429 0.139048 0.002857 0.009524
8 0.506071 0.117143 0.003571 0.009524
11 0.217857 0.031905 0.014286 0.014286
11 0.228929 0.041429 0.013571 0.014286
3 0.193929 0.012857 0.015000 0.018095
3 0.028571 0.140952 0.020000 0.026667
10 0.985714 0.500000 0.027143 0.066667
11 0.627857 0.015238 0.017143 0.019048
