3 0.438929 0.533333 0.130714 0.131429
3 0.538571 0.550952 0.121429 0.126667
3 0.848929 0.285238 0.072143 0.061905
3 0.273571 0.217619 0.082857 0.042857
3 0.395000 0.175714 0.080000 0.065714
7 0.487857 0.188571 0.011429 0.045714
3 0.467500 0.136667 0.073571 0.054286
3 0.053571 0.447619 0.100000 0.140952
3 0.106071 0.533810 0.159286 0.126667
3 0.143571 0.409524 0.088571 0.139048
3 0.236786 0.363810 0.085000 0.121905
3 0.300714 0.335714 0.060000 0.113333
3 0.253571 0.454762 0.124286 0.117143
3 0.366071 0.296667 0.049286 0.103810
3 0.433571 0.278095 0.044286 0.091429
3 0.395000 0.378571 0.108571 0.094286
3 0.483929 0.245714 0.043571 0.087619
3 0.531071 0.225238 0.035000 0.075238
11 0.508214 0.314286 0.106429 0.100952
3 0.580000 0.208571 0.047143 0.087619
3 0.599286 0.270000 0.090000 0.071429
3 0.624286 0.179048 0.038571 0.070476
11 0.587143 0.090000 0.062857 0.052381
3 0.633214 0.102381 0.059286 0.046667
3 0.665714 0.164762 0.040000 0.062857
3 0.705357 0.153810 0.046429 0.069524
3 0.671071 0.226667 0.080714 0.072381
3 0.706786 0.062857 0.059286 0.040000
3 0.733214 0.135238 0.037857 0.057143
3 0.761429 0.120952 0.044286 0.059048
3 0.787500 0.109048 0.039286 0.056190
3 0.810000 0.091905 0.045714 0.052381
3 0.840714 0.085238 0.040000 0.056190
7 0.763571 0.045238 0.012857 0.042857
3 0.836786 0.137143 0.050714 0.051429
7 0.865000 0.143810 0.018571 0.036190
3 0.865714 0.078571 0.034286 0.052381
3 0.907500 0.063333 0.032143 0.044762
3 0.883214 0.115714 0.050714 0.052381
3 0.927143 0.092857 0.044286 0.048571
3 0.955357 0.115714 0.049286 0.042857
7 0.987857 0.115238 0.014286 0.030476
7 0.931071 0.229524 0.015000 0.036190
5 0.926071 0.231429 0.025000 0.038095
3 0.727857 0.389524 0.090000 0.085714
3 0.832500 0.400000 0.082143 0.085714
3 0.748571 0.485238 0.104286 0.105714
3 0.808929 0.535714 0.105000 0.105714
3 0.887500 0.447143 0.087857 0.094286
3 0.923214 0.333810 0.073571 0.071429
3 0.961071 0.377143 0.072143 0.091429
3 0.935000 0.044762 0.062857 0.041905
3 0.948571 0.034762 0.061429 0.044762
3 0.966429 0.023810 0.060000 0.041905
3 0.972500 0.016190 0.052143 0.032381
3 0.822857 0.020952 0.045714 0.040000
3 0.622143 0.740000 0.135714 0.171429
3 0.585714 0.913333 0.177143 0.171429
3 0.727143 0.882381 0.122857 0.229524
3 0.783214 0.789048 0.145000 0.225714
11 0.859643 0.710000 0.157857 0.229524
8 0.805000 0.942381 0.045714 0.054286
3 0.922857 0.640952 0.128571 0.160000
3 0.951786 0.582857 0.092143 0.158095
3 0.874286 0.945238 0.148571 0.107619
2 0.971429 0.170476 0.055714 0.100952
3 0.972500 0.515714 0.053571 0.122857
