3 0.027500 0.260000 0.055000 0.055238
3 0.057143 0.212381 0.071429 0.045714
1 0.008214 0.195238 0.016429 0.032381
3 0.082500 0.198095 0.092143 0.049524
3 0.106071 0.180000 0.076429 0.043810
3 0.138929 0.156667 0.080714 0.040952
3 0.152857 0.136190 0.067143 0.036190
3 0.166429 0.117619 0.071429 0.035238
3 0.179643 0.100476 0.067857 0.033333
3 0.216786 0.050476 0.062143 0.040000
3 0.230357 0.041905 0.055000 0.034286
3 0.250714 0.019048 0.055714 0.034286
7 0.195357 0.176667 0.017857 0.042857
7 0.145714 0.193333 0.011429 0.036190
7 0.239643 0.093333 0.012143 0.030476
7 0.047500 0.342381 0.026429 0.056190
3 0.076429 0.441905 0.101429 0.114286
3 0.156786 0.449048 0.076429 0.126667
3 0.207143 0.336667 0.070000 0.092381
3 0.251071 0.252381 0.059286 0.081905
11 0.148571 0.304286 0.092857 0.100000
3 0.206071 0.237619 0.055000 0.060000
3 0.286429 0.189524 0.047143 0.064762
3 0.245357 0.166190 0.049286 0.054286
3 0.271786 0.122857 0.040714 0.047619
3 0.308571 0.143810 0.037143 0.059048
9 0.345714 0.126667 0.020000 0.034286
7 0.338214 0.112381 0.012143 0.026667
3 0.336071 0.092381 0.030714 0.040000
3 0.323929 0.058095 0.027857 0.038095
3 0.355357 0.059524 0.023571 0.040952
3 0.340000 0.027143 0.031429 0.033333
3 0.371071 0.030476 0.026429 0.034286
3 0.377500 0.067143 0.033571 0.046667
3 0.377143 0.186190 0.042857 0.061905
11 0.445357 0.118571 0.040714 0.086667
3 0.424286 0.061429 0.025714 0.040952
3 0.386786 0.011429 0.030714 0.022857
3 0.451429 0.010952 0.028571 0.021905
3 0.549286 0.042381 0.027143 0.037143
3 0.545357 0.375238 0.047857 0.106667
3 0.551071 0.814286 0.073571 0.234286
7 0.832143 0.750000 0.028571 0.069524
7 0.689286 0.744762 0.021429 0.045714
9 0.675000 0.692381 0.054286 0.085714
7 0.708214 0.610476 0.020714 0.049524
3 0.677500 0.518571 0.072143 0.134286
3 0.661429 0.395238 0.054286 0.095238
3 0.701786 0.289048 0.049286 0.086667
3 0.651429 0.287143 0.044286 0.069524
3 0.636071 0.218571 0.043571 0.067619
3 0.688571 0.204762 0.037143 0.059048
3 0.628214 0.158571 0.035000 0.048571
3 0.676786 0.150000 0.029286 0.054286
3 0.669643 0.112381 0.053571 0.057143
10 0.612143 0.089524 0.032857 0.062857
3 0.609643 0.051429 0.023571 0.030476
3 0.647500 0.035714 0.023571 0.033333
3 0.609643 0.021429 0.027857 0.029524
3 0.605714 0.006667 0.021429 0.013333
3 0.712857 0.016667 0.032857 0.031429
3 0.719286 0.049524 0.031429 0.043810
7 0.677500 0.070952 0.010714 0.025714
7 0.691429 0.075714 0.010000 0.025714
7 0.708571 0.070000 0.011429 0.033333
1 0.713929 0.078095 0.009286 0.022857
7 0.736071 0.150000 0.012143 0.039048
1 0.741429 0.157143 0.012857 0.028571
5 0.758214 0.071429 0.019286 0.026667
5 0.789643 0.136667 0.023571 0.025714
1 0.788571 0.174286 0.028571 0.032381
3 0.808214 0.218571 0.039286 0.065714
3 0.830000 0.287619 0.058571 0.081905
3 0.850714 0.382857 0.072857 0.089524
3 0.949286 0.579524 0.100000 0.132381
1 0.951786 0.470952 0.027857 0.046667
