3 0.959643 0.609137 0.020714 0.022843
3 0.908214 0.590736 0.017857 0.019036
3 0.727500 0.633883 0.022143 0.019036
2 0.638929 0.676396 0.053571 0.038071
3 0.650000 0.647843 0.021429 0.019036
2 0.560357 0.666244 0.052143 0.043147
2 0.480714 0.781091 0.014286 0.097716
2 0.376429 0.735406 0.048571 0.069797
3 0.355714 0.703046 0.021429 0.017766
3 0.398214 0.679569 0.020714 0.021574
2 0.412500 0.640863 0.050714 0.038071
10 0.423214 0.610406 0.027857 0.025381
3 0.400714 0.602792 0.015714 0.015228
3 0.369286 0.602792 0.020000 0.017766
3 0.402143 0.560279 0.014286 0.016497
10 0.245714 0.624365 0.032857 0.027919
3 0.252500 0.595178 0.019286 0.015228
10 0.279286 0.592640 0.025714 0.020305
11 0.303929 0.591371 0.019286 0.017766
3 0.265357 0.684010 0.019286 0.020305
3 0.511429 0.527919 0.007143 0.025381
3 0.522143 0.524746 0.007143 0.021574
3 0.510714 0.495558 0.007143 0.024112
3 0.521071 0.494289 0.007857 0.024112
2 0.521429 0.460025 0.008571 0.034264
11 0.028214 0.583756 0.023571 0.032995
3 0.265000 0.347081 0.010000 0.019036
2 0.203929 0.246827 0.023571 0.044416
2 0.250714 0.253173 0.014286 0.041878
2 0.261786 0.252538 0.016429 0.045685
3 0.178214 0.190355 0.013571 0.010152
3 0.181786 0.184645 0.015000 0.011421
10 0.188929 0.174492 0.019286 0.019036
3 0.205000 0.180838 0.011429 0.011421
10 0.220000 0.178299 0.020000 0.016497
3 0.240357 0.185914 0.012143 0.011421
3 0.249643 0.348985 0.010714 0.020305
3 0.257143 0.330584 0.010000 0.016497
3 0.264286 0.315990 0.008571 0.017766
3 0.754286 0.241117 0.010000 0.012690
3 0.772143 0.206853 0.007143 0.012690
3 0.775000 0.196066 0.007143 0.011421
3 0.783929 0.152919 0.006429 0.013959
2 0.788571 0.017132 0.007143 0.026650
3 0.781786 0.020939 0.006429 0.013959
4 0.882857 0.043147 0.041429 0.086294
3 0.117857 0.654188 0.017143 0.016497
4 0.044286 0.561548 0.014286 0.016497
