3 0.477500 0.102857 0.049286 0.097143
3 0.526429 0.105714 0.041429 0.085714
3 0.579286 0.103810 0.041429 0.083810
3 0.627500 0.099048 0.039286 0.089524
11 0.403214 0.163333 0.083571 0.056190
11 0.412143 0.215238 0.110000 0.064762
3 0.408571 0.262381 0.110000 0.067619
3 0.411071 0.320476 0.113571 0.069524
3 0.414286 0.386190 0.137143 0.067619
3 0.412500 0.460952 0.119286 0.074286
3 0.415000 0.548571 0.147143 0.116190
3 0.432500 0.638095 0.130714 0.093333
3 0.413571 0.734762 0.170000 0.107619
3 0.418571 0.841905 0.182857 0.100952
11 0.431429 0.959048 0.205714 0.076190
7 0.277857 0.705238 0.027143 0.061905
7 0.561071 0.859524 0.022143 0.069524
7 0.483929 0.249524 0.015000 0.051429
3 0.520357 0.007619 0.085000 0.015238
5 0.578929 0.332381 0.040714 0.040000
5 0.609643 0.382857 0.020714 0.057143
7 0.661786 0.958095 0.027857 0.047619
7 0.643214 0.935238 0.020714 0.038095
5 0.670357 0.914286 0.070714 0.060952
5 0.684643 0.898571 0.065000 0.067619
5 0.691429 0.860476 0.058571 0.090476
5 0.693214 0.776190 0.029286 0.081905
3 0.667857 0.066667 0.040000 0.068571
