3 0.472857 0.734286 0.040000 0.102857
3 0.572500 0.713810 0.035000 0.094286
3 0.573929 0.622381 0.029286 0.073333
3 0.537857 0.552381 0.025714 0.059048
3 0.575714 0.536190 0.028571 0.060952
3 0.469286 0.520952 0.028571 0.057143
3 0.506071 0.507619 0.029286 0.060952
3 0.540357 0.301905 0.015000 0.026667
3 0.607143 0.312381 0.014286 0.022857
3 0.608929 0.241429 0.013571 0.020000
3 0.608929 0.180476 0.016429 0.018095
7 0.318929 0.810952 0.019286 0.042857
4 0.098214 0.914286 0.040714 0.055238
7 0.048929 0.715238 0.025000 0.032381
7 0.348929 0.569524 0.009286 0.034286
5 0.371786 0.685238 0.017857 0.037143
8 0.371786 0.672857 0.010714 0.031429
8 0.395714 0.684286 0.011429 0.027619
8 0.423929 0.595714 0.012143 0.020000
1 0.423929 0.605238 0.012143 0.025714
1 0.397857 0.692857 0.012857 0.031429
10 0.527143 0.663810 0.044286 0.127619
