0 0.046451 0.961503 0.043841 0.073284
3 0.087944 0.740724 0.063152 0.054731
0 0.132829 0.659555 0.037056 0.044527
3 0.157881 0.577922 0.055846 0.042672
5 0.157098 0.541280 0.024008 0.026902
8 0.124739 0.532931 0.008351 0.017625
8 0.127088 0.529221 0.008873 0.019481
5 0.128132 0.534323 0.015136 0.025974
5 0.049582 0.600186 0.017745 0.029685
8 0.052975 0.593228 0.007829 0.025046
8 0.055063 0.588126 0.009916 0.025974
5 0.035752 0.545455 0.017223 0.020408
5 0.031837 0.543135 0.019833 0.023191
5 0.036795 0.531540 0.019311 0.024119
5 0.051931 0.508349 0.018267 0.018553
5 0.054541 0.502783 0.014092 0.020408
7 0.074374 0.469388 0.007829 0.024119
5 0.089509 0.448516 0.014092 0.015770
5 0.107777 0.447588 0.018267 0.017625
5 0.122651 0.439703 0.012526 0.016698
0 0.093685 0.439703 0.026618 0.031540
9 0.139353 0.451763 0.022965 0.037106
8 0.135699 0.452226 0.006263 0.023191
0 0.103079 0.426252 0.026618 0.030612
0 0.106994 0.418831 0.022965 0.026902
0 0.115866 0.408163 0.024008 0.029685
0 0.132307 0.423933 0.024530 0.029685
0 0.136221 0.413265 0.021921 0.026902
5 0.143789 0.425325 0.013048 0.017625
7 0.149530 0.418831 0.006785 0.026902
0 0.160752 0.418831 0.016701 0.030612
3 0.168580 0.446660 0.020877 0.049165
3 0.199374 0.406308 0.021921 0.040816
9 0.199635 0.454082 0.020355 0.034323
5 0.129958 0.397495 0.011482 0.017625
5 0.137004 0.380798 0.009916 0.013915
5 0.139875 0.377551 0.010438 0.012987
5 0.130219 0.369666 0.013048 0.013915
7 0.093424 0.393785 0.006263 0.017625
5 0.218163 0.388683 0.012526 0.014842
0 0.216075 0.374304 0.021921 0.025046
7 0.193894 0.320037 0.005741 0.018553
0 0.118998 0.334416 0.021921 0.028757
0 0.241910 0.368738 0.024530 0.026902
0 0.245042 0.361317 0.019311 0.023191
0 0.251305 0.357607 0.021399 0.026902
9 0.224687 0.426716 0.023486 0.016698
9 0.227035 0.420686 0.020877 0.019481
9 0.228340 0.415584 0.023486 0.024119
9 0.231994 0.410019 0.023486 0.020408
9 0.234603 0.404917 0.021399 0.019481
9 0.236952 0.397032 0.021921 0.016698
9 0.237474 0.393321 0.019833 0.022263
9 0.237996 0.391466 0.020877 0.024119
9 0.237996 0.387755 0.019833 0.020408
9 0.236691 0.382653 0.018267 0.019481
3 0.183716 0.312616 0.030271 0.027829
7 0.182672 0.301948 0.004175 0.015770
7 0.189457 0.299629 0.004175 0.024119
5 0.194676 0.297310 0.011482 0.012059
0 0.200939 0.284323 0.015658 0.017625
7 0.222599 0.292672 0.005741 0.019481
11 0.223382 0.279221 0.013570 0.025974
5 0.209812 0.274119 0.010438 0.012059
4 0.213205 0.259276 0.008873 0.012059
1 0.222599 0.254638 0.005741 0.008349
11 0.225731 0.243506 0.020355 0.019481
5 0.236169 0.230983 0.007829 0.009276
0 0.242432 0.224026 0.014092 0.013915
0 0.244781 0.220779 0.012526 0.016698
9 0.253392 0.209184 0.010960 0.012059
9 0.263570 0.202226 0.008351 0.018553
3 0.274791 0.192022 0.009916 0.014842
3 0.274791 0.182282 0.018267 0.012059
3 0.730428 0.939703 0.065240 0.116883
0 0.647965 0.833952 0.060021 0.063080
11 0.689196 0.727737 0.042276 0.071429
0 0.709290 0.716605 0.031315 0.060297
9 0.727557 0.712430 0.021921 0.046382
3 0.682672 0.640074 0.039666 0.061224
0 0.710334 0.596011 0.025052 0.056586
5 0.724165 0.558905 0.018267 0.025046
4 0.745042 0.608998 0.036013 0.058442
9 0.651357 0.506494 0.031315 0.029685
9 0.647182 0.501855 0.028184 0.025974
5 0.635177 0.491651 0.018789 0.018553
5 0.633090 0.488404 0.018789 0.023191
5 0.619259 0.502783 0.019311 0.018553
5 0.613257 0.490724 0.016701 0.018553
5 0.610125 0.487477 0.014614 0.021336
5 0.608559 0.485158 0.017745 0.022263
5 0.624217 0.506494 0.018789 0.020408
5 0.603340 0.473562 0.013570 0.017625
5 0.602296 0.470779 0.013570 0.015770
5 0.600470 0.466605 0.015136 0.018553
5 0.598904 0.461967 0.013048 0.016698
5 0.598121 0.457792 0.014614 0.017625
5 0.595772 0.452690 0.013048 0.018553
0 0.632046 0.471243 0.026096 0.033395
0 0.625783 0.461967 0.024008 0.033395
0 0.621347 0.451763 0.022443 0.031540
0 0.585595 0.415584 0.024008 0.029685
5 0.576722 0.404917 0.010438 0.015770
9 0.551148 0.508349 0.022965 0.024119
5 0.545407 0.502319 0.017745 0.017625
5 0.541754 0.496289 0.015658 0.020408
8 0.558716 0.403525 0.006785 0.014842
8 0.563413 0.402134 0.005741 0.015770
5 0.557672 0.398423 0.007829 0.021336
5 0.560543 0.375232 0.013570 0.013915
1 0.561848 0.361317 0.009916 0.013915
8 0.493215 0.569573 0.008351 0.027829
5 0.493737 0.577458 0.011482 0.032468
10 0.507046 0.523191 0.038100 0.092764
8 0.478862 0.403525 0.006785 0.014842
9 0.479906 0.410482 0.009916 0.023191
10 0.524791 0.334416 0.027662 0.030612
0 0.511482 0.309369 0.014614 0.026902
9 0.526096 0.293599 0.014614 0.015770
9 0.525313 0.258813 0.004697 0.014842
0 0.501827 0.223562 0.009916 0.020408
0 0.486952 0.252783 0.012526 0.021336
3 0.490605 0.213358 0.013570 0.018553
0 0.481733 0.226809 0.014614 0.017625
8 0.468163 0.183210 0.002088 0.010204
5 0.468424 0.185065 0.004697 0.010204
8 0.481472 0.172078 0.003653 0.006494
0 0.449896 0.139610 0.006263 0.012059
3 0.448069 0.131725 0.006785 0.012987
0 0.451983 0.134508 0.008351 0.009276
3 0.421973 0.292208 0.013048 0.020408
3 0.418580 0.225417 0.009395 0.018553
2 0.389092 0.159091 0.008873 0.021336
7 0.376827 0.159091 0.002088 0.012059
8 0.380219 0.161410 0.004697 0.009276
7 0.379697 0.155844 0.002610 0.011132
3 0.390919 0.146568 0.005219 0.011132
8 0.466597 0.151670 0.002088 0.006494
3 0.409186 0.140538 0.006263 0.010204
3 0.406576 0.128479 0.005219 0.008349
3 0.405010 0.119202 0.005219 0.008349
6 0.425365 0.129870 0.007307 0.016698
10 0.419885 0.104360 0.006785 0.015770
10 0.405532 0.103896 0.008351 0.018553
11 0.402401 0.068646 0.004175 0.007421
10 0.407881 0.061224 0.004697 0.007421
8 0.417015 0.128015 0.002088 0.005566
8 0.415449 0.116883 0.002088 0.005566
8 0.413883 0.092764 0.001044 0.003711
8 0.385438 0.125696 0.001566 0.004638
8 0.390919 0.096011 0.001044 0.002783
8 0.394311 0.079314 0.000522 0.002783
8 0.389875 0.073748 0.001044 0.002783
5 0.417276 0.129870 0.001566 0.005566
5 0.415188 0.118275 0.001566 0.004638
5 0.385960 0.128015 0.001566 0.005566
5 0.390919 0.097403 0.001044 0.005566
5 0.413883 0.094156 0.002088 0.004638
5 0.389875 0.076067 0.001044 0.003711
9 0.394572 0.079777 0.002088 0.005566
0 0.447286 0.108998 0.004175 0.006494
11 0.439196 0.096011 0.004697 0.008349
4 0.433977 0.079777 0.013048 0.022263
6 0.356733 0.373377 0.017223 0.036178
10 0.450418 0.261596 0.018789 0.035250
11 0.407620 0.050557 0.004175 0.004638
11 0.763831 0.406308 0.025574 0.029685
10 0.794102 0.403989 0.047495 0.041744
