7 0.432143 0.803934 0.012857 0.024112
7 0.452500 0.777284 0.005000 0.026650
3 0.023214 0.934645 0.046429 0.067259
3 0.704643 0.767132 0.027857 0.072335
3 0.606429 0.604061 0.025714 0.053299
3 0.465357 0.595812 0.039286 0.057107
3 0.670714 0.394670 0.037143 0.048223
3 0.648571 0.277919 0.024286 0.040609
3 0.557500 0.236041 0.017857 0.043147
3 0.799286 0.193528 0.025714 0.044416
3 0.739286 0.150381 0.022857 0.034264
3 0.776786 0.087563 0.020714 0.032995
3 0.868214 0.022208 0.019286 0.036802
3 0.723929 0.030457 0.016429 0.030457
3 0.502143 0.089467 0.015714 0.034264
3 0.143571 0.578046 0.040000 0.036802
3 0.154643 0.802665 0.052143 0.064721
3 0.157857 0.962563 0.052857 0.057107
3 0.282143 0.874365 0.045714 0.065990
3 0.296786 0.401015 0.019286 0.048223
3 0.334643 0.585025 0.046429 0.053299
3 0.277857 0.290609 0.017143 0.043147
3 0.260357 0.187183 0.017857 0.034264
3 0.244286 0.192893 0.011429 0.035533
3 0.315714 0.185914 0.027143 0.031726
3 0.176429 0.147208 0.028571 0.030457
3 0.117500 0.165609 0.036429 0.031726
3 0.082857 0.178299 0.028571 0.031726
3 0.171429 0.100888 0.025714 0.026650
3 0.080714 0.141497 0.027143 0.029188
3 0.022857 0.048858 0.034286 0.036802
3 0.078214 0.114213 0.027857 0.027919
3 0.111071 0.114848 0.032143 0.034264
3 0.337143 0.319162 0.028571 0.041878
3 0.265000 0.118655 0.030000 0.034264
3 0.235357 0.230330 0.019286 0.041878
3 0.205000 0.235406 0.017143 0.052030
3 0.190000 0.240482 0.017143 0.049492
3 0.172143 0.244924 0.015714 0.048223
3 0.103214 0.262056 0.019286 0.041878
3 0.121786 0.224619 0.022143 0.045685
3 0.140714 0.223985 0.015714 0.036802
3 0.294286 0.110406 0.031429 0.032995
3 0.351429 0.093909 0.022857 0.025381
3 0.330357 0.267132 0.029286 0.034264
3 0.193571 0.015863 0.025714 0.021574
3 0.254286 0.048858 0.022857 0.026650
3 0.155357 0.435914 0.026429 0.044416
3 0.152500 0.404822 0.026429 0.038071
3 0.194286 0.435914 0.038571 0.031726
3 0.186429 0.419416 0.032857 0.031726
3 0.186071 0.394036 0.030714 0.029188
3 0.183214 0.372462 0.030714 0.036802
3 0.180000 0.355330 0.031429 0.032995
3 0.177143 0.328680 0.031429 0.032995
3 0.173214 0.310914 0.035000 0.035533
3 0.168929 0.286168 0.032143 0.029188
3 0.336071 0.297589 0.032143 0.039340
3 0.157500 0.253807 0.012143 0.043147
3 0.136071 0.271574 0.015000 0.032995
3 0.146786 0.354695 0.025000 0.031726
3 0.170714 0.213198 0.017143 0.035533
3 0.184286 0.205584 0.011429 0.038071
3 0.200714 0.202411 0.015714 0.034264
3 0.320000 0.217640 0.025714 0.026650
3 0.324286 0.230964 0.027143 0.032995
3 0.345000 0.077411 0.025714 0.030457
3 0.341786 0.059645 0.023571 0.027919
3 0.337500 0.048858 0.025000 0.024112
3 0.333929 0.034898 0.026429 0.026650
3 0.329643 0.022208 0.022143 0.024112
3 0.290357 0.095178 0.027857 0.017766
3 0.260000 0.104061 0.027143 0.025381
3 0.259643 0.086294 0.026429 0.020305
3 0.258571 0.074873 0.025714 0.022843
3 0.202143 0.076142 0.025714 0.020305
3 0.287857 0.073604 0.025714 0.027919
3 0.283929 0.052665 0.027857 0.024112
3 0.282857 0.043782 0.028571 0.026650
3 0.281071 0.027284 0.026429 0.024112
3 0.248571 0.036802 0.024286 0.025381
3 0.248571 0.022208 0.025714 0.026650
3 0.248214 0.013959 0.027857 0.020305
11 0.259286 0.295685 0.018571 0.053299
11 0.229286 0.192259 0.017143 0.046954
11 0.206071 0.133249 0.032143 0.038071
11 0.111071 0.059010 0.030714 0.034264
11 0.017500 0.193528 0.035000 0.044416
11 0.312857 0.165609 0.031429 0.036802
3 0.276786 0.413706 0.020714 0.045685
11 0.329286 0.243020 0.034286 0.039340
11 0.207500 0.109772 0.030714 0.026650
11 0.200357 0.089467 0.029286 0.029188
11 0.197143 0.061548 0.024286 0.026650
11 0.149643 0.373731 0.023571 0.041878
11 0.110357 0.045051 0.033571 0.026650
11 0.107500 0.031726 0.030714 0.022843
11 0.106429 0.019670 0.031429 0.021574
11 0.106429 0.007614 0.030000 0.015228
10 0.356786 0.163071 0.039286 0.049492
10 0.381429 0.280457 0.057143 0.055838
10 0.483214 0.273477 0.040714 0.046954
10 0.441071 0.136421 0.039286 0.046954
10 0.372500 0.242386 0.052143 0.045685
10 0.366429 0.215102 0.038571 0.041878
10 0.481429 0.246193 0.037143 0.038071
10 0.476786 0.224619 0.045000 0.045685
10 0.469286 0.208756 0.032857 0.044416
10 0.457143 0.190990 0.045714 0.054569
10 0.452857 0.170051 0.044286 0.043147
10 0.081786 0.279822 0.029286 0.087563
10 0.058571 0.288706 0.021429 0.085025
10 0.036786 0.300127 0.026429 0.087563
10 0.014643 0.302665 0.022143 0.097716
3 0.557143 0.781726 0.028571 0.055838
3 0.422500 0.051396 0.035000 0.034264
3 0.408571 0.020939 0.031429 0.026650
2 0.501071 0.039340 0.037857 0.078680
10 0.688214 0.107234 0.027857 0.059645
11 0.710714 0.064721 0.022857 0.040609
10 0.736071 0.098350 0.030714 0.052030
3 0.357143 0.009518 0.027143 0.019036
