3 0.710357 0.633883 0.030714 0.052030
11 0.805357 0.545685 0.035000 0.068528
3 0.418214 0.703046 0.036429 0.065990
3 0.376786 0.685279 0.030714 0.055838
3 0.367857 0.612944 0.032857 0.058376
3 0.306786 0.564086 0.036429 0.062183
3 0.328214 0.538706 0.032143 0.057107
2 0.401071 0.609137 0.083571 0.152284
2 0.416071 0.567259 0.083571 0.149746
11 0.354286 0.465736 0.038571 0.065990
11 0.312143 0.446701 0.037143 0.068528
3 0.282857 0.455584 0.034286 0.058376
3 0.269643 0.498096 0.033571 0.057107
3 0.277143 0.388325 0.031429 0.053299
3 0.315714 0.394036 0.028571 0.049492
11 0.321071 0.361041 0.033571 0.052030
3 0.175357 0.547589 0.032143 0.057107
11 0.211071 0.328046 0.033571 0.059645
11 0.207143 0.220812 0.034286 0.055838
