5 0.444286 0.600000 0.008571 0.024762
3 0.415714 0.614762 0.031429 0.065714
11 0.442857 0.501429 0.022857 0.065714
3 0.570357 0.219048 0.030714 0.064762
11 0.707143 0.289048 0.025714 0.052381
3 0.800357 0.262381 0.049286 0.037143
3 0.795357 0.229524 0.047857 0.034286
3 0.772857 0.158095 0.050000 0.043810
3 0.764286 0.127619 0.048571 0.040000
11 0.752500 0.097619 0.049286 0.044762
3 0.742143 0.073810 0.045714 0.033333
4 0.598929 0.509048 0.077857 0.187619
11 0.828214 0.761905 0.032143 0.053333
11 0.362500 0.238571 0.036429 0.052381
3 0.508929 0.131905 0.029286 0.071429
3 0.536071 0.052381 0.029286 0.059048
