7 0.030000 0.156091 0.012857 0.045685
7 0.117500 0.055203 0.010714 0.041878
7 0.160000 0.055203 0.011429 0.046954
7 0.323929 0.159898 0.013571 0.053299
7 0.343214 0.159264 0.007857 0.034264
7 0.332143 0.116751 0.010000 0.043147
7 0.348929 0.100254 0.015000 0.043147
7 0.506429 0.101523 0.008571 0.043147
7 0.523214 0.083122 0.007857 0.049492
7 0.506786 0.076142 0.009286 0.043147
7 0.494643 0.076777 0.010714 0.046954
7 0.468571 0.060914 0.011429 0.043147
7 0.441429 0.050761 0.007143 0.045685
7 0.562500 0.078680 0.010714 0.048223
7 0.570357 0.074873 0.007857 0.043147
7 0.584286 0.072970 0.007143 0.044416
7 0.607143 0.073604 0.011429 0.043147
7 0.595714 0.243655 0.008571 0.050761
7 0.598929 0.157360 0.013571 0.053299
7 0.633214 0.154822 0.009286 0.043147
7 0.665714 0.121827 0.010000 0.040609
7 0.621786 0.071701 0.007857 0.044416
7 0.632500 0.065990 0.005000 0.040609
7 0.915000 0.258883 0.017143 0.030457
7 0.903214 0.441624 0.015000 0.038071
7 0.888214 0.392766 0.016429 0.031726
7 0.891786 0.362310 0.016429 0.029188
7 0.890357 0.378807 0.013571 0.039340
7 0.919643 0.348350 0.019286 0.036802
7 0.931786 0.395305 0.023571 0.044416
7 0.936786 0.399112 0.016429 0.031726
7 0.940714 0.387056 0.011429 0.035533
7 0.933571 0.378807 0.010000 0.024112
7 0.948214 0.357868 0.019286 0.040609
7 0.941071 0.343274 0.013571 0.029188
7 0.935357 0.333122 0.016429 0.034264
7 0.925000 0.807741 0.025714 0.059645
7 0.949286 0.692893 0.030000 0.053299
7 0.697143 0.450508 0.014286 0.032995
7 0.737857 0.413071 0.017143 0.039340
7 0.773214 0.387690 0.016429 0.036802
7 0.737143 0.402284 0.017143 0.032995
7 0.667857 0.361675 0.018571 0.053299
7 0.722500 0.342640 0.012143 0.032995
7 0.756429 0.330584 0.008571 0.036802
7 0.767857 0.306472 0.008571 0.031726
7 0.756429 0.290609 0.010000 0.032995
7 0.709643 0.321066 0.015000 0.055838
7 0.718929 0.322335 0.010714 0.030457
7 0.695357 0.319162 0.009286 0.034264
7 0.637143 0.373096 0.014286 0.035533
7 0.630000 0.345178 0.014286 0.030457
7 0.615714 0.319162 0.017143 0.052030
7 0.511071 0.310279 0.012143 0.054569
7 0.446071 0.270939 0.013571 0.026650
7 0.346429 0.351523 0.011429 0.038071
7 0.340000 0.302665 0.011429 0.039340
7 0.342143 0.276650 0.012857 0.030457
7 0.353214 0.304569 0.013571 0.040609
7 0.360000 0.298858 0.008571 0.026650
7 0.365714 0.276015 0.014286 0.057107
7 0.198571 0.331853 0.011429 0.039340
7 0.123214 0.343274 0.019286 0.054569
7 0.217500 0.156726 0.012143 0.046954
7 0.242143 0.133883 0.014286 0.024112
7 0.565000 0.553934 0.008571 0.039340
7 0.087143 0.851523 0.020000 0.030457
