3 0.016786 0.677665 0.033571 0.060914
3 0.458571 0.961294 0.035714 0.072335
3 0.492857 0.851523 0.031429 0.068528
3 0.579643 0.832487 0.030714 0.086294
3 0.612143 0.857234 0.025714 0.069797
3 0.653571 0.674492 0.025714 0.064721
3 0.718571 0.611041 0.018571 0.067259
3 0.660000 0.531091 0.025714 0.057107
10 0.562143 0.487310 0.040000 0.088832
2 0.711429 0.452411 0.035714 0.100254
3 0.677857 0.362310 0.021429 0.049492
3 0.709286 0.354695 0.021429 0.049492
3 0.728929 0.267132 0.020714 0.044416
3 0.745357 0.317893 0.019286 0.052030
3 0.781071 0.293147 0.020714 0.053299
3 0.773214 0.191624 0.019286 0.043147
3 0.756071 0.177030 0.017857 0.039340
3 0.671786 0.113579 0.019286 0.034264
3 0.771071 0.102157 0.017857 0.044416
3 0.800000 0.089467 0.015714 0.034264
3 0.783571 0.040609 0.014286 0.035533
3 0.820000 0.055203 0.012857 0.036802
3 0.358214 0.513959 0.037857 0.043147
3 0.360714 0.477157 0.038571 0.045685
7 0.472143 0.401015 0.004286 0.010152
7 0.398571 0.607868 0.007143 0.020305
