7 0.438571 0.661905 0.022857 0.051429
7 0.308214 0.638571 0.016429 0.050476
7 0.356071 0.496667 0.013571 0.050476
7 0.522143 0.354762 0.012857 0.044762
8 0.330714 0.506667 0.024286 0.028571
8 0.483929 0.368571 0.012143 0.028571
8 0.487143 0.411429 0.014286 0.024762
8 0.488214 0.398571 0.016429 0.021905
8 0.470357 0.370000 0.013571 0.027619
8 0.469643 0.399048 0.012143 0.022857
8 0.457857 0.405238 0.011429 0.020000
8 0.447143 0.391429 0.010000 0.020952
8 0.448214 0.377143 0.016429 0.020952
7 0.432500 0.420000 0.015000 0.041905
7 0.423929 0.419048 0.009286 0.038095
7 0.436429 0.413333 0.011429 0.038095
7 0.393571 0.021905 0.008571 0.020952
7 0.407143 0.013333 0.005714 0.022857
7 0.427857 0.015238 0.007143 0.020952
7 0.483929 0.022381 0.006429 0.023810
8 0.499643 0.083333 0.007857 0.012381
8 0.510714 0.082857 0.008571 0.015238
8 0.533571 0.081429 0.005714 0.012381
8 0.544286 0.076190 0.005714 0.015238
8 0.531786 0.075238 0.005000 0.013333
8 0.529286 0.076667 0.005714 0.010476
8 0.540357 0.080000 0.006429 0.013333
7 0.632857 0.099524 0.005714 0.025714
8 0.623571 0.106667 0.007143 0.013333
8 0.615000 0.090952 0.007143 0.014286
8 0.599286 0.091905 0.005714 0.010476
8 0.606071 0.093333 0.005000 0.011429
8 0.605000 0.088571 0.005714 0.011429
8 0.652143 0.106667 0.007143 0.013333
8 0.658571 0.108095 0.007143 0.012381
8 0.656786 0.102857 0.005000 0.011429
7 0.810000 0.117143 0.008571 0.026667
7 0.954286 0.239524 0.020000 0.025714
7 0.970000 0.233810 0.020000 0.029524
7 0.968214 0.249048 0.017857 0.031429
7 0.984286 0.257619 0.014286 0.033333
7 0.995000 0.267619 0.008571 0.019048
7 0.995000 0.243810 0.008571 0.024762
