3 0.438929 0.748731 0.059286 0.091371
3 0.509286 0.931472 0.060000 0.101523
3 0.372857 0.728426 0.054286 0.086294
3 0.315714 0.583756 0.045714 0.068528
3 0.201071 0.697335 0.039286 0.064721
3 0.066071 0.409898 0.026429 0.055838
3 0.050000 0.268401 0.032857 0.049492
3 0.322500 0.463198 0.029286 0.043147
2 0.243214 0.414975 0.072143 0.109137
2 0.371429 0.411168 0.062857 0.124365
2 0.330714 0.399112 0.057143 0.100254
2 0.297857 0.298223 0.061429 0.101523
2 0.275000 0.322970 0.060000 0.095178
2 0.241786 0.227792 0.060714 0.092640
2 0.216071 0.237944 0.062143 0.097716
2 0.160357 0.216371 0.047857 0.077411
2 0.161429 0.171954 0.062857 0.090102
3 0.123571 0.173223 0.027143 0.039340
2 0.117500 0.113579 0.047857 0.082487
2 0.087500 0.116751 0.036429 0.058376
11 0.089643 0.073604 0.016429 0.035533
3 0.107500 0.645939 0.027857 0.045685
3 0.079643 0.604695 0.026429 0.044416
3 0.047500 0.554569 0.029286 0.043147
11 0.979286 0.158629 0.031429 0.040609
11 0.930714 0.116117 0.032857 0.026650
3 0.936071 0.140863 0.032143 0.038071
7 0.015357 0.034898 0.009286 0.019036
7 0.097857 0.038706 0.005714 0.016497
7 0.094286 0.035533 0.005714 0.017766
7 0.147857 0.076777 0.007143 0.021574
7 0.172857 0.107868 0.007143 0.020305
7 0.168571 0.112944 0.008571 0.020305
7 0.385000 0.361041 0.005714 0.019036
7 0.380357 0.368020 0.006429 0.020305
7 0.208571 0.940990 0.014286 0.021574
7 0.165714 0.828046 0.010000 0.016497
7 0.163214 0.751269 0.012143 0.025381
7 0.118214 0.729061 0.010714 0.021574
7 0.120000 0.699873 0.010000 0.024112
7 0.022500 0.509518 0.033571 0.044416
