11 0.491429 0.260000 0.028571 0.055238
3 0.507500 0.202381 0.026429 0.040952
3 0.625714 0.103333 0.021429 0.035238
11 0.627500 0.068571 0.016429 0.034286
3 0.601429 0.382381 0.034286 0.063810
3 0.609286 0.303333 0.030000 0.058095
3 0.612857 0.241905 0.025714 0.049524
3 0.619286 0.193810 0.027143 0.040952
3 0.338214 0.500952 0.045000 0.089524
3 0.298571 0.491905 0.054286 0.086667
3 0.215714 0.485238 0.054286 0.086667
3 0.128929 0.489048 0.069286 0.094286
3 0.043571 0.480952 0.061429 0.089524
1 0.204286 0.373333 0.007143 0.028571
5 0.189643 0.369048 0.016429 0.035238
3 0.389643 0.458095 0.042143 0.074286
3 0.368929 0.735714 0.060714 0.126667
3 0.052143 0.669048 0.085714 0.126667
3 0.101429 0.666667 0.072857 0.114286
3 0.145000 0.678571 0.078571 0.122857
3 0.196071 0.678095 0.062143 0.114286
3 0.266786 0.618095 0.053571 0.102857
3 0.021071 0.658571 0.042143 0.092381
7 0.068571 0.731905 0.025714 0.033333
3 0.939286 0.764286 0.094286 0.056190
3 0.685000 0.516190 0.091429 0.049524
3 0.731429 0.294286 0.034286 0.062857
3 0.768214 0.300000 0.033571 0.062857
3 0.934643 0.317619 0.046429 0.056190
3 0.676786 0.394762 0.067857 0.046667
3 0.692500 0.445714 0.082143 0.047619
5 0.703571 0.236667 0.015714 0.039048
3 0.975357 0.328095 0.047857 0.065714
5 0.986071 0.261905 0.013571 0.030476
