7 0.212500 0.217143 0.035000 0.066667
7 0.306071 0.205238 0.032143 0.060000
7 0.219643 0.256667 0.030714 0.054286
7 0.137857 0.300952 0.031429 0.057143
7 0.392143 0.171905 0.020000 0.046667
7 0.194286 0.427143 0.050000 0.077143
7 0.209643 0.487619 0.039286 0.074286
7 0.265000 0.569048 0.037143 0.075238
7 0.342500 0.467619 0.040714 0.068571
7 0.420714 0.405714 0.032857 0.074286
7 0.612143 0.286190 0.020000 0.073333
7 0.431429 0.184286 0.025714 0.067619
7 0.443571 0.200000 0.018571 0.072381
7 0.460357 0.147143 0.023571 0.050476
7 0.538214 0.115714 0.017857 0.046667
7 0.684286 0.244286 0.027143 0.069524
7 0.762500 0.325714 0.027857 0.068571
7 0.693571 0.390000 0.025714 0.084762
7 0.632857 0.477619 0.024286 0.077143
7 0.587857 0.171905 0.018571 0.063810
7 0.560357 0.281905 0.027857 0.078095
7 0.499643 0.222857 0.030714 0.064762
7 0.423571 0.255714 0.028571 0.071429
7 0.339643 0.315238 0.033571 0.072381
7 0.243214 0.358571 0.025000 0.075238
8 0.150714 0.330476 0.031429 0.051429
8 0.170357 0.367619 0.053571 0.053333
8 0.294643 0.633810 0.055000 0.050476
7 0.383929 0.658095 0.056429 0.089524
7 0.514286 0.732381 0.032857 0.081905
7 0.483571 0.560000 0.040000 0.110476
8 0.581429 0.113810 0.020000 0.044762
8 0.595357 0.129524 0.016429 0.047619
1 0.551429 0.089524 0.034286 0.045714
1 0.690714 0.180476 0.034286 0.042857
1 0.741071 0.219524 0.026429 0.060000
1 0.763214 0.213810 0.025000 0.063810
1 0.833571 0.286667 0.034286 0.055238
1 0.362143 0.849524 0.061429 0.100952
1 0.284286 0.731429 0.067143 0.100952
1 0.124286 0.671429 0.092857 0.083810
1 0.074286 0.488095 0.045714 0.105714
