7 0.084643 0.420685 0.015000 0.039340
11 0.072143 0.550761 0.092857 0.068528
11 0.193929 0.552030 0.080714 0.065990
3 0.223214 0.496827 0.076429 0.049492
3 0.097143 0.497462 0.082857 0.053299
7 0.334286 0.628807 0.007143 0.039340
7 0.334286 0.753807 0.010000 0.043147
3 0.692857 0.372462 0.032857 0.072335
7 0.565000 0.355964 0.005714 0.031726
7 0.569643 0.324873 0.005000 0.030457
7 0.575714 0.331218 0.005714 0.030457
7 0.600357 0.291244 0.006429 0.034264
7 0.637143 0.006980 0.004286 0.013959
7 0.740357 0.335025 0.009286 0.032995
7 0.744286 0.364848 0.008571 0.021574
7 0.852143 0.460660 0.011429 0.038071
7 0.974286 0.519670 0.015714 0.036802
7 0.983214 0.544416 0.015000 0.035533
7 0.986071 0.529822 0.019286 0.034264
