3 0.631524 0.717069 0.039666 0.066790
3 0.560282 0.629406 0.038100 0.062152
3 0.540449 0.603896 0.040188 0.057514
3 0.507568 0.557514 0.037056 0.059369
3 0.486430 0.535250 0.039666 0.053803
3 0.435804 0.461967 0.033403 0.046382
3 0.425626 0.443878 0.040188 0.047310
3 0.396399 0.405380 0.034969 0.046382
3 0.368476 0.371058 0.035491 0.040816
3 0.341597 0.233302 0.030793 0.030612
3 0.311587 0.261596 0.026096 0.029685
3 0.328810 0.148887 0.026096 0.028757
3 0.303236 0.166048 0.021921 0.027829
3 0.274008 0.191558 0.029228 0.032468
3 0.235647 0.216141 0.029749 0.033395
1 0.251044 0.189703 0.003132 0.012059
8 0.250783 0.183673 0.001566 0.011132
5 0.219990 0.160482 0.007829 0.012987
5 0.225731 0.155380 0.008873 0.012059
0 0.252871 0.151670 0.018267 0.021336
3 0.951200 0.708720 0.029749 0.081633
3 0.958768 0.585807 0.053236 0.043599
3 0.976775 0.122913 0.025574 0.028757
3 0.986952 0.119202 0.019833 0.026902
3 0.993476 0.111781 0.010960 0.017625
3 0.516441 0.079314 0.014092 0.023191
3 0.441284 0.022727 0.019311 0.023191
5 0.215814 0.213822 0.016180 0.019481
11 0.040971 0.364564 0.034969 0.042672
3 0.008351 0.393321 0.016701 0.035250
5 0.045146 0.335343 0.007829 0.015770
5 0.036534 0.338126 0.007307 0.019481
5 0.029228 0.341373 0.012526 0.022263
5 0.019572 0.350186 0.014092 0.023191
9 0.008090 0.358534 0.016180 0.023191
3 0.048017 0.483766 0.028184 0.041744
3 0.010960 0.522727 0.021921 0.038033
4 0.065501 0.920223 0.020355 0.155844
