2 0.413214 0.626904 0.122143 0.065990
2 0.385000 0.725888 0.127143 0.088832
2 0.365714 0.526650 0.117143 0.068528
2 0.369286 0.460660 0.115714 0.078680
2 0.368571 0.388959 0.115714 0.079949
2 0.375000 0.318528 0.115714 0.078680
2 0.382857 0.253807 0.108571 0.073604
10 0.393214 0.192259 0.102143 0.064721
10 0.461071 0.230330 0.027857 0.156091
10 0.452143 0.494289 0.035714 0.181472
10 0.499286 0.510787 0.035714 0.196701
10 0.541071 0.482234 0.035000 0.197970
10 0.621786 0.631345 0.046429 0.209391
10 0.608214 0.383883 0.040714 0.244924
10 0.563929 0.229061 0.036429 0.161168
10 0.529643 0.240482 0.030714 0.158629
10 0.496429 0.278553 0.034286 0.257614
2 0.661071 0.517132 0.052143 0.227157
10 0.365000 0.921320 0.137143 0.088832
2 0.357143 0.824873 0.131429 0.076142
3 0.574286 0.640228 0.022857 0.100254
7 0.577500 0.701777 0.009286 0.025381
7 0.560714 0.698604 0.015714 0.029188
7 0.558929 0.657360 0.009286 0.025381
6 0.483214 0.942893 0.092143 0.073604
