3 0.227857 0.942857 0.037143 0.032381
11 0.295714 0.977619 0.040000 0.033333
3 0.405000 0.980000 0.020000 0.038095
7 0.430357 0.986190 0.006429 0.008571
7 0.438929 0.935714 0.006429 0.006667
7 0.445357 0.937143 0.005000 0.007619
7 0.448929 0.943810 0.005000 0.007619
3 0.441429 0.964762 0.041429 0.036190
3 0.418214 0.925238 0.025000 0.061905
3 0.455714 0.927143 0.035714 0.048571
3 0.475000 0.840000 0.041429 0.034286
3 0.484643 0.777619 0.045000 0.037143
3 0.485000 0.750476 0.042857 0.038095
3 0.497500 0.703333 0.037857 0.033333
3 0.501786 0.678571 0.037857 0.033333
3 0.512857 0.650952 0.041429 0.039048
7 0.449643 0.643810 0.006429 0.011429
7 0.460357 0.652381 0.006429 0.007619
3 0.515000 0.550476 0.038571 0.030476
3 0.533929 0.525238 0.039286 0.033333
3 0.517143 0.450000 0.041429 0.035238
3 0.516429 0.418095 0.032857 0.032381
3 0.516429 0.388571 0.034286 0.038095
11 0.519286 0.357143 0.032857 0.047619
3 0.519286 0.320952 0.030000 0.041905
7 0.496071 0.290952 0.006429 0.012381
7 0.505714 0.272857 0.005714 0.012381
7 0.500714 0.251905 0.004286 0.014286
7 0.500714 0.242381 0.005714 0.012381
7 0.518214 0.207619 0.007857 0.019048
7 0.503571 0.162857 0.005714 0.020952
7 0.526429 0.167143 0.008571 0.014286
7 0.557143 0.019524 0.005714 0.016190
3 0.467500 0.080952 0.040714 0.030476
3 0.459643 0.110952 0.040714 0.025714
3 0.456786 0.137143 0.039286 0.028571
3 0.447857 0.273333 0.040000 0.028571
3 0.442143 0.300000 0.040000 0.030476
3 0.436786 0.326190 0.040714 0.031429
11 0.434643 0.350000 0.037857 0.027619
3 0.419286 0.379524 0.040000 0.033333
3 0.416071 0.409048 0.040714 0.029524
5 0.424286 0.433333 0.020000 0.009524
3 0.406786 0.466190 0.040714 0.027619
3 0.401429 0.494762 0.042857 0.031429
3 0.398929 0.519048 0.042143 0.032381
3 0.389643 0.544286 0.039286 0.029524
3 0.370714 0.618095 0.041429 0.032381
3 0.365714 0.646190 0.040000 0.027619
3 0.358571 0.677619 0.045714 0.031429
3 0.356786 0.705714 0.042143 0.028571
3 0.352500 0.735714 0.046429 0.035238
3 0.345000 0.766190 0.042857 0.033333
11 0.337500 0.795238 0.045000 0.028571
3 0.331429 0.822857 0.044286 0.026667
3 0.328929 0.853810 0.043571 0.031429
4 0.330714 0.899048 0.025714 0.043810
