7 0.328929 0.972081 0.006429 0.010152
7 0.335714 0.978426 0.004286 0.007614
11 0.496071 0.984772 0.010714 0.022843
10 0.521071 0.916878 0.015000 0.072335
10 0.523571 0.816624 0.015714 0.079949
10 0.525357 0.716371 0.013571 0.079949
3 0.500714 0.851523 0.014286 0.073604
11 0.478214 0.883883 0.010714 0.054569
3 0.505714 0.659898 0.010000 0.045685
3 0.525714 0.623731 0.010000 0.046954
11 0.529643 0.515863 0.009286 0.044416
11 0.492500 0.495558 0.009286 0.046954
3 0.509286 0.542513 0.010000 0.041878
3 0.532500 0.357868 0.009286 0.038071
2 0.488214 0.237310 0.012143 0.055838
2 0.498571 0.010787 0.010000 0.021574
3 0.849286 0.442893 0.011429 0.040609
3 0.878214 0.064721 0.009286 0.027919
3 0.912857 0.128807 0.012857 0.026650
3 0.899643 0.118655 0.010714 0.026650
7 0.806429 0.119924 0.001429 0.008883
7 0.808929 0.124365 0.002143 0.007614
7 0.819643 0.110406 0.005000 0.010152
7 0.822857 0.099619 0.002857 0.011421
7 0.825000 0.085025 0.002857 0.007614
7 0.816786 0.121827 0.002143 0.010152
7 0.815000 0.129442 0.002857 0.010152
7 0.810357 0.131980 0.003571 0.012690
7 0.828571 0.090102 0.004286 0.010152
7 0.831071 0.092005 0.002143 0.011421
7 0.829286 0.085660 0.001429 0.008883
