5 0.251750 0.738333 0.058500 0.054000
5 0.283000 0.715667 0.055000 0.050000
5 0.260000 0.570667 0.044000 0.037333
7 0.475000 0.601333 0.022000 0.058667
11 0.445250 0.716667 0.070500 0.164000
7 0.390750 0.438000 0.009500 0.040000
3 0.326500 0.363667 0.068000 0.039333
3 0.321250 0.314333 0.060500 0.036667
3 0.336000 0.266667 0.024000 0.025333
1 0.266750 0.368000 0.023500 0.021333
1 0.264500 0.363000 0.024000 0.019333
3 0.360500 0.249000 0.021000 0.024667
3 0.372000 0.282333 0.025000 0.030000
5 0.284750 0.245667 0.007500 0.015333
5 0.279000 0.232667 0.017000 0.013333
5 0.277750 0.213333 0.007500 0.013333
5 0.310500 0.203333 0.012000 0.012000
3 0.342750 0.198333 0.015500 0.019333
3 0.391500 0.179333 0.017000 0.016000
11 0.419000 0.210000 0.018000 0.028000
5 0.375750 0.207667 0.004500 0.014000
8 0.375750 0.202000 0.005500 0.014667
3 0.332750 0.175000 0.014500 0.014000
11 0.331000 0.163667 0.013000 0.019333
5 0.336000 0.153000 0.005000 0.008667
8 0.336000 0.148000 0.004000 0.009333
5 0.332750 0.148667 0.003500 0.008000
8 0.333000 0.145000 0.003000 0.008667
1 0.319500 0.196667 0.013000 0.014667
1 0.318250 0.184333 0.012500 0.010000
5 0.318500 0.190667 0.016000 0.012000
5 0.279500 0.118333 0.009000 0.006000
5 0.282500 0.113000 0.006000 0.007333
11 0.300500 0.118000 0.008000 0.010667
3 0.314000 0.119333 0.008000 0.009333
4 0.305750 0.090667 0.023500 0.045333
4 0.296750 0.053000 0.016500 0.020667
2 0.327250 0.085333 0.007500 0.012000
3 0.327000 0.092333 0.006000 0.008667
3 0.399250 0.120333 0.009500 0.011333
3 0.396500 0.108333 0.009000 0.008667
11 0.359250 0.083333 0.005500 0.008000
3 0.371500 0.092000 0.005000 0.008000
3 0.386250 0.099333 0.006500 0.006667
4 0.388500 0.087333 0.025000 0.013333
3 0.403250 0.103333 0.007500 0.008000
4 0.406750 0.095000 0.008500 0.007333
4 0.413500 0.103000 0.008000 0.014000
3 0.421000 0.105667 0.007000 0.007333
3 0.433000 0.104667 0.007000 0.008000
8 0.423500 0.100000 0.003000 0.006667
3 0.430750 0.110333 0.008500 0.008667
3 0.436750 0.114333 0.008500 0.008667
3 0.608500 0.473000 0.069000 0.072667
3 0.534000 0.295000 0.037000 0.039333
3 0.457500 0.258000 0.026000 0.028000
3 0.952750 0.391333 0.082500 0.045333
3 0.942250 0.318333 0.075500 0.032667
3 0.720250 0.266333 0.037500 0.024667
7 0.701000 0.249667 0.005000 0.023333
7 0.708500 0.244667 0.005000 0.021333
7 0.699250 0.234000 0.005500 0.021333
1 0.722750 0.245333 0.005500 0.013333
1 0.653750 0.215333 0.007500 0.016000
7 0.662500 0.223667 0.005000 0.020667
10 0.586500 0.226000 0.042000 0.045333
3 0.607500 0.207333 0.026000 0.018667
3 0.594500 0.200000 0.021000 0.014667
1 0.567750 0.197667 0.004500 0.012667
8 0.567750 0.195333 0.004500 0.012000
5 0.639000 0.223000 0.017000 0.016667
5 0.637000 0.219333 0.015000 0.018667
3 0.548750 0.177667 0.023500 0.014000
7 0.553000 0.165333 0.004000 0.014667
11 0.532000 0.167000 0.026000 0.016667
10 0.463250 0.147667 0.020500 0.026000
11 0.472500 0.133000 0.012000 0.014000
3 0.462250 0.128000 0.009500 0.009333
3 0.438000 0.135000 0.012000 0.015333
3 0.448750 0.123333 0.015500 0.010667
5 0.505250 0.144667 0.009500 0.009333
5 0.511500 0.146000 0.007000 0.009333
5 0.491250 0.136333 0.002500 0.008667
5 0.495750 0.139000 0.003500 0.007333
