7 0.695714 0.127619 0.028571 0.043810
7 0.699643 0.270952 0.030714 0.031429
7 0.703214 0.431429 0.030714 0.028571
7 0.712500 0.565714 0.037857 0.020952
7 0.718571 0.800476 0.034286 0.020000
7 0.891786 0.938571 0.039286 0.025714
7 0.876071 0.859048 0.030714 0.024762
7 0.868571 0.759524 0.037143 0.023810
7 0.874643 0.692857 0.040714 0.021905
7 0.857143 0.576190 0.038571 0.022857
7 0.965357 0.576667 0.039286 0.025714
7 0.972500 0.648571 0.043571 0.028571
7 0.953929 0.490952 0.036429 0.027619
7 0.854286 0.429048 0.037143 0.023810
7 0.860357 0.500952 0.035000 0.024762
7 0.862143 0.385238 0.028571 0.029524
7 0.940357 0.413810 0.033571 0.027619
7 0.846429 0.065238 0.032857 0.042857
7 0.861429 0.121429 0.030000 0.039048
7 0.842857 0.173810 0.032857 0.035238
7 0.862857 0.240952 0.035714 0.030476
7 0.932143 0.244762 0.035714 0.028571
7 0.940000 0.176190 0.031429 0.036190
7 0.940000 0.118571 0.031429 0.037143
7 0.925000 0.060000 0.030000 0.036190
7 0.874643 0.293333 0.029286 0.036190
7 0.866429 0.343333 0.028571 0.031429
7 0.938929 0.309048 0.022143 0.029524
7 0.938571 0.358095 0.028571 0.030476
7 0.922857 0.017619 0.035714 0.033333
7 0.831071 0.012857 0.022143 0.023810
7 0.982500 0.734286 0.032143 0.028571
