11 0.317143 0.945238 0.087143 0.096190
3 0.341786 0.851429 0.079286 0.114286
3 0.362500 0.772857 0.072143 0.094286
3 0.487500 0.825714 0.047857 0.120000
3 0.464643 0.942857 0.060714 0.112381
5 0.423571 0.774762 0.010000 0.052381
10 0.528929 0.648571 0.045000 0.104762
3 0.387857 0.698095 0.070000 0.080000
3 0.403214 0.636667 0.072143 0.082857
3 0.422500 0.553333 0.069286 0.072381
3 0.547143 0.560952 0.040000 0.080000
3 0.566786 0.483333 0.040714 0.092381
3 0.447857 0.503333 0.060000 0.069524
3 0.460000 0.450476 0.055714 0.070476
11 0.486071 0.419524 0.062143 0.067619
3 0.488214 0.379048 0.057857 0.064762
3 0.501786 0.347143 0.055000 0.050476
3 0.521786 0.303333 0.057857 0.048571
3 0.533214 0.268095 0.056429 0.048571
3 0.539643 0.227143 0.046429 0.054286
3 0.541429 0.188095 0.051429 0.054286
3 0.557500 0.155714 0.045000 0.044762
3 0.566071 0.129048 0.040714 0.037143
3 0.564286 0.104762 0.042857 0.040000
3 0.571429 0.080952 0.042857 0.043810
3 0.586071 0.060000 0.047857 0.038095
3 0.595714 0.039048 0.034286 0.036190
3 0.606786 0.026667 0.036429 0.032381
3 0.673571 0.017619 0.021429 0.033333
3 0.663929 0.057619 0.022143 0.040952
3 0.648571 0.125714 0.022857 0.051429
3 0.636071 0.184762 0.025000 0.049524
3 0.606429 0.316190 0.030000 0.072381
3 0.583929 0.391429 0.030714 0.068571
7 0.358214 0.561429 0.007857 0.029524
7 0.547500 0.056667 0.006429 0.023810
7 0.564643 0.009524 0.003571 0.019048
5 0.642500 0.247619 0.010714 0.026667
8 0.643571 0.239524 0.008571 0.010476
7 0.613929 0.264286 0.006429 0.023810
3 0.680000 0.335238 0.037143 0.066667
3 0.720357 0.449048 0.045000 0.080952
3 0.657143 0.525714 0.028571 0.080000
3 0.644643 0.740000 0.039286 0.110476
3 0.615714 0.946667 0.051429 0.104762
3 0.708214 0.949048 0.047857 0.100000
3 0.742500 0.071429 0.025000 0.040000
3 0.727500 0.155238 0.029286 0.053333
3 0.793214 0.093333 0.023571 0.045714
3 0.788929 0.154286 0.023571 0.051429
3 0.779643 0.210000 0.026429 0.048571
10 0.767143 0.395714 0.025714 0.079048
3 0.770357 0.330476 0.029286 0.068571
3 0.747500 0.598095 0.036429 0.097143
3 0.731786 0.699048 0.039286 0.108571
3 0.724643 0.830952 0.035000 0.122857
5 0.697857 0.774762 0.010000 0.046667
8 0.696786 0.763810 0.005000 0.020952
7 0.757143 0.803333 0.007143 0.031429
7 0.860714 0.694286 0.008571 0.032381
7 0.871071 0.688571 0.006429 0.024762
7 0.877500 0.686667 0.005000 0.017143
7 0.872143 0.462381 0.007143 0.021905
7 0.880357 0.462381 0.005000 0.021905
3 0.788571 0.516667 0.072857 0.060000
7 0.860714 0.246667 0.002857 0.020952
7 0.841071 0.244286 0.003571 0.020000
7 0.799643 0.261429 0.005000 0.020000
3 0.888571 0.193810 0.052857 0.040952
3 0.892143 0.166190 0.054286 0.035238
3 0.888571 0.016190 0.044286 0.022857
3 0.901786 0.035714 0.036429 0.025714
3 0.910357 0.055238 0.047857 0.028571
3 0.903214 0.075714 0.052143 0.035238
3 0.896429 0.099048 0.051429 0.036190
3 0.892500 0.125714 0.049286 0.030476
3 0.889286 0.145714 0.050000 0.028571
7 0.902857 0.214286 0.007143 0.020952
3 0.933571 0.437619 0.032857 0.071429
3 0.982500 0.453333 0.033571 0.080000
4 0.933571 0.817143 0.052857 0.240000
