3 0.081786 0.041878 0.053571 0.083756
7 0.153571 0.383883 0.010000 0.034264
7 0.146071 0.380711 0.010714 0.038071
7 0.139286 0.786168 0.018571 0.039340
7 0.143214 0.768401 0.017857 0.036802
7 0.359286 0.715736 0.012857 0.035533
7 0.352500 0.710025 0.009286 0.031726
7 0.497143 0.611675 0.010000 0.038071
7 0.485714 0.682107 0.032857 0.059645
7 0.395357 0.640863 0.009286 0.043147
7 0.258571 0.062183 0.008571 0.032995
7 0.252500 0.059010 0.007857 0.031726
7 0.459643 0.261421 0.005000 0.020305
7 0.497857 0.284898 0.007143 0.041878
7 0.500714 0.266497 0.007143 0.030457
7 0.472857 0.097081 0.008571 0.036802
7 0.465714 0.097716 0.005714 0.035533
7 0.482143 0.482234 0.008571 0.038071
7 0.483571 0.466371 0.007143 0.031726
7 0.483214 0.453046 0.006429 0.030457
7 0.497857 0.515228 0.008571 0.043147
7 0.498214 0.496827 0.007857 0.031726
7 0.498929 0.482868 0.009286 0.034264
7 0.498214 0.467640 0.007857 0.034264
7 0.497857 0.454949 0.008571 0.039340
8 0.407857 0.152919 0.007143 0.021574
8 0.422500 0.155457 0.007857 0.021574
8 0.412857 0.165609 0.007143 0.021574
7 0.382857 0.652919 0.011429 0.031726
7 0.380357 0.625000 0.007857 0.036802
