3 0.046786 0.627143 0.067857 0.075238
3 0.266786 0.692381 0.037857 0.093333
3 0.315357 0.660952 0.053571 0.078095
3 0.344286 0.629048 0.054286 0.069524
3 0.387857 0.575714 0.048571 0.069524
7 0.004643 0.600000 0.005000 0.022857
7 0.311786 0.807619 0.013571 0.034286
7 0.339286 0.767619 0.010000 0.032381
7 0.007500 0.672857 0.005000 0.025714
7 0.018571 0.714286 0.007143 0.026667
7 0.008571 0.720476 0.007143 0.025714
3 0.025357 0.813810 0.049286 0.117143
3 0.056071 0.820476 0.062143 0.109524
3 0.110357 0.840000 0.047857 0.099048
3 0.318929 0.890476 0.053571 0.123810
3 0.272500 0.882381 0.047857 0.119048
3 0.220357 0.874286 0.059286 0.116190
3 0.178929 0.851429 0.049286 0.104762
3 0.143929 0.842381 0.052143 0.103810
3 0.412143 0.907143 0.042857 0.122857
3 0.366786 0.901429 0.040714 0.101905
3 0.531786 0.907143 0.073571 0.061905
3 0.521786 0.849048 0.073571 0.069524
7 0.568929 0.053810 0.002143 0.012381
7 0.560000 0.067143 0.002857 0.016190
7 0.577857 0.071429 0.002857 0.019048
3 0.570000 0.087143 0.015714 0.029524
3 0.558571 0.147619 0.014286 0.022857
3 0.550357 0.178095 0.016429 0.030476
7 0.565357 0.167143 0.002143 0.010476
7 0.578571 0.220476 0.002857 0.014286
5 0.528571 0.189524 0.004286 0.013333
3 0.526786 0.268571 0.036429 0.034286
11 0.512500 0.284762 0.017857 0.036190
7 0.450714 0.301905 0.004286 0.020952
7 0.458929 0.300952 0.003571 0.019048
7 0.564643 0.319524 0.005000 0.020000
7 0.557143 0.339048 0.005714 0.019048
7 0.545357 0.337619 0.005000 0.021905
8 0.544643 0.332381 0.002143 0.011429
5 0.455000 0.381905 0.015714 0.015238
5 0.448571 0.400952 0.020000 0.017143
5 0.434286 0.452381 0.017143 0.015238
5 0.471429 0.325714 0.010000 0.013333
7 0.484643 0.330476 0.002143 0.009524
7 0.480357 0.331429 0.002143 0.011429
5 0.484286 0.303333 0.011429 0.014286
5 0.411429 0.517143 0.017143 0.024762
5 0.656429 0.936190 0.014286 0.032381
7 0.661429 0.911905 0.007143 0.021905
7 0.631429 0.901429 0.010000 0.031429
3 0.539286 0.794762 0.075714 0.065714
3 0.542857 0.745238 0.077143 0.060000
3 0.546786 0.699048 0.056429 0.047619
3 0.564286 0.610476 0.055714 0.045714
3 0.570000 0.657619 0.062857 0.060000
3 0.571786 0.576190 0.062143 0.049524
3 0.577857 0.542381 0.052857 0.040952
3 0.577500 0.511905 0.055000 0.037143
3 0.585357 0.484762 0.055000 0.036190
3 0.585000 0.457619 0.054286 0.040952
3 0.587857 0.427619 0.055714 0.036190
3 0.597857 0.405714 0.044286 0.036190
3 0.598214 0.385714 0.045000 0.034286
3 0.601071 0.365714 0.046429 0.036190
3 0.604643 0.340952 0.045000 0.030476
3 0.607500 0.321905 0.050714 0.032381
3 0.613214 0.301429 0.043571 0.031429
3 0.618571 0.285714 0.041429 0.028571
11 0.622857 0.266190 0.035714 0.027619
7 0.603214 0.269524 0.003571 0.015238
3 0.625000 0.250952 0.040000 0.029524
3 0.630000 0.234286 0.038571 0.024762
3 0.630357 0.217143 0.036429 0.024762
3 0.634643 0.201429 0.037857 0.025714
3 0.636786 0.185714 0.036429 0.022857
3 0.637500 0.175714 0.032143 0.023810
3 0.637143 0.165714 0.031429 0.022857
3 0.641429 0.152857 0.038571 0.025714
3 0.642143 0.140952 0.034286 0.022857
3 0.640714 0.126190 0.031429 0.016190
11 0.646429 0.086190 0.030000 0.018095
3 0.644643 0.095714 0.027857 0.016190
3 0.647500 0.109048 0.030714 0.021905
3 0.610714 0.101905 0.012857 0.020952
3 0.587143 0.098095 0.014286 0.019048
3 0.658929 0.063810 0.022143 0.017143
3 0.664643 0.057143 0.023571 0.017143
3 0.666786 0.047619 0.026429 0.015238
3 0.664286 0.030000 0.024286 0.021905
3 0.663214 0.010476 0.019286 0.017143
3 0.671071 0.005238 0.025000 0.010476
7 0.597143 0.079048 0.001429 0.011429
7 0.588929 0.147143 0.003571 0.016190
7 0.594643 0.150952 0.003571 0.012381
7 0.585000 0.162381 0.002857 0.010476
7 0.609286 0.168095 0.002857 0.014286
7 0.603214 0.170000 0.003571 0.014286
7 0.605357 0.199048 0.003571 0.015238
7 0.601071 0.199048 0.003571 0.013333
5 0.597500 0.062381 0.009286 0.006667
4 0.583571 0.047143 0.018571 0.029524
4 0.605714 0.054762 0.018571 0.021905
4 0.621429 0.035238 0.010000 0.020952
3 0.709643 0.066190 0.015000 0.025714
3 0.717143 0.108095 0.015714 0.029524
3 0.706429 0.157143 0.017143 0.028571
11 0.738929 0.082857 0.015000 0.024762
11 0.739643 0.130476 0.012143 0.032381
3 0.702500 0.197619 0.019286 0.025714
7 0.697857 0.421905 0.007143 0.017143
7 0.714643 0.679048 0.006429 0.032381
3 0.767143 0.880476 0.037143 0.107619
3 0.827857 0.778571 0.037143 0.094286
3 0.764286 0.749048 0.034286 0.098095
3 0.760000 0.641905 0.032857 0.078095
3 0.802500 0.506667 0.027857 0.057143
3 0.838214 0.460952 0.026429 0.057143
3 0.783571 0.360952 0.022857 0.043810
3 0.824286 0.358095 0.022857 0.041905
3 0.818214 0.312381 0.020714 0.036190
3 0.813929 0.266190 0.017857 0.033333
3 0.807857 0.228095 0.018571 0.029524
3 0.748571 0.218571 0.017143 0.031429
3 0.773214 0.201905 0.016429 0.026667
3 0.801429 0.170476 0.015714 0.024762
3 0.756071 0.070952 0.015000 0.020000
3 0.752143 0.024286 0.010000 0.014286
3 0.773571 0.055238 0.014286 0.020952
3 0.774643 0.032857 0.013571 0.018095
3 0.787500 0.012857 0.010714 0.016190
3 0.789286 0.030476 0.011429 0.015238
3 0.792500 0.050000 0.013571 0.016190
3 0.794286 0.077619 0.012857 0.020000
3 0.794643 0.100476 0.013571 0.020000
3 0.797143 0.124286 0.014286 0.020000
3 0.800357 0.145238 0.016429 0.016190
3 0.805714 0.200000 0.018571 0.026667
7 0.817857 0.176667 0.002857 0.014286
5 0.800357 0.295238 0.010714 0.017143
8 0.801786 0.290476 0.006429 0.011429
3 0.831786 0.411905 0.025000 0.039048
7 0.962500 0.634286 0.012143 0.024762
4 0.927143 0.248095 0.045714 0.058095
4 0.968571 0.344286 0.041429 0.103810
7 0.909643 0.341429 0.003571 0.018095
7 0.902500 0.351429 0.003571 0.017143
3 0.919286 0.201905 0.038571 0.019048
3 0.914286 0.183333 0.028571 0.018095
3 0.877143 0.114762 0.012857 0.020000
7 0.891071 0.146190 0.005000 0.023810
7 0.891071 0.089524 0.005000 0.011429
7 0.904286 0.092857 0.002857 0.010476
7 0.898571 0.046190 0.002857 0.014286
7 0.877857 0.058095 0.002857 0.011429
7 0.962857 0.116667 0.004286 0.014286
7 0.969286 0.117143 0.002857 0.013333
7 0.982143 0.120476 0.004286 0.014286
7 0.991786 0.121905 0.002143 0.013333
7 0.927143 0.102381 0.005714 0.018095
7 0.907500 0.038095 0.003571 0.013333
11 0.872857 0.089048 0.012857 0.025714
7 0.827500 0.004762 0.003571 0.009524
7 0.833929 0.004286 0.003571 0.008571
5 0.848571 0.009524 0.010000 0.011429
3 0.863929 0.033333 0.019286 0.013333
3 0.863214 0.059048 0.019286 0.017143
3 0.865000 0.046667 0.018571 0.015238
7 0.845714 0.050952 0.004286 0.016190
3 0.713929 0.011429 0.013571 0.019048
