3 0.818214 0.678299 0.042143 0.034264
3 0.800714 0.615482 0.041429 0.027919
2 0.809643 0.482234 0.087857 0.068528
3 0.678214 0.543147 0.037857 0.030457
3 0.622500 0.658629 0.033571 0.027919
2 0.597500 0.626904 0.049286 0.043147
3 0.466786 0.550127 0.019286 0.046954
3 0.545714 0.538706 0.034286 0.031726
3 0.484286 0.425127 0.012857 0.038071
3 0.462500 0.395305 0.012143 0.031726
3 0.477500 0.345812 0.012143 0.029188
11 0.422857 0.314086 0.017143 0.049492
3 0.423571 0.262056 0.010000 0.026650
3 0.448929 0.094543 0.009286 0.021574
3 0.427857 0.097716 0.010000 0.017766
3 0.425714 0.061548 0.008571 0.016497
3 0.453571 0.047589 0.012857 0.019036
3 0.423571 0.035533 0.007143 0.015228
3 0.436071 0.030457 0.007857 0.017766
3 0.479643 0.025381 0.016429 0.017766
3 0.440714 0.006980 0.011429 0.013959
3 0.308214 0.694162 0.039286 0.043147
3 0.290000 0.614848 0.038571 0.031726
3 0.292143 0.592005 0.037143 0.029188
5 0.321071 0.561548 0.017857 0.016497
8 0.320357 0.557107 0.010714 0.020305
3 0.309286 0.540609 0.034286 0.027919
3 0.241786 0.595812 0.039286 0.029188
2 0.251071 0.549492 0.095000 0.058376
3 0.201786 0.591371 0.033571 0.027919
10 0.201071 0.532995 0.060714 0.040609
11 0.167857 0.569797 0.038571 0.032995
2 0.134643 0.593909 0.063571 0.040609
2 0.082500 0.557741 0.099286 0.064721
