1 0.213571 0.497619 0.060000 0.075238
7 0.338571 0.716190 0.007143 0.017143
7 0.393929 0.625714 0.010714 0.022857
7 0.414643 0.669048 0.012143 0.025714
3 0.954643 0.830952 0.070714 0.122857
3 0.047500 0.387143 0.066429 0.060000
7 0.108214 0.369524 0.020714 0.024762
7 0.135714 0.362381 0.018571 0.029524
7 0.200000 0.365714 0.014286 0.028571
7 0.224643 0.363333 0.013571 0.025714
7 0.457500 0.583333 0.007857 0.018095
7 0.462857 0.571429 0.012857 0.019048
7 0.241071 0.665238 0.025000 0.020000
7 0.278929 0.443333 0.015000 0.025714
7 0.222143 0.418095 0.017143 0.022857
7 0.153214 0.463333 0.022143 0.025714
7 0.206071 0.391429 0.016429 0.020952
7 0.233571 0.404762 0.014286 0.026667
7 0.310714 0.404286 0.015714 0.021905
7 0.202143 0.680952 0.015714 0.017143
7 0.220714 0.646667 0.022857 0.019048
7 0.254286 0.614762 0.018571 0.016190
7 0.250714 0.603333 0.015714 0.014286
7 0.371429 0.731429 0.008571 0.013333
7 0.194286 0.489524 0.015714 0.028571
7 0.376786 0.742857 0.012143 0.020952
7 0.271071 0.384286 0.019286 0.025714
7 0.362143 0.422381 0.011429 0.018095
7 0.044286 0.872381 0.015714 0.024762
5 0.052143 0.872381 0.027143 0.045714
5 0.365357 0.428095 0.015000 0.033333
1 0.271786 0.387619 0.015000 0.030476
7 0.445000 0.889048 0.012857 0.021905
7 0.392500 0.827619 0.015000 0.022857
7 0.398929 0.814286 0.013571 0.022857
5 0.012500 0.755238 0.025000 0.024762
7 0.586071 0.706190 0.013571 0.027619
7 0.825000 0.916667 0.020000 0.018095
7 0.842857 0.917143 0.022857 0.015238
8 0.899643 0.754762 0.030714 0.021905
8 0.554286 0.482381 0.012857 0.021905
8 0.605000 0.501429 0.012857 0.027619
1 0.605000 0.506190 0.028571 0.025714
1 0.553929 0.488571 0.027857 0.024762
5 0.899286 0.760476 0.017143 0.039048
