3 0.141429 0.791905 0.167143 0.107619
3 0.222857 0.722381 0.184286 0.120952
11 0.271786 0.645714 0.196429 0.121905
3 0.295000 0.618571 0.134286 0.094286
3 0.326786 0.597619 0.129286 0.079048
3 0.341071 0.567619 0.110714 0.060952
3 0.379643 0.545238 0.100714 0.063810
11 0.388929 0.510952 0.090714 0.056190
3 0.421071 0.490952 0.079286 0.054286
3 0.429643 0.478095 0.067857 0.034286
3 0.440714 0.465238 0.072857 0.042857
3 0.574286 0.451429 0.045714 0.045714
3 0.527500 0.429524 0.033571 0.040000
7 0.654643 0.394762 0.010714 0.029524
3 0.539286 0.341429 0.010000 0.014286
3 0.542500 0.339524 0.013571 0.012381
3 0.552143 0.326190 0.018571 0.012381
3 0.618214 0.340952 0.026429 0.017143
3 0.625714 0.327143 0.024286 0.016190
7 0.655000 0.382857 0.007143 0.020952
8 0.663929 0.392857 0.007857 0.020000
8 0.565357 0.449048 0.013571 0.029524
5 0.968571 0.634762 0.028571 0.058095
5 0.815000 0.633810 0.028571 0.060000
5 0.846071 0.631429 0.029286 0.055238
1 0.862857 0.632381 0.028571 0.047619
11 0.074643 0.886667 0.149286 0.192381
