3 0.543929 0.773810 0.197857 0.172381
3 0.330000 0.806667 0.104286 0.243810
3 0.348214 0.530476 0.073571 0.171429
11 0.598214 0.593810 0.083571 0.174286
11 0.553929 0.337619 0.086429 0.096190
11 0.077143 0.302381 0.104286 0.111429
11 0.157500 0.171905 0.063571 0.090476
11 0.226786 0.068571 0.050714 0.059048
3 0.104286 0.389048 0.105714 0.124762
3 0.028929 0.445714 0.057857 0.118095
3 0.127857 0.125714 0.065714 0.059048
5 0.113929 0.174286 0.033571 0.028571
5 0.330714 0.118095 0.011429 0.034286
8 0.330357 0.111905 0.009286 0.031429
7 0.177857 0.080476 0.010000 0.031429
3 0.200000 0.120476 0.050000 0.048571
3 0.249286 0.031429 0.040000 0.041905
11 0.280000 0.050952 0.040000 0.058095
11 0.343214 0.016667 0.029286 0.033333
3 0.351071 0.163810 0.042143 0.057143
3 0.398929 0.190476 0.040714 0.057143
3 0.413571 0.119048 0.044286 0.047619
3 0.419286 0.073810 0.040000 0.050476
3 0.513571 0.013333 0.025714 0.026667
3 0.515000 0.049048 0.030000 0.052381
5 0.490714 0.074762 0.025714 0.027619
5 0.529286 0.090476 0.012857 0.028571
5 0.537857 0.200952 0.037143 0.038095
5 0.496786 0.196667 0.016429 0.040952
7 0.500714 0.136667 0.008571 0.042857
8 0.626071 0.100476 0.016429 0.025714
5 0.628214 0.186667 0.010714 0.043810
7 0.600714 0.160476 0.014286 0.050476
7 0.593571 0.250000 0.012857 0.046667
5 0.773929 0.474286 0.023571 0.059048
