2 0.051429 0.266497 0.050000 0.119289
11 0.107143 0.079315 0.021429 0.036802
2 0.190000 0.116117 0.042857 0.118020
7 0.147857 0.232234 0.004286 0.012690
7 0.136429 0.279822 0.005714 0.008883
7 0.131071 0.292513 0.005000 0.008883
7 0.133214 0.280457 0.005000 0.010152
7 0.149643 0.215102 0.005000 0.008883
7 0.159286 0.182107 0.004286 0.011421
7 0.201071 0.042513 0.003571 0.013959
7 0.200714 0.039340 0.005714 0.015228
7 0.201071 0.034898 0.005000 0.011421
7 0.196786 0.052665 0.006429 0.011421
2 0.132500 0.369289 0.040714 0.137056
10 0.213571 0.342640 0.024286 0.068528
11 0.210357 0.475254 0.019286 0.052030
11 0.338214 0.491117 0.015000 0.053299
11 0.317143 0.050761 0.015714 0.038071
11 0.361071 0.206218 0.013571 0.044416
11 0.388929 0.233503 0.012143 0.050761
2 0.182143 0.717005 0.024286 0.098985
2 0.050357 0.971447 0.065000 0.052030
3 0.401786 0.916244 0.040714 0.043147
3 0.251429 0.789975 0.015714 0.057107
11 0.306786 0.855964 0.043571 0.044416
3 0.539643 0.746827 0.039286 0.036802
3 0.686429 0.685279 0.038571 0.035533
11 0.567857 0.839467 0.040000 0.044416
3 0.827500 0.706853 0.040714 0.040609
3 0.823929 0.621827 0.036429 0.032995
2 0.866429 0.646574 0.055714 0.054569
11 0.908214 0.562817 0.036429 0.049492
11 0.951071 0.421320 0.019286 0.050761
10 0.878929 0.403553 0.036429 0.071066
3 0.923214 0.276650 0.022143 0.048223
11 0.909643 0.203680 0.025000 0.046954
3 0.716071 0.098350 0.016429 0.039340
3 0.516429 0.501269 0.017143 0.053299
11 0.541429 0.628173 0.017143 0.053299
3 0.478929 0.458756 0.016429 0.052030
2 0.528571 0.397843 0.025714 0.087563
5 0.434286 0.255076 0.005714 0.020305
8 0.435000 0.250635 0.004286 0.019036
2 0.498929 0.043782 0.025000 0.087563
2 0.593571 0.045051 0.035714 0.090102
7 0.620714 0.080584 0.002857 0.016497
7 0.650357 0.284898 0.002143 0.011421
7 0.649643 0.275381 0.002143 0.007614
7 0.651429 0.270305 0.001429 0.012690
4 0.667500 0.276015 0.003571 0.011421
7 0.651786 0.423858 0.005000 0.015228
