10 0.381750 0.893000 0.095500 0.130000
11 0.268750 0.942667 0.066500 0.094667
3 0.199750 0.843333 0.062500 0.089333
11 0.028250 0.975000 0.056500 0.048667
3 0.025250 0.935000 0.050500 0.086000
3 0.155750 0.782667 0.042500 0.078667
5 0.184750 0.762000 0.023500 0.028000
7 0.189750 0.745000 0.013500 0.027333
5 0.217500 0.730667 0.029000 0.028000
7 0.237000 0.719667 0.018000 0.024667
7 0.242750 0.711333 0.017500 0.024000
5 0.245250 0.708333 0.033500 0.030000
3 0.235750 0.689667 0.052500 0.044667
3 0.137500 0.723333 0.076000 0.066667
10 0.132250 0.639667 0.161500 0.132667
3 0.322500 0.624333 0.059000 0.039333
7 0.454250 0.552667 0.007500 0.018667
7 0.448500 0.545333 0.007000 0.022667
7 0.456750 0.537333 0.006500 0.017333
7 0.466500 0.527000 0.008000 0.024667
3 0.087250 0.566000 0.058500 0.045333
3 0.160500 0.525667 0.054000 0.042000
3 0.244250 0.542667 0.053500 0.046667
10 0.239500 0.506667 0.167000 0.118667
11 0.472750 0.492667 0.039500 0.036000
3 0.504500 0.466000 0.044000 0.025333
11 0.542250 0.439667 0.029500 0.038000
3 0.477500 0.430000 0.035000 0.028000
3 0.411500 0.430000 0.037000 0.037333
10 0.415250 0.399000 0.056500 0.043333
10 0.387500 0.376667 0.046000 0.054667
3 0.483750 0.373333 0.029500 0.026667
7 0.615500 0.403333 0.008000 0.022667
0 0.618750 0.343333 0.007500 0.014667
8 0.619000 0.339333 0.005000 0.014667
3 0.636750 0.354000 0.037500 0.021333
3 0.652000 0.338333 0.032000 0.019333
3 0.638000 0.312000 0.024000 0.020000
5 0.595500 0.261000 0.011000 0.010000
8 0.596500 0.258000 0.005000 0.013333
3 0.681750 0.319333 0.031500 0.017333
3 0.694250 0.306000 0.032500 0.018667
3 0.702000 0.293000 0.032000 0.016667
3 0.659250 0.285000 0.022500 0.019333
3 0.588500 0.244333 0.024000 0.015333
3 0.716000 0.283333 0.029000 0.016000
3 0.736250 0.270000 0.023500 0.014667
3 0.769500 0.242333 0.022000 0.018000
3 0.808750 0.209000 0.017500 0.014000
10 0.559500 0.228667 0.043000 0.032000
3 0.506000 0.227333 0.010000 0.017333
3 0.493000 0.223333 0.010000 0.017333
3 0.477750 0.218667 0.009500 0.017333
3 0.464750 0.216667 0.010500 0.016000
3 0.442500 0.212667 0.010000 0.014667
3 0.621750 0.231667 0.017500 0.012667
3 0.615750 0.222000 0.022500 0.012000
3 0.603500 0.203333 0.021000 0.012000
3 0.632000 0.214333 0.023000 0.011333
3 0.641250 0.211333 0.022500 0.013333
3 0.647250 0.208333 0.020500 0.012667
10 0.648000 0.225333 0.023000 0.021333
3 0.664500 0.220000 0.017000 0.014667
10 0.664500 0.194000 0.039000 0.030667
10 0.636750 0.186667 0.036500 0.025333
10 0.677500 0.188000 0.038000 0.025333
3 0.693500 0.202333 0.015000 0.014000
3 0.665750 0.174667 0.017500 0.009333
10 0.697250 0.181000 0.036500 0.026000
3 0.716500 0.176667 0.013000 0.012000
11 0.737750 0.193333 0.013500 0.016000
3 0.701500 0.149667 0.018000 0.008667
3 0.764500 0.151333 0.018000 0.009333
5 0.767000 0.163667 0.005000 0.007333
8 0.768000 0.160333 0.003000 0.007333
7 0.690500 0.946333 0.013000 0.036667
10 0.864750 0.162333 0.017500 0.022000
11 0.835750 0.111667 0.008500 0.011333
3 0.870500 0.114667 0.009000 0.010667
3 0.887500 0.103667 0.009000 0.010000
11 0.870750 0.085667 0.008500 0.010000
4 0.860000 0.084667 0.013000 0.012000
4 0.879250 0.076000 0.013500 0.008000
4 0.928000 0.046667 0.017000 0.013333
3 0.232750 0.285333 0.028500 0.018667
10 0.255000 0.105333 0.022000 0.014667
