3 0.228214 0.547619 0.052143 0.112381
3 0.248929 0.436667 0.046429 0.096190
3 0.159643 0.893810 0.073571 0.170476
3 0.128929 0.680952 0.060714 0.125714
11 0.307500 0.233810 0.049286 0.084762
11 0.297500 0.185238 0.032143 0.063810
5 0.248571 0.272381 0.030000 0.028571
8 0.234286 0.331429 0.017143 0.020952
8 0.461071 0.070952 0.007857 0.025714
1 0.460357 0.079524 0.005000 0.021905
3 0.610357 0.199524 0.070714 0.044762
11 0.638571 0.413333 0.091429 0.059048
3 0.605714 0.140952 0.064286 0.041905
11 0.585000 0.117619 0.054286 0.046667
3 0.493214 0.114762 0.026429 0.063810
11 0.501071 0.242381 0.027857 0.063810
3 0.502143 0.400952 0.034286 0.081905
3 0.497857 0.306667 0.031429 0.070476
3 0.507857 0.493333 0.040000 0.102857
3 0.508214 0.599048 0.040714 0.104762
3 0.684643 0.780952 0.115000 0.085714
3 0.516071 0.910000 0.037857 0.119048
5 0.650714 0.283810 0.018571 0.019048
5 0.645357 0.280476 0.015000 0.014286
7 0.565000 0.213810 0.010000 0.031429
7 0.585714 0.416190 0.010000 0.028571
3 0.335000 0.020952 0.027143 0.041905
