3 0.648000 0.669667 0.071000 0.108667
2 0.512000 0.302333 0.104000 0.166000
0 0.520250 0.497667 0.028500 0.067333
10 0.715000 0.903000 0.491000 0.192667
10 0.967750 0.740000 0.063500 0.113333
3 0.108250 0.498000 0.042500 0.090667
3 0.242000 0.323333 0.075000 0.041333
3 0.229500 0.277667 0.032000 0.048667
3 0.272500 0.277333 0.033000 0.052000
3 0.394750 0.216667 0.028500 0.045333
3 0.382000 0.177667 0.028000 0.042000
3 0.477000 0.197000 0.033000 0.043333
11 0.425750 0.199333 0.026500 0.052000
3 0.440750 0.124333 0.027500 0.038000
3 0.392750 0.102000 0.025500 0.037333
3 0.601750 0.138000 0.035500 0.032000
3 0.561750 0.085333 0.027500 0.025333
0 0.565000 0.139667 0.021000 0.032667
8 0.401500 0.073333 0.006000 0.018667
1 0.401000 0.079333 0.007000 0.012000
3 0.448500 0.065000 0.039000 0.024667
3 0.437000 0.054000 0.039000 0.025333
3 0.427500 0.032333 0.039000 0.022000
3 0.507750 0.021333 0.023500 0.024000
3 0.469250 0.031667 0.030500 0.023333
3 0.355500 0.034333 0.022000 0.022000
3 0.383250 0.012000 0.019500 0.024000
1 0.374000 0.278333 0.022000 0.018000
