3 0.364040 0.054267 0.032881 0.056586
7 0.460856 0.128015 0.005219 0.029685
3 0.480428 0.133117 0.023486 0.065863
3 0.379697 0.176716 0.053758 0.064007
11 0.272443 0.580241 0.025052 0.069573
5 0.207203 0.587199 0.009395 0.037106
9 0.137004 0.594156 0.036013 0.038033
3 0.213727 0.793599 0.039144 0.123377
3 0.258090 0.801020 0.042276 0.125232
3 0.296973 0.825139 0.041754 0.134508
3 0.373173 0.847403 0.038622 0.134508
3 0.451983 0.821892 0.031315 0.124304
3 0.685804 0.824675 0.032359 0.098330
3 0.622129 0.613173 0.061587 0.055659
3 0.603079 0.541280 0.067328 0.065863
