7 0.055000 0.016190 0.028571 0.032381
7 0.133214 0.142381 0.026429 0.050476
7 0.178929 0.353333 0.027857 0.040000
7 0.236429 0.579524 0.025714 0.050476
7 0.333571 0.590476 0.032857 0.038095
7 0.452500 0.862857 0.020714 0.038095
7 0.661071 0.545238 0.023571 0.052381
7 0.681786 0.565238 0.023571 0.050476
7 0.728929 0.578095 0.026429 0.041905
7 0.856786 0.703333 0.029286 0.040952
7 0.904643 0.658571 0.032143 0.046667
7 0.788571 0.509048 0.024286 0.048571
7 0.775357 0.474762 0.033571 0.037143
7 0.947857 0.591905 0.022857 0.046667
7 0.973929 0.564762 0.025000 0.053333
7 0.938929 0.454286 0.032143 0.041905
7 0.976429 0.482857 0.027143 0.047619
7 0.951786 0.376667 0.032143 0.037143
7 0.941429 0.330476 0.035714 0.051429
7 0.915357 0.287143 0.022143 0.050476
7 0.891429 0.267619 0.025714 0.038095
7 0.210000 0.335238 0.025714 0.055238
7 0.199643 0.350952 0.025000 0.044762
5 0.516429 0.650000 0.042857 0.061905
