4 0.508214 0.186190 0.033571 0.025714
4 0.513214 0.158571 0.013571 0.027619
4 0.516786 0.111905 0.022143 0.018095
2 0.494286 0.232381 0.005714 0.019048
2 0.467500 0.295714 0.010714 0.029524
10 0.485714 0.150000 0.005714 0.016190
10 0.502143 0.207143 0.005714 0.018095
10 0.478929 0.234286 0.005000 0.013333
10 0.502143 0.146190 0.004286 0.010476
10 0.478214 0.184286 0.005000 0.012381
10 0.480714 0.166667 0.004286 0.011429
6 0.482857 0.190000 0.005714 0.014286
3 0.541429 0.213810 0.010000 0.006667
3 0.489643 0.128095 0.002143 0.002857
3 0.484286 0.178571 0.002857 0.004762
3 0.501429 0.187619 0.002857 0.005714
3 0.500000 0.193333 0.002857 0.005714
10 0.484643 0.137619 0.005000 0.008571
7 0.523214 0.158571 0.000714 0.006667
3 0.525714 0.160476 0.002857 0.004762
3 0.492143 0.219524 0.004286 0.006667
3 0.497143 0.258095 0.004286 0.007619
3 0.530357 0.308095 0.015000 0.008571
3 0.472500 0.264286 0.005000 0.008571
3 0.547500 0.235238 0.012143 0.005714
3 0.548929 0.239048 0.010714 0.005714
3 0.549643 0.242857 0.010714 0.005714
3 0.549286 0.247619 0.011429 0.007619
3 0.550714 0.251429 0.011429 0.005714
3 0.528571 0.299524 0.015714 0.008571
4 0.466786 0.235238 0.010714 0.017143
3 0.535357 0.338571 0.016429 0.012381
11 0.490357 0.310476 0.006429 0.015238
11 0.492857 0.339048 0.008571 0.017143
4 0.506071 0.351905 0.002143 0.010476
10 0.461429 0.352381 0.015714 0.057143
10 0.483571 0.421905 0.012857 0.028571
10 0.524286 0.413810 0.008571 0.021905
7 0.542143 0.432381 0.002857 0.009524
3 0.556071 0.446667 0.022143 0.011429
3 0.559643 0.454762 0.020714 0.008571
3 0.470714 0.563333 0.012857 0.027619
3 0.467143 0.693333 0.017143 0.040000
2 0.412143 0.767143 0.032857 0.105714
10 0.454643 0.880952 0.029286 0.095238
10 0.020714 0.690952 0.041429 0.130476
3 0.022500 0.626667 0.039286 0.020952
3 0.103571 0.528571 0.032857 0.015238
3 0.243214 0.405714 0.015000 0.017143
3 0.316429 0.368095 0.012857 0.018095
3 0.192143 0.435238 0.017143 0.019048
3 0.140000 0.515714 0.031429 0.016190
3 0.096071 0.546190 0.032143 0.020000
4 0.199286 0.451905 0.007143 0.014286
7 0.169286 0.515238 0.004286 0.013333
10 0.308214 0.429524 0.023571 0.030476
4 0.225714 0.374286 0.010000 0.013333
4 0.257143 0.360476 0.024286 0.020000
5 0.191786 0.421429 0.009286 0.008571
7 0.319643 0.337143 0.002143 0.007619
10 0.251071 0.230476 0.009286 0.011429
10 0.298929 0.284762 0.027857 0.028571
11 0.292857 0.309048 0.008571 0.014286
11 0.300714 0.310476 0.007143 0.013333
11 0.313929 0.263810 0.009286 0.009524
11 0.336786 0.229048 0.009286 0.006667
3 0.353929 0.240000 0.006429 0.007619
3 0.324643 0.255238 0.010714 0.005714
3 0.318929 0.261905 0.009286 0.007619
3 0.311429 0.270952 0.012857 0.008571
6 0.387143 0.248571 0.008571 0.020952
10 0.238571 0.226190 0.011429 0.016190
10 0.245000 0.228571 0.008571 0.013333
10 0.211071 0.230952 0.025000 0.018095
10 0.200357 0.234286 0.022143 0.017143
4 0.272500 0.231429 0.007857 0.009524
4 0.652143 0.485238 0.010000 0.010476
3 0.638571 0.470952 0.024286 0.014286
10 0.430357 0.134762 0.022143 0.010476
4 0.497857 0.165714 0.012857 0.013333
10 0.495357 0.151429 0.005000 0.011429
3 0.502500 0.155714 0.003571 0.004762
4 0.521429 0.210000 0.020000 0.014286
4 0.441071 0.158571 0.016429 0.016190
4 0.486429 0.110952 0.004286 0.010476
4 0.512143 0.099048 0.027143 0.015238
