7 0.043571 0.934286 0.070000 0.129524
7 0.337500 0.963810 0.046429 0.070476
7 0.140000 0.937619 0.037143 0.122857
7 0.146429 0.892381 0.044286 0.137143
7 0.219286 0.657143 0.027143 0.085714
7 0.334643 0.657143 0.017857 0.081905
7 0.386429 0.661905 0.012857 0.085714
7 0.200357 0.500476 0.012143 0.054286
7 0.217143 0.501905 0.012857 0.053333
5 0.198214 0.596667 0.019286 0.060000
5 0.228214 0.526667 0.029286 0.038095
0 0.249643 0.484762 0.059286 0.074286
7 0.273571 0.500000 0.011429 0.049524
7 0.283214 0.491429 0.013571 0.059048
7 0.419286 0.626190 0.015714 0.077143
6 0.449286 0.673333 0.024286 0.066667
1 0.556071 0.540476 0.017857 0.061905
7 0.635000 0.564286 0.012857 0.054286
7 0.645714 0.562381 0.011429 0.058095
7 0.613214 0.430476 0.005000 0.028571
7 0.602500 0.450952 0.005000 0.033333
7 0.612143 0.454762 0.005714 0.031429
7 0.638571 0.468095 0.007143 0.039048
7 0.626071 0.431905 0.005000 0.029524
7 0.641429 0.444762 0.005714 0.030476
7 0.652500 0.452381 0.006429 0.030476
7 0.670357 0.450476 0.003571 0.032381
7 0.669643 0.445238 0.006429 0.033333
7 0.608214 0.385238 0.002143 0.020000
7 0.611071 0.386190 0.003571 0.018095
7 0.614643 0.384286 0.003571 0.018095
7 0.628214 0.367619 0.002143 0.017143
3 0.632857 0.361905 0.020000 0.013333
1 0.421429 0.484762 0.031429 0.024762
6 0.399643 0.580000 0.019286 0.049524
4 0.504643 0.476190 0.026429 0.024762
5 0.524643 0.447619 0.020714 0.019048
5 0.542143 0.424286 0.017143 0.018095
5 0.549643 0.409524 0.017857 0.015238
6 0.336429 0.365238 0.050000 0.035238
10 0.293214 0.329048 0.027857 0.021905
10 0.322500 0.329524 0.023571 0.022857
10 0.378214 0.324762 0.043571 0.017143
8 0.556429 0.538571 0.014286 0.054286
