3 0.374643 0.740000 0.170714 0.120000
3 0.601429 0.694762 0.158571 0.113333
3 0.831429 0.609524 0.165714 0.106667
3 0.785000 0.499048 0.134286 0.087619
3 0.707857 0.416667 0.125714 0.079048
3 0.513214 0.564286 0.146429 0.105714
3 0.506071 0.452381 0.140714 0.091429
3 0.263214 0.629048 0.155000 0.101905
3 0.321786 0.492857 0.103571 0.084762
11 0.110357 0.540476 0.176429 0.105714
11 0.063929 0.678095 0.126429 0.110476
3 0.136071 0.207143 0.102143 0.063810
11 0.055000 0.180952 0.110000 0.078095
3 0.193214 0.164762 0.102143 0.055238
3 0.339286 0.155714 0.094286 0.060000
3 0.468214 0.123333 0.082143 0.058095
3 0.678929 0.122857 0.089286 0.057143
3 0.625714 0.099524 0.084286 0.054286
3 0.738929 0.077619 0.087857 0.054286
3 0.849643 0.069524 0.086429 0.051429
11 0.954286 0.047143 0.085714 0.060000
7 0.757857 0.222857 0.015714 0.051429
7 0.780714 0.186667 0.020000 0.051429
7 0.631429 0.044286 0.011429 0.046667
8 0.785714 0.177143 0.011429 0.028571
