3 0.802857 0.979695 0.021429 0.035533
3 0.863929 0.881980 0.026429 0.058376
3 0.738571 0.838198 0.022857 0.041878
11 0.911071 0.679569 0.026429 0.049492
3 0.428214 0.822970 0.013571 0.046954
3 0.512857 0.531726 0.024286 0.025381
11 0.535714 0.491117 0.024286 0.027919
3 0.622857 0.449873 0.020000 0.024112
3 0.687143 0.470812 0.022857 0.025381
3 0.762143 0.382614 0.021429 0.024112
3 0.641071 0.350888 0.022143 0.024112
3 0.626429 0.338198 0.022857 0.021574
2 0.664643 0.287437 0.055000 0.052030
7 0.590714 0.253173 0.002857 0.006345
7 0.570714 0.260787 0.002857 0.011421
10 0.453214 0.390228 0.030714 0.034264
7 0.450000 0.371827 0.004286 0.010152
11 0.349286 0.609137 0.027143 0.027919
3 0.355714 0.583122 0.025714 0.029188
3 0.308214 0.582487 0.023571 0.025381
3 0.269643 0.557741 0.022143 0.024112
10 0.301071 0.536168 0.039286 0.041878
11 0.302143 0.463832 0.027143 0.026650
11 0.150000 0.411168 0.014286 0.038071
3 0.419286 0.029188 0.010000 0.027919
