1 0.043000 0.792333 0.041000 0.062000
3 0.160500 0.779667 0.156000 0.096667
5 0.136250 0.696333 0.020500 0.059333
7 0.085750 0.692000 0.024500 0.061333
5 0.129500 0.655000 0.050000 0.036667
1 0.222000 0.568333 0.039000 0.038000
1 0.277750 0.535667 0.036500 0.039333
3 0.344750 0.511000 0.085500 0.082000
3 0.974750 0.198333 0.037500 0.039333
2 0.829250 0.016333 0.031500 0.032667
3 0.543750 0.092667 0.041500 0.022667
3 0.501250 0.142000 0.039500 0.032000
3 0.573250 0.084667 0.026500 0.022667
3 0.600750 0.091333 0.041500 0.025333
3 0.572250 0.053667 0.039500 0.023333
5 0.483000 0.267667 0.012000 0.027333
5 0.490000 0.245333 0.009000 0.018667
5 0.480500 0.243000 0.012000 0.024667
5 0.474250 0.236667 0.010500 0.022667
5 0.485000 0.221000 0.008000 0.019333
5 0.475000 0.219000 0.008000 0.020667
3 0.629250 0.182667 0.064500 0.029333
3 0.642750 0.197000 0.045500 0.028667
3 0.637750 0.211667 0.059500 0.034000
3 0.636500 0.233000 0.067000 0.034000
3 0.635250 0.252667 0.070500 0.036000
3 0.630000 0.276000 0.085000 0.041333
3 0.639250 0.327000 0.080500 0.042000
3 0.644250 0.358000 0.076500 0.048000
3 0.632250 0.399000 0.093500 0.043333
3 0.641500 0.430333 0.102000 0.050000
3 0.647750 0.468333 0.102500 0.063333
3 0.643750 0.525667 0.119500 0.068667
3 0.643000 0.585667 0.124000 0.082000
3 0.633250 0.660000 0.138500 0.101333
3 0.638500 0.745667 0.153000 0.095333
3 0.652500 0.828667 0.144000 0.105333
3 0.644000 0.943333 0.184000 0.110667
