3 0.703500 0.765667 0.183000 0.202000
3 0.425000 0.475000 0.079000 0.087333
3 0.342000 0.405000 0.064000 0.066000
3 0.543000 0.447333 0.084000 0.081333
3 0.294250 0.357667 0.056500 0.062000
3 0.474750 0.401000 0.079500 0.068667
3 0.636000 0.461667 0.101000 0.071333
3 0.254250 0.318333 0.047500 0.047333
3 0.225500 0.287333 0.039000 0.042667
3 0.277000 0.256000 0.037000 0.040000
3 0.247000 0.234000 0.033000 0.034667
11 0.315250 0.279333 0.045500 0.050667
11 0.367250 0.283333 0.044500 0.044000
11 0.432250 0.270000 0.039500 0.045333
3 0.398000 0.254000 0.045000 0.032000
3 0.357750 0.233333 0.022500 0.029333
3 0.334750 0.216333 0.036500 0.032667
3 0.339750 0.196667 0.043500 0.029333
3 0.314500 0.193000 0.047000 0.027333
3 0.268500 0.185333 0.026000 0.025333
3 0.499750 0.306667 0.057500 0.042667
3 0.538000 0.336000 0.055000 0.045333
3 0.766500 0.540667 0.138000 0.100000
3 0.643500 0.521667 0.120000 0.104667
3 0.691500 0.364000 0.069000 0.060000
3 0.731750 0.393333 0.077500 0.068000
3 0.198250 0.199667 0.029500 0.030000
3 0.178750 0.190000 0.021500 0.026667
3 0.174250 0.170333 0.019500 0.024667
3 0.180500 0.159667 0.016000 0.020667
5 0.576250 0.213333 0.013500 0.021333
3 0.934500 0.743000 0.130000 0.182000
3 0.156250 0.161333 0.016500 0.018667
3 0.216000 0.152667 0.017000 0.017333
3 0.166000 0.145667 0.017000 0.016667
3 0.207000 0.144333 0.011000 0.015333
3 0.200250 0.135000 0.013500 0.015333
3 0.192250 0.129000 0.013500 0.015333
3 0.184500 0.125667 0.012000 0.014000
3 0.177000 0.115000 0.012000 0.014000
3 0.173250 0.110333 0.009500 0.010000
3 0.168750 0.105667 0.009500 0.010000
3 0.158250 0.098000 0.010500 0.010667
3 0.148500 0.095333 0.013000 0.009333
3 0.148250 0.118000 0.013500 0.013333
3 0.143750 0.112667 0.010500 0.010667
3 0.140750 0.107000 0.010500 0.010000
11 0.130750 0.098333 0.013500 0.014000
3 0.138500 0.078000 0.018000 0.008000
3 0.123250 0.073667 0.011500 0.007333
3 0.132250 0.073667 0.011500 0.007333
3 0.139750 0.073333 0.011500 0.006667
3 0.121500 0.084000 0.016000 0.006667
7 0.180750 0.146000 0.006500 0.014667
1 0.182000 0.149667 0.008000 0.011333
9 0.742250 0.222000 0.029500 0.022667
4 0.729500 0.211667 0.019000 0.008667
