3 0.148571 0.410952 0.032857 0.044762
3 0.282143 0.747619 0.057143 0.062857
3 0.492500 0.622857 0.059286 0.062857
3 0.152857 0.105238 0.024286 0.016190
11 0.276786 0.484762 0.056429 0.060952
11 0.359286 0.500952 0.050000 0.057143
3 0.043929 0.013810 0.019286 0.016190
7 0.048571 0.038095 0.004286 0.005714
7 0.062143 0.035238 0.005714 0.009524
8 0.185714 0.151905 0.004286 0.010476
8 0.325000 0.233810 0.004286 0.010476
6 0.326071 0.235238 0.020714 0.028571
5 0.185357 0.151905 0.009286 0.016190
0 0.513571 0.227619 0.012857 0.020952
10 0.817143 0.289524 0.101429 0.062857
11 0.638214 0.428095 0.050714 0.048571
