5 0.715250 0.831333 0.047500 0.058667
7 0.646000 0.837667 0.014000 0.071333
7 0.666750 0.840667 0.018500 0.082667
3 0.660000 0.748667 0.057000 0.089333
8 0.409000 0.931000 0.032000 0.066000
9 0.393000 0.952667 0.070000 0.093333
8 0.572500 0.778000 0.021000 0.044000
3 0.476500 0.688667 0.054000 0.065333
7 0.338750 0.746667 0.027500 0.069333
10 0.311750 0.741000 0.101500 0.120667
7 0.546000 0.631667 0.016000 0.032667
7 0.529000 0.636000 0.008000 0.037333
10 0.584000 0.642333 0.098000 0.058000
3 0.544500 0.607000 0.035000 0.043333
7 0.439000 0.563667 0.006000 0.028667
10 0.453000 0.572333 0.034000 0.046000
11 0.601000 0.566667 0.060000 0.040000
10 0.592500 0.482333 0.029000 0.050000
10 0.616750 0.471000 0.035500 0.028667
10 0.558750 0.520000 0.015500 0.030667
7 0.542250 0.536333 0.004500 0.022000
7 0.534500 0.536000 0.005000 0.022667
7 0.535750 0.525667 0.004500 0.022000
7 0.524500 0.544000 0.006000 0.021333
7 0.496750 0.530667 0.008500 0.021333
1 0.495250 0.533000 0.005500 0.016667
1 0.513250 0.535000 0.005500 0.018000
8 0.513250 0.530333 0.005500 0.022000
5 0.518500 0.520667 0.006000 0.016000
8 0.518750 0.516667 0.005500 0.018667
5 0.506250 0.524333 0.006500 0.016667
8 0.506750 0.520333 0.005500 0.019333
11 0.480750 0.526000 0.018500 0.028000
10 0.468750 0.511000 0.048500 0.036667
3 0.505000 0.496000 0.017000 0.021333
3 0.506500 0.484333 0.029000 0.014000
7 0.540250 0.453667 0.002500 0.008667
3 0.521250 0.471667 0.011500 0.012667
3 0.526750 0.467667 0.009500 0.011333
3 0.527500 0.463000 0.009000 0.010000
7 0.533000 0.461333 0.002000 0.010667
3 0.530750 0.458667 0.009500 0.010667
4 0.546500 0.435333 0.030000 0.021333
4 0.549750 0.453667 0.009500 0.015333
4 0.532000 0.446333 0.011000 0.011333
