7 0.460714 0.728095 0.017143 0.042857
7 0.463214 0.719524 0.025000 0.044762
11 0.585357 0.608571 0.027857 0.020952
7 0.497500 0.552857 0.003571 0.008571
8 0.483571 0.550952 0.002857 0.006667
7 0.418571 0.536190 0.001429 0.007619
7 0.415357 0.537143 0.000714 0.007619
3 0.408929 0.531905 0.006429 0.004762
3 0.337500 0.509524 0.002143 0.001905
3 0.332857 0.509048 0.001429 0.000952
3 0.335000 0.555238 0.010000 0.011429
3 0.307143 0.558095 0.010000 0.011429
3 0.302857 0.532381 0.005714 0.007619
3 0.362143 0.595238 0.017143 0.019048
3 0.273214 0.537619 0.007857 0.008571
3 0.263571 0.540476 0.007143 0.006667
3 0.261071 0.543810 0.007857 0.007619
3 0.259286 0.548095 0.010000 0.008571
3 0.235714 0.548571 0.021429 0.011429
3 0.241429 0.546190 0.020000 0.008571
3 0.243214 0.543810 0.017857 0.005714
3 0.310357 0.617619 0.016429 0.021905
3 0.313571 0.630000 0.022857 0.029524
10 0.446429 0.659048 0.034286 0.043810
3 0.403571 0.659524 0.034286 0.048571
3 0.357143 0.665238 0.030000 0.037143
3 0.349643 0.634286 0.025000 0.032381
3 0.314643 0.650952 0.023571 0.031429
3 0.315714 0.680000 0.030000 0.041905
3 0.244643 0.768095 0.047857 0.080952
8 0.192857 0.633810 0.008571 0.016190
1 0.193929 0.643810 0.007857 0.019048
