3 0.218929 0.083810 0.063571 0.047619
3 0.288214 0.110952 0.063571 0.044762
3 0.192500 0.209524 0.069286 0.053333
3 0.371429 0.131429 0.070000 0.034286
3 0.453929 0.159524 0.069286 0.056190
3 0.385357 0.165238 0.075000 0.048571
3 0.346071 0.234762 0.077857 0.056190
3 0.478214 0.273333 0.086429 0.064762
7 0.501786 0.295714 0.010714 0.040952
3 0.584643 0.321905 0.085000 0.062857
3 0.752857 0.249048 0.094286 0.065714
3 0.697857 0.364762 0.108571 0.076190
3 0.810714 0.461429 0.050000 0.105714
3 0.963929 0.328095 0.070714 0.054286
3 0.955357 0.524762 0.087857 0.148571
7 0.369286 0.400000 0.014286 0.053333
5 0.112500 0.473333 0.043571 0.036190
5 0.111071 0.509524 0.043571 0.034286
