3 0.462857 0.736041 0.028571 0.045685
3 0.493214 0.694797 0.025000 0.034264
3 0.494643 0.651015 0.012143 0.053299
2 0.717143 0.604061 0.015714 0.071066
10 0.755357 0.604695 0.020714 0.079949
11 0.787857 0.609137 0.014286 0.053299
11 0.803571 0.610406 0.015714 0.053299
3 0.820000 0.608503 0.014286 0.046954
10 0.838571 0.598985 0.024286 0.073604
3 0.854643 0.612944 0.015000 0.050761
10 0.872143 0.598350 0.024286 0.077411
3 0.888214 0.607234 0.013571 0.057107
10 0.661429 0.728426 0.074286 0.038071
10 0.790714 0.723985 0.055714 0.039340
10 0.911071 0.721447 0.069286 0.034264
3 0.983571 0.600254 0.017143 0.038071
10 0.511786 0.407360 0.017857 0.106599
10 0.513571 0.288706 0.015714 0.107868
10 0.468571 0.310914 0.015714 0.111675
10 0.466429 0.173858 0.020000 0.111675
10 0.466071 0.055838 0.017857 0.106599
11 0.509286 0.204315 0.011429 0.050761
10 0.058214 0.706853 0.049286 0.030457
7 0.180357 0.532360 0.009286 0.008883
7 0.190000 0.578680 0.008571 0.010152
7 0.199643 0.527284 0.006429 0.008883
7 0.202500 0.519036 0.006429 0.010152
7 0.242143 0.601523 0.007143 0.010152
7 0.278571 0.608503 0.005714 0.008883
7 0.310357 0.588198 0.005000 0.008883
7 0.296786 0.574873 0.005000 0.007614
7 0.276429 0.572335 0.007143 0.010152
7 0.278929 0.559010 0.007857 0.008883
7 0.286071 0.536168 0.006429 0.013959
7 0.402857 0.444797 0.005714 0.008883
4 0.297500 0.830584 0.160714 0.120558
