9 0.284000 0.916000 0.013000 0.045333
3 0.487750 0.469000 0.020500 0.016667
3 0.482750 0.478000 0.024500 0.018667
3 0.467750 0.499000 0.028500 0.018000
3 0.471500 0.489000 0.030000 0.016667
3 0.546000 0.970333 0.032000 0.058000
3 0.560250 0.914333 0.027500 0.056667
3 0.580500 0.813667 0.022000 0.046000
3 0.668250 0.926667 0.024500 0.066667
3 0.613000 0.672000 0.020000 0.040000
3 0.623750 0.618667 0.017500 0.033333
3 0.630250 0.588667 0.017500 0.030667
3 0.646000 0.514667 0.013000 0.022667
3 0.651500 0.493333 0.013000 0.021333
2 0.652750 0.444000 0.019500 0.058667
3 0.897000 0.849333 0.027000 0.046667
3 0.819000 0.811333 0.021000 0.041333
3 0.760250 0.793667 0.018500 0.040667
11 0.595000 0.751333 0.020000 0.041333
3 0.699000 0.645333 0.017000 0.036000
2 0.685500 0.541333 0.026000 0.076000
3 0.708250 0.471333 0.012500 0.021333
3 0.990500 0.771000 0.018000 0.040667
3 0.961250 0.754000 0.023500 0.040000
3 0.935750 0.747333 0.026500 0.041333
3 0.908500 0.779333 0.027000 0.046667
3 0.898000 0.710667 0.022000 0.034667
3 0.928250 0.672333 0.042500 0.024667
3 0.869750 0.688667 0.021500 0.036000
3 0.866250 0.655000 0.018500 0.030000
3 0.857000 0.606667 0.018000 0.029333
3 0.852250 0.572333 0.017500 0.024667
3 0.847000 0.547000 0.017000 0.024667
3 0.844500 0.525000 0.015000 0.022000
3 0.804000 0.545667 0.015000 0.024667
3 0.842750 0.504333 0.014500 0.020667
3 0.839000 0.482000 0.014000 0.018667
3 0.836750 0.464333 0.012500 0.018000
3 0.833500 0.447667 0.014000 0.018000
3 0.831000 0.431333 0.014000 0.014667
3 0.827750 0.413333 0.011500 0.013333
3 0.763750 0.498000 0.011500 0.017333
3 0.781250 0.482333 0.012500 0.018000
3 0.722500 0.402000 0.010000 0.017333
3 0.766500 0.426000 0.010000 0.016000
3 0.781750 0.414000 0.011500 0.016000
3 0.735000 0.379667 0.009000 0.014000
3 0.775000 0.376333 0.011000 0.012667
3 0.791250 0.383667 0.009500 0.014000
11 0.789000 0.331333 0.009000 0.016000
3 0.741250 0.356333 0.008500 0.014000
3 0.727000 0.345000 0.009000 0.012667
3 0.761250 0.341000 0.008500 0.012667
3 0.773500 0.328000 0.010000 0.013333
3 0.719250 0.316667 0.008500 0.012000
3 0.731250 0.305000 0.008500 0.012667
3 0.761500 0.296000 0.008000 0.010667
3 0.784000 0.298000 0.008000 0.009333
3 0.772250 0.290333 0.007500 0.010000
3 0.784500 0.281667 0.007000 0.008667
3 0.820000 0.370667 0.011000 0.013333
3 0.824250 0.350667 0.009500 0.013333
11 0.824000 0.340000 0.009000 0.013333
3 0.823000 0.321667 0.009000 0.010000
3 0.821250 0.314333 0.008500 0.010000
3 0.817500 0.293667 0.008000 0.008667
8 0.601250 0.826000 0.007500 0.014667
10 0.601250 0.833667 0.007500 0.018000
8 0.880500 0.964667 0.011000 0.018667
5 0.879250 0.970333 0.008500 0.023333
8 0.893250 0.934667 0.009500 0.016000
1 0.893000 0.940667 0.009000 0.022667
8 0.880750 0.892000 0.008500 0.013333
8 0.881750 0.898000 0.008500 0.013333
5 0.880250 0.895667 0.008500 0.024667
3 0.694000 0.713667 0.018000 0.036667
3 0.791500 0.735000 0.019000 0.039333
3 0.722750 0.728333 0.019500 0.039333
8 0.623250 0.767000 0.005500 0.014000
5 0.622500 0.772000 0.006000 0.017333
5 0.932500 0.644000 0.014000 0.012000
5 0.926250 0.637000 0.015500 0.011333
1 0.912000 0.632667 0.014000 0.013333
8 0.821500 0.459333 0.004000 0.010667
1 0.821250 0.461667 0.004500 0.011333
8 0.813250 0.389667 0.003500 0.007333
8 0.812750 0.425000 0.003500 0.008667
5 0.812750 0.428333 0.004500 0.010000
5 0.813250 0.392000 0.003500 0.008000
3 0.760500 0.272333 0.007000 0.008667
3 0.777250 0.270667 0.008500 0.009333
3 0.736250 0.265000 0.006500 0.010000
3 0.747750 0.266667 0.006500 0.009333
3 0.729500 0.247000 0.007000 0.011333
3 0.807000 0.257333 0.008000 0.009333
3 0.761000 0.251000 0.007000 0.008667
3 0.770500 0.250000 0.006000 0.008000
3 0.783000 0.250000 0.007000 0.009333
2 0.782000 0.228000 0.009000 0.020000
3 0.800250 0.243667 0.005500 0.008667
3 0.802500 0.250333 0.007000 0.008667
3 0.772000 0.240333 0.006000 0.008667
3 0.762000 0.224000 0.006000 0.008000
11 0.705500 0.250667 0.012000 0.022667
3 0.695750 0.293667 0.008500 0.011333
3 0.698750 0.282667 0.007500 0.010667
11 0.701500 0.266333 0.007000 0.014000
11 0.687000 0.316000 0.009000 0.012000
3 0.690750 0.309000 0.008500 0.011333
3 0.682750 0.325333 0.009500 0.012000
3 0.679500 0.334667 0.008000 0.010667
3 0.770250 0.230667 0.007500 0.008000
3 0.770250 0.224667 0.005500 0.008000
3 0.761750 0.201333 0.005500 0.006667
3 0.779250 0.205000 0.005500 0.006000
3 0.771000 0.210333 0.005000 0.007333
3 0.771000 0.200333 0.005000 0.006000
8 0.841750 0.653667 0.006500 0.012667
5 0.841000 0.656333 0.006000 0.015333
8 0.827000 0.508000 0.004000 0.010667
1 0.827000 0.510333 0.003000 0.010000
8 0.651750 0.617667 0.005500 0.012667
5 0.652000 0.621333 0.006000 0.014667
8 0.648250 0.591667 0.005500 0.014000
5 0.648500 0.597000 0.005000 0.014000
8 0.659000 0.516333 0.005000 0.011333
5 0.659000 0.521333 0.005000 0.010667
4 0.759000 0.108667 0.075000 0.137333
3 0.770500 0.262333 0.007000 0.010000
3 0.782250 0.262333 0.006500 0.008667
3 0.762000 0.186333 0.005000 0.006000
3 0.768750 0.192000 0.004500 0.005333
3 0.770250 0.186000 0.004500 0.005333
3 0.778000 0.190000 0.005000 0.006667
3 0.709500 0.235333 0.007000 0.010667
3 0.711250 0.225333 0.006500 0.010667
11 0.712750 0.216667 0.005500 0.008000
3 0.715750 0.207000 0.004500 0.007333
8 0.808750 0.373333 0.003500 0.008000
7 0.813500 0.374333 0.003000 0.008667
