3 0.593929 0.863810 0.085000 0.148571
3 0.701786 0.774286 0.070714 0.133333
3 0.674286 0.652857 0.060000 0.086667
3 0.955357 0.735238 0.063571 0.112381
3 0.955357 0.585238 0.053571 0.075238
11 0.957500 0.507619 0.039286 0.068571
10 0.726071 0.489048 0.062143 0.098095
3 0.751071 0.419524 0.040714 0.048571
3 0.769286 0.377619 0.031429 0.040952
3 0.778571 0.329048 0.028571 0.042857
3 0.790714 0.300952 0.024286 0.036190
3 0.805357 0.272381 0.030714 0.026667
3 0.807143 0.243333 0.028571 0.029524
3 0.810714 0.221429 0.020000 0.021905
3 0.821071 0.202381 0.019286 0.031429
11 0.818571 0.188571 0.042857 0.026667
3 0.814286 0.169048 0.045714 0.021905
3 0.834643 0.152857 0.017857 0.018095
3 0.838571 0.137143 0.014286 0.017143
3 0.841429 0.127619 0.014286 0.015238
3 0.845000 0.120476 0.012857 0.016190
3 0.820714 0.113333 0.014286 0.017143
3 0.846786 0.102857 0.026429 0.017143
3 0.857857 0.091905 0.015714 0.016190
3 0.857857 0.084286 0.017143 0.012381
3 0.861429 0.070000 0.017143 0.012381
3 0.848571 0.062857 0.015714 0.009524
3 0.857143 0.061429 0.008571 0.010476
3 0.855357 0.054286 0.010714 0.009524
3 0.854643 0.049048 0.009286 0.008571
3 0.855000 0.045238 0.008571 0.012381
3 0.853214 0.040476 0.009286 0.012381
3 0.856071 0.033333 0.012143 0.013333
3 0.847143 0.027619 0.010000 0.013333
3 0.841786 0.052857 0.007857 0.014286
3 0.862143 0.007619 0.011429 0.013333
3 0.882857 0.016667 0.010000 0.008571
3 0.885357 0.022381 0.010714 0.006667
3 0.922143 0.052857 0.008571 0.010476
3 0.914286 0.050952 0.008571 0.010476
3 0.912143 0.045714 0.012857 0.009524
3 0.908571 0.040476 0.007143 0.008571
3 0.905357 0.037143 0.009286 0.007619
3 0.901786 0.034762 0.010714 0.008571
3 0.899286 0.030000 0.010000 0.008571
3 0.895357 0.027619 0.007857 0.009524
3 0.917143 0.064286 0.021429 0.010476
3 0.922143 0.074762 0.024286 0.012381
3 0.923929 0.085714 0.029286 0.015238
3 0.922857 0.088571 0.030000 0.017143
3 0.925000 0.096190 0.031429 0.017143
3 0.930000 0.105238 0.032857 0.020000
3 0.928571 0.111429 0.028571 0.019048
3 0.927500 0.114286 0.030714 0.015238
11 0.926071 0.121905 0.037857 0.022857
3 0.929286 0.132857 0.028571 0.018095
3 0.932500 0.139524 0.037857 0.020000
3 0.930000 0.147143 0.037143 0.018095
3 0.930714 0.158095 0.037143 0.020952
3 0.930000 0.153810 0.038571 0.020000
3 0.930714 0.173810 0.042857 0.018095
3 0.943571 0.181905 0.038571 0.020952
3 0.938214 0.195238 0.045000 0.024762
3 0.924643 0.201905 0.042143 0.017143
3 0.928929 0.213810 0.039286 0.018095
3 0.934286 0.227619 0.041429 0.019048
3 0.931786 0.243333 0.040714 0.021905
3 0.935714 0.252381 0.050000 0.026667
3 0.931786 0.265238 0.053571 0.020000
3 0.934643 0.279048 0.057857 0.026667
3 0.937857 0.293333 0.052857 0.032381
3 0.941071 0.313333 0.045000 0.026667
3 0.942857 0.337619 0.051429 0.031429
3 0.940000 0.363333 0.051429 0.035238
3 0.945000 0.449524 0.070000 0.045714
10 0.965357 0.387619 0.053571 0.085714
