11 0.189643 0.210025 0.010714 0.008883
11 0.163929 0.225888 0.010714 0.007614
3 0.177143 0.218909 0.010000 0.008883
11 0.160714 0.276015 0.007143 0.016497
3 0.164286 0.288706 0.005714 0.013959
10 0.138929 0.319797 0.015000 0.025381
10 0.145714 0.321701 0.015714 0.021574
10 0.152500 0.326142 0.015000 0.022843
11 0.178214 0.333122 0.009286 0.019036
10 0.268929 0.315355 0.017857 0.013959
10 0.313214 0.322970 0.017857 0.019036
10 0.314286 0.315355 0.018571 0.019036
10 0.281429 0.304569 0.011429 0.020305
11 0.294286 0.319162 0.012857 0.011421
10 0.175000 0.372462 0.022857 0.019036
11 0.186071 0.351523 0.015000 0.012690
3 0.133571 0.369289 0.008571 0.015228
11 0.140357 0.367386 0.010714 0.019036
10 0.146429 0.374365 0.014286 0.022843
11 0.154643 0.376904 0.010714 0.017766
3 0.202500 0.356599 0.012143 0.010152
10 0.240357 0.367386 0.020714 0.016497
10 0.268929 0.341371 0.010714 0.022843
3 0.261071 0.341371 0.006429 0.012690
3 0.259643 0.359772 0.006429 0.011421
3 0.280714 0.361675 0.007143 0.015228
3 0.278571 0.343909 0.007143 0.012690
11 0.287500 0.344543 0.009286 0.016497
11 0.294286 0.346447 0.008571 0.017766
11 0.300357 0.350254 0.009286 0.015228
11 0.271786 0.357868 0.009286 0.020305
3 0.097500 0.303299 0.015000 0.012690
11 0.063929 0.447970 0.015000 0.015228
2 0.141071 0.718274 0.017857 0.045685
3 0.161786 0.762056 0.009286 0.029188
11 0.167857 0.869289 0.008571 0.032995
3 0.600714 0.984137 0.012857 0.026650
1 0.814286 0.864848 0.007143 0.008883
8 0.815357 0.862944 0.003571 0.007614
11 0.530714 0.583122 0.012857 0.026650
3 0.550357 0.513325 0.016429 0.016497
7 0.446429 0.520305 0.001429 0.007614
3 0.494286 0.168147 0.008571 0.008883
11 0.526071 0.211929 0.006429 0.015228
11 0.528214 0.220178 0.010714 0.008883
2 0.436429 0.264594 0.012857 0.019036
2 0.442500 0.256980 0.013571 0.019036
2 0.448214 0.253807 0.013571 0.017766
2 0.453571 0.251269 0.014286 0.017766
2 0.443214 0.276015 0.029286 0.024112
2 0.457143 0.314086 0.031429 0.024112
2 0.476071 0.363579 0.029286 0.026650
2 0.485357 0.390228 0.027857 0.021574
2 0.497143 0.416244 0.021429 0.030457
2 0.575000 0.323604 0.014286 0.015228
11 0.553214 0.275381 0.010714 0.010152
11 0.530714 0.224619 0.010000 0.007614
11 0.532500 0.229061 0.010714 0.008883
11 0.533929 0.232868 0.010714 0.008883
11 0.535714 0.238579 0.011429 0.010152
11 0.537857 0.242386 0.011429 0.010152
11 0.541786 0.250635 0.010714 0.011421
11 0.543571 0.256980 0.010000 0.008883
11 0.546786 0.260787 0.012143 0.011421
11 0.550714 0.271574 0.011429 0.010152
11 0.500714 0.213832 0.008571 0.016497
2 0.496071 0.215736 0.012143 0.017766
2 0.486786 0.223350 0.012143 0.017766
2 0.481429 0.227792 0.012857 0.016497
2 0.472857 0.235406 0.011429 0.019036
2 0.463214 0.242386 0.012143 0.017766
10 0.491071 0.252538 0.015000 0.022843
10 0.495714 0.263959 0.015714 0.020305
10 0.498571 0.269670 0.018571 0.024112
10 0.500714 0.278553 0.018571 0.019036
10 0.505000 0.281726 0.014286 0.017766
10 0.507143 0.286802 0.015714 0.020305
10 0.509643 0.293147 0.016429 0.020305
10 0.512143 0.303299 0.012857 0.017766
2 0.513571 0.306472 0.015714 0.019036
10 0.520714 0.326777 0.015714 0.021574
10 0.523571 0.333756 0.017143 0.025381
2 0.528214 0.342640 0.017857 0.022843
10 0.531429 0.349619 0.017143 0.021574
10 0.537500 0.355964 0.022143 0.029188
2 0.541786 0.365482 0.017857 0.022843
2 0.547143 0.335025 0.015714 0.017766
11 0.552143 0.342005 0.015714 0.016497
2 0.542857 0.328680 0.015714 0.017766
2 0.540357 0.321701 0.013571 0.016497
2 0.536786 0.315355 0.013571 0.016497
2 0.539643 0.305203 0.015000 0.013959
2 0.531786 0.302665 0.015000 0.016497
2 0.527857 0.298223 0.014286 0.017766
2 0.524643 0.288706 0.015000 0.021574
2 0.521786 0.279822 0.016429 0.019036
2 0.517143 0.268401 0.014286 0.019036
2 0.510357 0.258249 0.013571 0.016497
2 0.506786 0.254442 0.015000 0.016497
2 0.505000 0.249365 0.011429 0.016497
3 0.207500 0.035533 0.007857 0.007614
