3 0.471071 0.742386 0.045000 0.058376
3 0.469643 0.686548 0.037857 0.055838
2 0.450714 0.645305 0.060000 0.077411
3 0.515714 0.602157 0.044286 0.052030
3 0.577143 0.553934 0.042857 0.049492
2 0.670714 0.519670 0.107143 0.123096
3 0.576429 0.441624 0.035714 0.043147
2 0.645000 0.318528 0.087143 0.121827
7 0.583929 0.312183 0.007857 0.020305
3 0.810714 0.319797 0.028571 0.035533
5 0.835000 0.394036 0.017143 0.024112
3 0.929286 0.185914 0.030000 0.029188
7 0.412857 0.443528 0.007143 0.021574
11 0.250000 0.449239 0.034286 0.083756
3 0.204286 0.197970 0.017143 0.040609
3 0.139643 0.201142 0.016429 0.039340
3 0.175714 0.087563 0.018571 0.040609
3 0.049286 0.866751 0.055714 0.063452
3 0.044643 0.828046 0.053571 0.059645
5 0.077857 0.752538 0.024286 0.032995
8 0.077143 0.750000 0.015714 0.020305
3 0.051786 0.733503 0.055000 0.060914
2 0.022500 0.788706 0.045000 0.102792
