3 0.534286 0.733810 0.024286 0.054286
3 0.581786 0.821905 0.036429 0.068571
3 0.559643 0.623333 0.023571 0.037143
3 0.563214 0.501429 0.016429 0.021905
3 0.532500 0.432381 0.013571 0.022857
11 0.480000 0.575238 0.022857 0.038095
11 0.437857 0.940000 0.038571 0.118095
3 0.187500 0.920000 0.062143 0.100952
3 0.225357 0.832857 0.055000 0.086667
3 0.393929 0.344286 0.007857 0.004762
3 0.392500 0.340000 0.007857 0.005714
3 0.410000 0.325238 0.007143 0.006667
3 0.414643 0.316190 0.005000 0.003810
3 0.419286 0.311429 0.007143 0.005714
3 0.430714 0.300952 0.008571 0.005714
3 0.422143 0.392381 0.008571 0.009524
3 0.425357 0.386667 0.007857 0.009524
3 0.434643 0.362381 0.009286 0.010476
3 0.442500 0.344762 0.012143 0.011429
3 0.448214 0.331429 0.006429 0.007619
3 0.451429 0.327143 0.005714 0.006667
3 0.452857 0.323333 0.005714 0.006667
3 0.455714 0.316190 0.004286 0.007619
3 0.457500 0.312381 0.005000 0.005714
3 0.460000 0.308571 0.004286 0.007619
3 0.462500 0.298571 0.006429 0.006667
3 0.466071 0.291905 0.006429 0.006667
3 0.485714 0.318571 0.005714 0.006667
3 0.491786 0.359524 0.007857 0.010476
2 0.496786 0.281905 0.005000 0.011429
7 0.446071 0.362857 0.002143 0.007619
3 0.435357 0.601429 0.029286 0.027619
7 0.535000 0.383810 0.002857 0.007619
7 0.520000 0.287619 0.001429 0.003810
3 0.511071 0.264286 0.003571 0.004762
3 0.508214 0.256667 0.003571 0.004762
3 0.503571 0.260952 0.004286 0.005714
4 0.505000 0.226667 0.007143 0.017143
4 0.505357 0.244762 0.017857 0.013333
3 0.576429 0.360476 0.010000 0.008571
3 0.572143 0.353333 0.010000 0.005714
3 0.582857 0.381429 0.015714 0.010476
3 0.603571 0.407143 0.015714 0.012381
2 0.615714 0.433333 0.021429 0.032381
1 0.589643 0.413333 0.003571 0.009524
8 0.590000 0.411905 0.002857 0.004762
5 0.593214 0.389048 0.002143 0.008571
8 0.592857 0.386667 0.001429 0.003810
8 0.738929 0.746667 0.005000 0.011429
8 0.736071 0.743333 0.003571 0.008571
5 0.736071 0.754762 0.012143 0.025714
