11 0.693000 0.811000 0.202000 0.143333
11 0.663500 0.665333 0.208000 0.142667
11 0.663250 0.568333 0.153500 0.115333
11 0.663750 0.479667 0.128500 0.100667
11 0.656000 0.398333 0.128000 0.100667
11 0.643000 0.330667 0.137000 0.085333
11 0.737750 0.960333 0.228500 0.078000
11 0.079750 0.922667 0.159500 0.144000
7 0.114750 0.704667 0.051500 0.070667
11 0.214000 0.509000 0.257000 0.186000
11 0.240750 0.420000 0.214500 0.153333
11 0.248250 0.367333 0.137500 0.085333
3 0.616000 0.278333 0.120000 0.071333
3 0.287500 0.259667 0.131000 0.067333
3 0.302000 0.203000 0.131000 0.067333
3 0.308500 0.157667 0.114000 0.063333
3 0.322000 0.117333 0.113000 0.056000
3 0.336500 0.077000 0.113000 0.055333
11 0.619750 0.215333 0.111500 0.089333
11 0.624500 0.171000 0.108000 0.078000
3 0.494250 0.099667 0.060500 0.082000
7 0.419250 0.089000 0.020500 0.060667
3 0.606750 0.095000 0.108500 0.055333
3 0.604750 0.061333 0.097500 0.058667
3 0.601250 0.030333 0.082500 0.048667
11 0.344500 0.025333 0.096000 0.050667
