7 0.242143 0.449524 0.008571 0.026667
10 0.196071 0.460952 0.169286 0.188571
3 0.021786 0.320476 0.043571 0.058095
3 0.156786 0.216190 0.049286 0.049524
7 0.584286 0.974286 0.011429 0.028571
7 0.331786 0.794286 0.012143 0.030476
7 0.297143 0.689048 0.011429 0.023810
7 0.288214 0.675238 0.010714 0.032381
3 0.478214 0.501905 0.066429 0.068571
3 0.357143 0.360952 0.052857 0.049524
3 0.472143 0.446667 0.062857 0.060952
3 0.567857 0.395714 0.060000 0.042857
7 0.990714 0.496190 0.014286 0.019048
7 0.916786 0.422857 0.013571 0.024762
7 0.830714 0.294762 0.011429 0.025714
7 0.693571 0.318095 0.010000 0.024762
7 0.652500 0.288571 0.009286 0.022857
7 0.613214 0.280000 0.007857 0.024762
3 0.402143 0.270476 0.052857 0.040000
8 0.937143 0.669048 0.015714 0.018095
1 0.932857 0.673333 0.014286 0.030476
7 0.681786 0.132381 0.006429 0.019048
7 0.737500 0.065714 0.006429 0.015238
7 0.789643 0.018571 0.006429 0.020000
7 0.942143 0.328571 0.008571 0.020952
7 0.936429 0.323810 0.012857 0.024762
7 0.766786 0.087143 0.003571 0.020000
7 0.782500 0.017619 0.003571 0.021905
7 0.240357 0.118571 0.007857 0.023810
7 0.245357 0.113810 0.009286 0.020000
7 0.364286 0.135238 0.008571 0.022857
3 0.800000 0.232381 0.031429 0.040000
3 0.892500 0.276190 0.025000 0.043810
3 0.919643 0.309524 0.029286 0.043810
3 0.934286 0.262381 0.027143 0.044762
3 0.914286 0.157143 0.025714 0.034286
3 0.960357 0.069524 0.019286 0.030476
3 0.911429 0.237619 0.027143 0.046667
3 0.835357 0.179524 0.029286 0.042857
3 0.893214 0.130476 0.020714 0.026667
11 0.836071 0.237143 0.033571 0.057143
11 0.634286 0.181905 0.030000 0.032381
3 0.669643 0.109524 0.036429 0.026667
3 0.611429 0.119524 0.038571 0.033333
3 0.596071 0.159524 0.029286 0.031429
3 0.571071 0.146667 0.030714 0.030476
3 0.552143 0.135714 0.032857 0.033333
3 0.531071 0.126190 0.030714 0.029524
3 0.512500 0.115238 0.026429 0.024762
3 0.493929 0.105238 0.030714 0.031429
3 0.476429 0.095714 0.025714 0.027619
3 0.451786 0.084762 0.035000 0.028571
3 0.466429 0.045714 0.032857 0.028571
3 0.646786 0.077143 0.026429 0.028571
3 0.695714 0.074286 0.032857 0.024762
3 0.705000 0.062381 0.032857 0.027619
3 0.715714 0.054762 0.025714 0.025714
3 0.722500 0.049524 0.026429 0.026667
3 0.745357 0.025714 0.025000 0.024762
3 0.751786 0.023333 0.025000 0.025714
3 0.759643 0.016190 0.023571 0.024762
11 0.767143 0.010952 0.020000 0.021905
3 0.738214 0.036190 0.032143 0.024762
3 0.504286 0.064762 0.034286 0.028571
3 0.242500 0.322381 0.050714 0.052381
11 0.233571 0.259048 0.047143 0.057143
11 0.222500 0.089524 0.039286 0.034286
11 0.175357 0.065714 0.035000 0.032381
11 0.135000 0.038095 0.034286 0.024762
3 0.085714 0.014286 0.032857 0.024762
4 0.043571 0.022857 0.014286 0.019048
