4 0.605250 0.274667 0.096500 0.117333
4 0.539750 0.279333 0.039500 0.054667
4 0.142000 0.029667 0.023000 0.059333
7 0.704250 0.914333 0.020500 0.034000
3 0.775000 0.828667 0.102000 0.148000
8 0.627750 0.891667 0.015500 0.018000
7 0.976000 0.773667 0.021000 0.026000
5 0.960250 0.808667 0.022500 0.049333
8 0.957000 0.806000 0.027000 0.028000
1 0.936750 0.806333 0.008500 0.047333
7 0.932500 0.795333 0.024000 0.028000
5 0.917000 0.615333 0.022000 0.036000
11 0.848500 0.520333 0.061000 0.062000
4 0.791250 0.548000 0.021500 0.032000
4 0.863750 0.626333 0.031500 0.032667
5 0.897250 0.500333 0.018500 0.030000
11 0.969250 0.596667 0.060500 0.058667
7 0.982000 0.537000 0.017000 0.030000
7 0.961500 0.526333 0.020000 0.032667
9 0.976000 0.507000 0.039000 0.024667
7 0.989000 0.383000 0.014000 0.028667
11 0.916000 0.453333 0.066000 0.057333
11 0.916500 0.428667 0.063000 0.065333
11 0.872750 0.395000 0.051500 0.040667
7 0.780500 0.432667 0.012000 0.028000
11 0.951500 0.360667 0.044000 0.041333
7 0.834500 0.398333 0.013000 0.028667
8 0.807000 0.359333 0.007000 0.018667
1 0.796000 0.287667 0.015000 0.018000
7 0.825250 0.343333 0.011500 0.024000
7 0.830500 0.346000 0.008000 0.018667
7 0.858750 0.328333 0.009500 0.024667
7 0.869500 0.331667 0.010000 0.027333
11 0.852750 0.315667 0.062500 0.043333
7 0.995500 0.282000 0.007000 0.024000
3 0.902750 0.289667 0.046500 0.031333
3 0.910500 0.279333 0.048000 0.034667
3 0.935750 0.276667 0.049500 0.033333
3 0.957000 0.271667 0.048000 0.036667
10 0.971750 0.260667 0.055500 0.045333
3 0.985000 0.211000 0.029000 0.031333
3 0.982000 0.182333 0.035000 0.028667
3 0.884750 0.169333 0.026500 0.025333
3 0.941500 0.190333 0.038000 0.026000
8 0.751750 0.381667 0.007500 0.016667
8 0.738000 0.385667 0.008000 0.015333
8 0.692000 0.415000 0.008000 0.024667
1 0.715750 0.393667 0.012500 0.016667
7 0.636250 0.425667 0.008500 0.026000
7 0.674500 0.490000 0.007000 0.022667
7 0.667750 0.486333 0.007500 0.024667
7 0.570750 0.769333 0.009500 0.024000
7 0.586750 0.748333 0.008500 0.019333
5 0.574500 0.743667 0.029000 0.034000
7 0.567000 0.726333 0.012000 0.026000
1 0.572250 0.718000 0.028500 0.037333
7 0.583750 0.708000 0.010500 0.030667
7 0.610250 0.700333 0.012500 0.030000
7 0.676250 0.592667 0.010500 0.030667
7 0.614250 0.627667 0.015500 0.040667
7 0.624250 0.690333 0.009500 0.030000
7 0.622750 0.676333 0.014500 0.032667
8 0.616000 0.664333 0.006000 0.012667
11 0.636750 0.614333 0.070500 0.102000
7 0.662000 0.547667 0.008000 0.038000
7 0.653750 0.539333 0.008500 0.029333
7 0.640000 0.532667 0.009000 0.033333
7 0.592250 0.520333 0.008500 0.027333
1 0.599250 0.533000 0.008500 0.028667
8 0.599500 0.525667 0.008000 0.024667
5 0.473250 0.620667 0.022500 0.030667
8 0.471500 0.613667 0.008000 0.032667
3 0.538500 0.633667 0.072000 0.092667
9 0.603500 0.357667 0.029000 0.020667
8 0.627500 0.433667 0.006000 0.019333
8 0.617000 0.437667 0.007000 0.019333
7 0.607250 0.437333 0.005500 0.030667
7 0.604000 0.436333 0.006000 0.024667
7 0.602500 0.455667 0.008000 0.028667
7 0.615500 0.459000 0.006000 0.027333
3 0.624250 0.486333 0.059500 0.048667
7 0.592500 0.457000 0.008000 0.027333
7 0.585500 0.447000 0.007000 0.023333
8 0.567500 0.452667 0.008000 0.020000
7 0.573000 0.473333 0.006000 0.032000
7 0.566500 0.507667 0.008000 0.027333
7 0.505000 0.512333 0.008000 0.031333
7 0.495000 0.521333 0.006000 0.030667
7 0.526250 0.465333 0.007500 0.026667
7 0.548250 0.476333 0.008500 0.024667
7 0.555750 0.461667 0.007500 0.028667
7 0.549500 0.456333 0.006000 0.028667
11 0.603250 0.415667 0.053500 0.051333
11 0.568500 0.372667 0.039000 0.053333
10 0.526250 0.355667 0.052500 0.040667
5 0.489250 0.320333 0.007500 0.023333
11 0.504500 0.448667 0.037000 0.061333
5 0.469750 0.478667 0.022500 0.021333
7 0.446750 0.423667 0.008500 0.027333
8 0.438250 0.392667 0.006500 0.017333
8 0.446250 0.388000 0.006500 0.014667
8 0.451750 0.405667 0.007500 0.015333
8 0.449750 0.399667 0.006500 0.019333
1 0.428500 0.543667 0.026000 0.024667
8 0.427750 0.538667 0.010500 0.025333
5 0.431750 0.977000 0.030500 0.044667
5 0.404500 0.986667 0.014000 0.025333
7 0.384250 0.974667 0.014500 0.040000
3 0.394500 0.861667 0.086000 0.132667
5 0.408500 0.815000 0.020000 0.039333
5 0.379500 0.757667 0.025000 0.042000
5 0.358500 0.752333 0.013000 0.048667
7 0.295250 0.711667 0.018500 0.039333
1 0.345250 0.711667 0.020500 0.034000
11 0.304750 0.949667 0.112500 0.099333
7 0.113250 0.965667 0.023500 0.036667
7 0.064250 0.980000 0.034500 0.032000
7 0.369250 0.502333 0.007500 0.022000
7 0.362250 0.510333 0.012500 0.023333
7 0.360500 0.517667 0.010000 0.020667
8 0.350500 0.513333 0.007000 0.009333
8 0.336500 0.585667 0.016000 0.016667
11 0.349000 0.477000 0.067000 0.051333
7 0.294750 0.486333 0.013500 0.030000
5 0.299000 0.464667 0.010000 0.022667
8 0.299750 0.459333 0.012500 0.026667
11 0.300750 0.412667 0.049500 0.064000
3 0.295750 0.376000 0.058500 0.042667
3 0.285750 0.355667 0.053500 0.039333
3 0.313500 0.311000 0.054000 0.034000
3 0.273500 0.333333 0.056000 0.030667
3 0.239500 0.367000 0.036000 0.048667
11 0.247750 0.301333 0.023500 0.036000
7 0.199500 0.366667 0.009000 0.022667
7 0.193250 0.370333 0.007500 0.020667
11 0.053750 0.501000 0.072500 0.063333
3 0.070250 0.446000 0.064500 0.044000
10 0.106750 0.412333 0.068500 0.044667
3 0.128750 0.389000 0.055500 0.032667
3 0.151000 0.366000 0.056000 0.036000
3 0.170000 0.329000 0.027000 0.035333
3 0.027750 0.373667 0.054500 0.036667
3 0.011750 0.343667 0.023500 0.038000
3 0.037000 0.329667 0.041000 0.032667
3 0.066250 0.316000 0.034500 0.033333
3 0.104750 0.330000 0.028500 0.037333
11 0.097750 0.296000 0.027500 0.037333
7 0.127250 0.302000 0.012500 0.025333
3 0.169500 0.296333 0.027000 0.035333
7 0.017000 0.275667 0.010000 0.022000
7 0.029750 0.288000 0.008500 0.017333
7 0.004250 0.262000 0.008500 0.018667
8 0.003500 0.219667 0.007000 0.011333
7 0.055750 0.218667 0.009500 0.020000
3 0.078750 0.159333 0.025500 0.025333
11 0.037250 0.130333 0.022500 0.026000
5 0.037750 0.162000 0.014500 0.010667
3 0.046750 0.095000 0.025500 0.015333
3 0.077750 0.111667 0.029500 0.016667
3 0.069250 0.107667 0.026500 0.015333
3 0.062500 0.102000 0.023000 0.014667
3 0.054250 0.100000 0.022500 0.016000
7 0.097000 0.046333 0.004000 0.014000
7 0.087000 0.035667 0.003000 0.011333
11 0.105250 0.021000 0.016500 0.015333
3 0.094500 0.020000 0.017000 0.009333
3 0.084000 0.015667 0.012000 0.010000
3 0.091250 0.018000 0.016500 0.008000
3 0.171250 0.105667 0.014500 0.016667
11 0.187750 0.244333 0.024500 0.047333
3 0.937000 0.127000 0.032000 0.018000
11 0.902750 0.124667 0.034500 0.024000
3 0.788000 0.125667 0.029000 0.019333
3 0.798500 0.113333 0.027000 0.020000
3 0.769500 0.094333 0.024000 0.018000
11 0.782750 0.079667 0.027500 0.019333
3 0.443000 0.105667 0.028000 0.014000
3 0.432250 0.091333 0.021500 0.014667
11 0.553500 0.012000 0.013000 0.014667
11 0.460250 0.045667 0.013500 0.019333
2 0.436500 0.034667 0.025000 0.028000
3 0.416250 0.026000 0.019500 0.010667
3 0.402750 0.017000 0.018500 0.010000
10 0.394500 0.009000 0.020000 0.014000
3 0.387500 0.006000 0.016000 0.008000
10 0.382250 0.071000 0.041500 0.023333
4 0.313750 0.023000 0.021500 0.023333
3 0.373250 0.046333 0.023500 0.011333
3 0.369250 0.041333 0.018500 0.009333
3 0.342750 0.047667 0.020500 0.011333
3 0.337750 0.043000 0.018500 0.011333
3 0.333250 0.040333 0.017500 0.011333
3 0.333000 0.034667 0.020000 0.010667
10 0.358500 0.033333 0.024000 0.017333
10 0.348750 0.025000 0.022500 0.014000
3 0.347000 0.024000 0.013000 0.009333
10 0.345000 0.018333 0.025000 0.024667
10 0.339250 0.015667 0.022500 0.023333
3 0.328000 0.007667 0.016000 0.008667
3 0.325500 0.006333 0.017000 0.008667
3 0.303750 0.006667 0.018500 0.010667
4 0.174500 0.041667 0.016000 0.082000
4 0.150750 0.077333 0.011500 0.030667
7 0.279000 0.257333 0.007000 0.026667
11 0.238250 0.243333 0.022500 0.030667
3 0.164250 0.257333 0.019500 0.026667
3 0.230500 0.218667 0.019000 0.028000
3 0.223000 0.193667 0.016000 0.027333
3 0.216000 0.171333 0.018000 0.020000
3 0.210000 0.150667 0.017000 0.020000
3 0.205250 0.134333 0.015500 0.016667
11 0.200000 0.116667 0.014000 0.021333
3 0.198750 0.105333 0.012500 0.016000
3 0.195750 0.095667 0.012500 0.015333
3 0.190500 0.077000 0.011000 0.014000
3 0.189000 0.063333 0.009000 0.014667
8 0.185750 0.098000 0.005500 0.009333
1 0.187000 0.103000 0.004000 0.012667
3 0.153000 0.106667 0.013000 0.024000
3 0.154750 0.140667 0.015500 0.018667
3 0.155500 0.156667 0.018000 0.025333
3 0.158000 0.179000 0.018000 0.018000
3 0.157500 0.198000 0.018000 0.026667
3 0.160000 0.219000 0.023000 0.035333
