3 0.052500 0.039524 0.105000 0.075238
3 0.026786 0.215238 0.053571 0.139048
7 0.063929 0.139048 0.026429 0.043810
7 0.145357 0.112381 0.025000 0.055238
7 0.145357 0.160952 0.025000 0.049524
7 0.068929 0.303333 0.025000 0.035238
7 0.087500 0.319524 0.019286 0.035238
3 0.421429 0.051905 0.047143 0.103810
3 0.330714 0.125238 0.051429 0.136190
3 0.237143 0.081905 0.055714 0.127619
3 0.212857 0.206190 0.061429 0.126667
3 0.181071 0.399048 0.072143 0.154286
3 0.115000 0.383810 0.077143 0.144762
3 0.150714 0.598095 0.075714 0.186667
3 0.051071 0.628571 0.102143 0.192381
3 0.027500 0.886667 0.055000 0.207619
3 0.110357 0.871429 0.097857 0.209524
3 0.173571 0.926190 0.087143 0.141905
1 0.278571 0.620000 0.022857 0.060952
8 0.282857 0.576190 0.012857 0.043810
3 0.497857 0.149524 0.041429 0.114286
3 0.579643 0.148095 0.047857 0.109524
3 0.596786 0.488571 0.059286 0.169524
7 0.663214 0.899524 0.023571 0.037143
7 0.678214 0.854762 0.016429 0.042857
11 0.723929 0.937143 0.082143 0.123810
3 0.789286 0.851429 0.104286 0.260952
3 0.866429 0.713333 0.091429 0.205714
3 0.756071 0.626190 0.075000 0.162857
3 0.805714 0.456667 0.080000 0.160952
3 0.727857 0.429048 0.074286 0.157143
3 0.702500 0.249524 0.060714 0.116190
11 0.776786 0.262857 0.076429 0.175238
3 0.743929 0.112381 0.049286 0.110476
3 0.678929 0.116190 0.053571 0.108571
7 0.652143 0.128095 0.021429 0.046667
7 0.796071 0.147619 0.020714 0.047619
3 0.890357 0.039524 0.116429 0.061905
3 0.912500 0.088095 0.106429 0.071429
3 0.924286 0.149048 0.112857 0.067619
3 0.941071 0.220000 0.116429 0.070476
3 0.956429 0.356190 0.085714 0.083810
3 0.971429 0.431429 0.055714 0.072381
3 0.981786 0.518095 0.035000 0.074286
5 0.981071 0.304762 0.033571 0.022857
3 0.909643 0.923810 0.110714 0.150476
9 0.669286 0.505714 0.038571 0.070476
8 0.675714 0.463810 0.018571 0.045714
