11 0.463571 0.538071 0.058571 0.038071
3 0.693571 0.446701 0.067143 0.040609
3 0.783571 0.445431 0.061429 0.048223
3 0.466786 0.866117 0.047857 0.102792
3 0.244643 0.628807 0.037857 0.110406
3 0.130714 0.627538 0.028571 0.115482
3 0.178214 0.220812 0.062143 0.050761
3 0.225357 0.114848 0.025000 0.095178
11 0.904286 0.136421 0.064286 0.046954
3 0.122143 0.915609 0.028571 0.105330
3 0.171429 0.943528 0.027143 0.079949
3 0.230000 0.924492 0.028571 0.105330
3 0.263571 0.897843 0.028571 0.105330
10 0.301429 0.888959 0.032857 0.138325
7 0.367143 0.814086 0.010000 0.021574
7 0.355357 0.804569 0.009286 0.017766
7 0.292857 0.560279 0.008571 0.019036
7 0.647857 0.735406 0.012857 0.021574
7 0.652500 0.717640 0.010714 0.021574
1 0.296071 0.562817 0.022143 0.019036
7 0.303571 0.104061 0.012857 0.017766
7 0.988929 0.822970 0.020714 0.016497
