3 0.285357 0.581218 0.037857 0.038071
3 0.342500 0.536168 0.032143 0.039340
2 0.394286 0.458122 0.068571 0.114213
2 0.456429 0.451777 0.018571 0.071066
3 0.482857 0.416878 0.014286 0.039340
3 0.498929 0.560914 0.013571 0.048223
3 0.521071 0.553299 0.013571 0.048223
3 0.539643 0.567259 0.015000 0.053299
3 0.561786 0.544416 0.016429 0.050761
3 0.545357 0.479695 0.015000 0.045685
2 0.525000 0.460025 0.022857 0.123096
3 0.581429 0.272843 0.012857 0.032995
11 0.494643 0.229695 0.015000 0.030457
3 0.575000 0.093274 0.011429 0.024112
3 0.578214 0.022208 0.010714 0.021574
3 0.530714 0.084391 0.011429 0.021574
3 0.514643 0.088832 0.012143 0.020305
3 0.538571 0.059010 0.010000 0.019036
3 0.552143 0.027919 0.010000 0.020305
3 0.535357 0.024112 0.010714 0.020305
10 0.720714 0.807107 0.062857 0.058376
2 0.759286 0.780457 0.057143 0.048223
3 0.694286 0.781726 0.042857 0.035533
