3 0.118214 0.293810 0.045000 0.025714
3 0.140357 0.397619 0.056429 0.033333
3 0.153214 0.377143 0.056429 0.028571
3 0.153929 0.364286 0.050714 0.023810
3 0.179286 0.270476 0.044286 0.024762
3 0.198571 0.290000 0.045714 0.023810
3 0.168571 0.303333 0.045714 0.020000
3 0.219643 0.325238 0.037857 0.018095
3 0.153571 0.341429 0.047143 0.027619
3 0.210357 0.340476 0.049286 0.027619
7 0.240000 0.551905 0.004286 0.021905
7 0.236071 0.549048 0.005000 0.020000
7 0.294286 0.640000 0.007143 0.028571
7 0.252500 0.636667 0.009286 0.027619
7 0.266429 0.702381 0.008571 0.025714
7 0.359643 0.732381 0.009286 0.030476
7 0.356786 0.683333 0.009286 0.033333
7 0.376429 0.667143 0.008571 0.035238
7 0.409286 0.598571 0.011429 0.031429
8 0.387143 0.421905 0.007143 0.015238
8 0.357500 0.405714 0.005000 0.013333
5 0.387500 0.430952 0.007857 0.023810
5 0.357500 0.415238 0.007857 0.024762
3 0.372143 0.058571 0.014286 0.018095
3 0.416429 0.180952 0.017143 0.022857
3 0.406429 0.206190 0.015714 0.025714
3 0.421429 0.269048 0.017143 0.027619
3 0.462500 0.321429 0.020714 0.035238
3 0.445000 0.368571 0.021429 0.040000
3 0.496429 0.440000 0.027143 0.053333
10 0.463929 0.440476 0.032143 0.086667
3 0.455000 0.698095 0.065714 0.066667
3 0.625714 0.744286 0.045714 0.084762
8 0.649286 0.448571 0.005714 0.013333
5 0.647857 0.456667 0.007143 0.023810
7 0.643214 0.329048 0.002143 0.016190
7 0.579643 0.356667 0.005000 0.016190
7 0.623929 0.320476 0.005000 0.014286
3 0.667143 0.571429 0.065714 0.047619
3 0.692500 0.956190 0.056429 0.085714
8 0.742500 0.699524 0.005000 0.014286
5 0.739643 0.704762 0.012143 0.030476
7 0.730357 0.451905 0.007857 0.020000
3 0.845000 0.526667 0.055714 0.036190
7 0.871071 0.808095 0.010714 0.031429
8 0.987143 0.778095 0.010000 0.015238
5 0.982857 0.780000 0.027143 0.019048
3 0.982857 0.497619 0.031429 0.040952
