3 0.401429 0.345178 0.014286 0.027919
3 0.433214 0.434010 0.016429 0.043147
3 0.459643 0.456853 0.019286 0.043147
3 0.431786 0.180203 0.012143 0.020305
3 0.430714 0.139594 0.010000 0.020305
3 0.446786 0.131980 0.009286 0.020305
3 0.446071 0.097081 0.007857 0.016497
3 0.422500 0.060914 0.007857 0.017766
10 0.463214 0.031726 0.015000 0.030457
10 0.389643 0.148477 0.012143 0.040609
10 0.581429 0.239213 0.038571 0.034264
2 0.383214 0.262056 0.020714 0.077411
3 0.442143 0.896574 0.028571 0.090102
3 0.512857 0.609137 0.017143 0.063452
3 0.520714 0.328680 0.012857 0.027919
3 0.495000 0.324239 0.011429 0.024112
3 0.484643 0.276015 0.010714 0.021574
3 0.473214 0.169416 0.006429 0.016497
3 0.466429 0.140228 0.011429 0.016497
2 0.584643 0.569797 0.025000 0.098985
2 0.544286 0.437183 0.024286 0.090102
2 0.611429 0.587563 0.024286 0.119289
2 0.572857 0.491751 0.027143 0.087563
2 0.600714 0.491117 0.025714 0.091371
2 0.564286 0.423858 0.027143 0.086294
2 0.589286 0.426396 0.028571 0.083756
2 0.573571 0.378173 0.015714 0.053299
2 0.537143 0.379442 0.018571 0.058376
2 0.552143 0.364213 0.022857 0.068528
2 0.546786 0.317259 0.019286 0.060914
2 0.476071 0.206218 0.013571 0.049492
2 0.494286 0.400381 0.025714 0.079949
2 0.487500 0.345178 0.015000 0.045685
7 0.498214 0.289340 0.002143 0.015228
7 0.501071 0.289340 0.003571 0.017766
7 0.541071 0.280457 0.002143 0.010152
4 0.514643 0.392132 0.025000 0.050761
7 0.546786 0.478426 0.005000 0.017766
7 0.287857 0.807741 0.005714 0.034264
7 0.298214 0.723985 0.006429 0.024112
7 0.293214 0.717005 0.006429 0.025381
7 0.265714 0.883883 0.005714 0.024112
2 0.468214 0.112310 0.010714 0.034264
4 0.485357 0.047589 0.022143 0.044416
4 0.480714 0.069797 0.028571 0.035533
