7 0.015000 0.349524 0.010000 0.022857
7 0.010357 0.393333 0.010714 0.024762
7 0.774643 0.475714 0.006429 0.029524
7 0.784286 0.473810 0.008571 0.035238
7 0.880714 0.550000 0.011429 0.035238
7 0.955714 0.465238 0.012857 0.035238
3 0.782500 0.938571 0.130714 0.120952
3 0.214286 0.399048 0.034286 0.030476
3 0.292500 0.370476 0.030714 0.024762
3 0.262500 0.360000 0.026429 0.022857
3 0.447500 0.360952 0.036429 0.020952
3 0.537857 0.381905 0.042857 0.028571
3 0.698571 0.406667 0.040000 0.026667
3 0.869286 0.477619 0.044286 0.033333
3 0.902857 0.450476 0.040000 0.038095
3 0.972500 0.278095 0.012143 0.013333
3 0.986429 0.276190 0.014286 0.009524
3 0.908214 0.298095 0.019286 0.017143
3 0.933571 0.426667 0.038571 0.028571
3 0.962143 0.412857 0.031429 0.029524
3 0.944286 0.567619 0.091429 0.051429
3 0.932500 0.594762 0.105000 0.067619
2 0.956071 0.819048 0.086429 0.194286
3 0.958929 0.556190 0.080714 0.053333
3 0.973571 0.544762 0.051429 0.051429
3 0.871071 0.294286 0.026429 0.015238
3 0.842143 0.304286 0.020000 0.016190
3 0.833214 0.307619 0.019286 0.019048
3 0.818214 0.307619 0.017857 0.019048
3 0.805357 0.309524 0.019286 0.019048
3 0.797143 0.313333 0.017143 0.019048
3 0.785714 0.317143 0.022857 0.020952
3 0.772857 0.319524 0.018571 0.020000
3 0.761429 0.321429 0.022857 0.020000
3 0.752143 0.329524 0.021429 0.020952
3 0.718929 0.334762 0.027857 0.021905
3 0.708214 0.339524 0.029286 0.021905
3 0.690357 0.341429 0.022143 0.021905
3 0.675714 0.345238 0.030000 0.025714
3 0.654643 0.352381 0.033571 0.022857
3 0.623214 0.357143 0.032143 0.024762
3 0.730000 0.329048 0.030000 0.020000
3 0.850000 0.335238 0.024286 0.024762
3 0.806071 0.340000 0.026429 0.022857
3 0.678214 0.392857 0.037857 0.029524
3 0.565714 0.376190 0.035714 0.024762
3 0.485357 0.349524 0.032143 0.028571
3 0.505357 0.348571 0.026429 0.022857
3 0.520357 0.345238 0.027857 0.021905
3 0.534286 0.341429 0.027143 0.023810
11 0.566786 0.331429 0.036429 0.028571
3 0.437500 0.345714 0.030714 0.022857
3 0.393214 0.372381 0.035000 0.028571
3 0.424286 0.340952 0.031429 0.022857
3 0.408929 0.338095 0.035000 0.022857
3 0.395714 0.332381 0.031429 0.020952
3 0.383214 0.330476 0.029286 0.020952
3 0.372500 0.326667 0.023571 0.022857
3 0.351429 0.356190 0.031429 0.019048
3 0.287143 0.335714 0.031429 0.018095
3 0.269286 0.327143 0.028571 0.018095
3 0.251429 0.320476 0.030000 0.018095
3 0.240714 0.315238 0.032857 0.017143
3 0.243214 0.347619 0.026429 0.020952
3 0.221429 0.337143 0.028571 0.022857
3 0.208214 0.328095 0.022143 0.021905
3 0.191786 0.316667 0.023571 0.016190
3 0.168571 0.305238 0.020000 0.018095
3 0.156429 0.297143 0.017143 0.017143
3 0.146071 0.292857 0.017857 0.016190
10 0.154286 0.269048 0.048571 0.021905
3 0.103929 0.276190 0.012143 0.013333
3 0.304286 0.343333 0.041429 0.018095
11 0.361429 0.369048 0.032857 0.031429
3 0.111429 0.366667 0.028571 0.024762
3 0.103214 0.420476 0.035000 0.029524
3 0.083214 0.401429 0.030714 0.025714
3 0.071429 0.380952 0.030000 0.026667
3 0.054286 0.370952 0.024286 0.021905
3 0.046429 0.355714 0.028571 0.025714
3 0.006786 0.306190 0.013571 0.018095
7 0.116786 0.278095 0.005000 0.013333
7 0.043929 0.246190 0.005000 0.012381
7 0.038214 0.247619 0.005000 0.011429
4 0.033214 0.229524 0.012143 0.015238
4 0.083929 0.237619 0.030714 0.016190
3 0.057857 0.243333 0.011429 0.010476
3 0.047500 0.238571 0.007857 0.008571
