3 0.480000 0.391905 0.044286 0.039048
3 0.414286 0.445238 0.050000 0.044762
3 0.372500 0.354762 0.039286 0.031429
3 0.624286 0.310476 0.030000 0.026667
3 0.641429 0.256190 0.027143 0.020952
3 0.653214 0.228571 0.027857 0.017143
3 0.302143 0.382381 0.058571 0.025714
3 0.615714 0.343810 0.037143 0.030476
3 0.435714 0.313333 0.032857 0.020952
3 0.417857 0.310476 0.030000 0.026667
3 0.400357 0.308571 0.025000 0.024762
3 0.358214 0.347619 0.036429 0.026667
3 0.339643 0.345714 0.036429 0.026667
3 0.321786 0.342857 0.036429 0.026667
3 0.688571 0.259524 0.021429 0.020000
3 0.705714 0.240952 0.018571 0.017143
11 0.177500 0.392857 0.049286 0.040952
7 0.642500 0.561905 0.010714 0.030476
7 0.252500 0.422857 0.007857 0.024762
7 0.247857 0.427619 0.008571 0.024762
8 0.825714 0.640000 0.024286 0.034286
8 0.843571 0.648095 0.020000 0.027619
7 0.638929 0.548571 0.010714 0.030476
3 0.719643 0.951429 0.167857 0.095238
8 0.675714 0.675714 0.017143 0.035238
8 0.745000 0.775714 0.020000 0.040952
8 0.737857 0.753333 0.021429 0.043810
8 0.230714 0.434286 0.010000 0.020952
7 0.611786 0.227619 0.003571 0.013333
3 0.323571 0.368571 0.038571 0.024762
4 0.467500 0.292857 0.016429 0.018095
4 0.483929 0.284286 0.012143 0.016190
4 0.500357 0.276667 0.012143 0.014286
4 0.535357 0.255238 0.015000 0.011429
8 0.754286 0.295238 0.007143 0.013333
5 0.753929 0.300952 0.007857 0.015238
5 0.232857 0.440476 0.020000 0.021905
5 0.674286 0.678571 0.031429 0.031429
1 0.740357 0.786667 0.043571 0.032381
1 0.736071 0.762857 0.042143 0.043810
1 0.971071 0.848095 0.056429 0.039048
8 0.986071 0.848095 0.026429 0.035238
3 0.623929 0.215238 0.017857 0.015238
7 0.513929 0.300952 0.005000 0.017143
3 0.710714 0.213810 0.041429 0.025714
4 0.780000 0.193810 0.067143 0.061905
3 0.715000 0.257143 0.017143 0.017143
4 0.253929 0.541905 0.019286 0.043810
4 0.247500 0.485714 0.017857 0.038095
