3 0.023571 0.241751 0.024286 0.021574
2 0.099643 0.269670 0.070714 0.052030
2 0.025357 0.319797 0.036429 0.035533
2 0.013929 0.340102 0.027857 0.038071
2 0.122143 0.399746 0.057143 0.045685
2 0.143571 0.379442 0.035714 0.032995
2 0.247143 0.453680 0.070000 0.052030
2 0.294643 0.441624 0.035000 0.032995
11 0.013214 0.390228 0.023571 0.024112
11 0.095714 0.440355 0.020000 0.022843
11 0.168571 0.422589 0.022857 0.022843
11 0.243929 0.261421 0.012143 0.045685
7 0.027143 0.468909 0.005714 0.006345
7 0.042857 0.463832 0.005714 0.003807
7 0.043571 0.476523 0.007143 0.008883
7 0.067857 0.498096 0.007143 0.006345
7 0.068929 0.488579 0.005000 0.005076
3 0.045714 0.358503 0.024286 0.024112
3 0.066786 0.342005 0.023571 0.024112
3 0.079643 0.378173 0.023571 0.022843
3 0.109643 0.364848 0.025000 0.024112
3 0.149286 0.348350 0.025714 0.024112
3 0.199286 0.402919 0.027143 0.024112
3 0.197857 0.438452 0.024286 0.024112
3 0.227500 0.382614 0.025000 0.024112
3 0.253214 0.428934 0.025000 0.022843
7 0.258929 0.500635 0.005000 0.006345
11 0.174286 0.986675 0.015714 0.021574
3 0.157500 0.987310 0.012143 0.020305
11 0.155714 0.924492 0.018571 0.052030
3 0.112500 0.763959 0.015000 0.038071
3 0.127500 0.768401 0.016429 0.041878
3 0.140714 0.777919 0.020000 0.050761
3 0.162500 0.780457 0.017857 0.045685
11 0.219643 0.805203 0.019286 0.057107
11 0.300357 0.883249 0.025000 0.022843
2 0.206786 0.760787 0.037857 0.112944
2 0.380357 0.680203 0.062143 0.076142
3 0.305000 0.654188 0.025714 0.034264
3 0.343929 0.802665 0.019286 0.046954
3 0.347500 0.772208 0.015000 0.052030
3 0.304643 0.479061 0.025000 0.026650
3 0.328571 0.419416 0.027143 0.024112
3 0.346429 0.455584 0.025714 0.020305
3 0.340000 0.487310 0.025714 0.022843
3 0.373929 0.495558 0.026429 0.021574
3 0.399643 0.473350 0.026429 0.020305
3 0.425000 0.310914 0.025714 0.017766
3 0.407500 0.506345 0.026429 0.020305
3 0.439286 0.512690 0.024286 0.020305
3 0.479643 0.517766 0.026429 0.020305
3 0.519286 0.525381 0.027143 0.017766
7 0.487143 0.563452 0.002857 0.007614
7 0.515714 0.570431 0.002857 0.006345
11 0.560357 0.531726 0.026429 0.022843
11 0.860000 0.541878 0.032857 0.022843
3 0.729286 0.472716 0.031429 0.021574
3 0.741429 0.539975 0.030000 0.021574
3 0.801071 0.508249 0.029286 0.019036
11 0.689643 0.538706 0.027857 0.021574
3 0.606429 0.535533 0.027143 0.017766
3 0.643929 0.536168 0.027857 0.019036
2 0.798214 0.539975 0.047857 0.024112
3 0.720357 0.590102 0.015000 0.048223
3 0.741786 0.792513 0.012143 0.046954
3 0.728214 0.890863 0.012143 0.048223
10 0.755357 0.907995 0.019286 0.072335
2 0.582500 0.821701 0.047857 0.054569
2 0.467857 0.715736 0.042857 0.048223
2 0.485714 0.633249 0.052857 0.093909
2 0.503571 0.641497 0.041429 0.077411
2 0.512143 0.671320 0.052857 0.091371
2 0.532857 0.680203 0.052857 0.093909
2 0.553929 0.687817 0.053571 0.093909
2 0.570714 0.699873 0.055714 0.095178
2 0.594643 0.699239 0.033571 0.060914
2 0.600000 0.732868 0.052857 0.090102
2 0.621429 0.740482 0.052857 0.092640
2 0.638214 0.755711 0.052143 0.092640
2 0.649643 0.773477 0.036429 0.064721
2 0.899643 0.037437 0.035000 0.074873
2 0.883929 0.157360 0.023571 0.109137
7 0.873214 0.151015 0.005000 0.012690
11 0.946786 0.094543 0.013571 0.036802
10 0.937143 0.245558 0.024286 0.074873
3 0.955357 0.475254 0.029286 0.021574
11 0.966071 0.543147 0.032143 0.022843
3 0.964286 0.595812 0.011429 0.046954
11 0.958214 0.817893 0.015000 0.046954
10 0.988929 0.831218 0.020714 0.055838
7 0.582857 0.954949 0.002857 0.006345
7 0.587143 0.965102 0.002857 0.006345
7 0.578214 0.960660 0.002143 0.005076
7 0.582500 0.966371 0.002143 0.003807
