3 0.354286 0.784286 0.057143 0.153333
11 0.288571 0.914762 0.058571 0.143810
11 0.322500 0.617143 0.053571 0.146667
3 0.396786 0.320000 0.037857 0.091429
3 0.410714 0.168095 0.030000 0.067619
3 0.402143 0.112381 0.025714 0.060952
3 0.413929 0.058571 0.027857 0.063810
3 0.606071 0.487143 0.040714 0.098095
3 0.575000 0.221429 0.028571 0.063810
11 0.571071 0.152381 0.026429 0.057143
11 0.697857 0.206667 0.078571 0.047619
3 0.696429 0.243333 0.072857 0.054286
3 0.672857 0.442857 0.045714 0.108571
7 0.611071 0.111429 0.009286 0.032381
5 0.904643 0.948571 0.037857 0.068571
11 0.813214 0.912857 0.099286 0.166667
11 0.846786 0.784286 0.110714 0.080952
3 0.817500 0.713810 0.117857 0.071429
3 0.633214 0.775238 0.055000 0.148571
8 0.585357 0.837143 0.016429 0.026667
1 0.585000 0.842857 0.015714 0.059048
5 0.787500 0.478095 0.035000 0.024762
5 0.776786 0.446190 0.035000 0.031429
8 0.797500 0.365238 0.012143 0.021905
5 0.758214 0.424762 0.032143 0.032381
2 0.752143 0.376667 0.040000 0.048571
5 0.704286 0.157143 0.025714 0.028571
5 0.682500 0.150000 0.022143 0.020000
6 0.697500 0.122381 0.027857 0.023810
5 0.671429 0.048095 0.018571 0.021905
