3 0.129643 0.083756 0.005000 0.010152
3 0.139286 0.133249 0.014286 0.010152
10 0.051071 0.199873 0.030714 0.026650
2 0.018571 0.276015 0.037143 0.046954
3 0.109643 0.212563 0.016429 0.011421
7 0.120000 0.181472 0.002857 0.010152
11 0.322857 0.090736 0.014286 0.011421
3 0.340714 0.111041 0.008571 0.013959
3 0.206071 0.248096 0.013571 0.013959
3 0.173929 0.230330 0.015000 0.011421
7 0.318214 0.036168 0.000714 0.003807
3 0.247143 0.262056 0.015714 0.013959
3 0.279643 0.261421 0.016429 0.017766
11 0.226071 0.242386 0.016429 0.017766
7 0.157500 0.262056 0.002143 0.008883
7 0.163929 0.258883 0.002143 0.007614
7 0.148571 0.277284 0.002857 0.008883
7 0.137857 0.277919 0.004286 0.010152
7 0.143571 0.277919 0.002857 0.007614
7 0.168214 0.262690 0.002143 0.007614
7 0.170000 0.257614 0.001429 0.007614
7 0.146071 0.282995 0.002143 0.005076
7 0.094286 0.314721 0.004286 0.012690
3 0.132143 0.364848 0.015714 0.021574
3 0.135357 0.391497 0.016429 0.019036
3 0.123929 0.517766 0.023571 0.030457
3 0.114643 0.416878 0.019286 0.019036
3 0.074286 0.434010 0.017143 0.020305
3 0.095000 0.439721 0.018571 0.024112
2 0.095357 0.381980 0.045000 0.053299
2 0.136786 0.331853 0.043571 0.059645
3 0.147143 0.357234 0.014286 0.019036
3 0.165714 0.338832 0.011429 0.017766
3 0.156786 0.337563 0.015000 0.017766
10 0.158571 0.371193 0.028571 0.034264
10 0.182500 0.326777 0.026429 0.039340
3 0.315000 0.285533 0.017143 0.015228
3 0.324286 0.279188 0.015714 0.015228
3 0.325357 0.327411 0.015000 0.012690
3 0.323929 0.317259 0.016429 0.015228
3 0.336429 0.359772 0.017143 0.016497
7 0.081429 0.754442 0.004286 0.013959
7 0.079643 0.754442 0.003571 0.011421
3 0.038571 0.595812 0.028571 0.034264
11 0.131429 0.555203 0.022857 0.034264
11 0.307500 0.345812 0.016429 0.019036
10 0.313571 0.332487 0.025714 0.025381
3 0.347500 0.338198 0.017857 0.016497
3 0.344643 0.326777 0.016429 0.013959
3 0.360000 0.310279 0.017143 0.016497
3 0.380357 0.340102 0.017857 0.015228
3 0.491429 0.410533 0.018571 0.016497
11 0.420357 0.364848 0.019286 0.016497
10 0.454286 0.386421 0.028571 0.029188
11 0.404643 0.306472 0.017857 0.021574
3 0.457143 0.368655 0.017143 0.013959
3 0.520000 0.348985 0.020000 0.017766
10 0.534643 0.404188 0.032143 0.034264
3 0.553929 0.436548 0.022143 0.017766
3 0.603929 0.425127 0.020714 0.017766
2 0.627857 0.458122 0.030000 0.030457
3 0.690357 0.489213 0.019286 0.016497
2 0.772143 0.516497 0.035714 0.032995
3 0.703571 0.427665 0.021429 0.020305
3 0.713214 0.483503 0.019286 0.017766
3 0.894643 0.548858 0.025000 0.021574
3 0.935000 0.590736 0.027143 0.021574
11 0.792500 0.497462 0.022143 0.022843
11 0.977143 0.591371 0.028571 0.027919
11 0.862857 0.560279 0.027143 0.026650
3 0.400000 0.969543 0.032857 0.045685
3 0.442143 0.911802 0.028571 0.044416
3 0.056071 0.314086 0.010714 0.013959
3 0.375357 0.023477 0.010714 0.008883
3 0.381071 0.015863 0.010714 0.008883
3 0.385714 0.010787 0.008571 0.006345
3 0.389286 0.006345 0.007143 0.007614
2 0.426429 0.087563 0.012857 0.020305
2 0.474643 0.006345 0.010714 0.012690
7 0.355000 0.215736 0.001429 0.010152
7 0.344286 0.232868 0.002857 0.008883
7 0.339643 0.248096 0.002143 0.011421
7 0.334643 0.248096 0.002143 0.011421
7 0.388571 0.276015 0.004286 0.011421
7 0.362500 0.265228 0.002143 0.010152
7 0.421786 0.283629 0.002143 0.011421
7 0.519643 0.318528 0.002143 0.010152
7 0.602857 0.343909 0.002857 0.010152
7 0.655714 0.362944 0.002857 0.010152
7 0.660000 0.373731 0.002857 0.011421
7 0.691786 0.378807 0.003571 0.011421
7 0.857500 0.435914 0.003571 0.008883
7 0.924643 0.468274 0.003571 0.012690
