3 0.402140 0.975417 0.027662 0.045455
3 0.017745 0.328386 0.022965 0.022263
3 0.499217 0.522727 0.036013 0.026902
3 0.502349 0.707792 0.044363 0.035250
3 0.502349 0.677644 0.046451 0.032468
3 0.493476 0.762987 0.057933 0.043599
3 0.428758 0.494434 0.021399 0.044527
3 0.502871 0.474490 0.034969 0.026902
3 0.501827 0.456401 0.033925 0.024119
3 0.503914 0.413265 0.029749 0.030612
3 0.522965 0.360390 0.030271 0.023191
7 0.456159 0.446197 0.004175 0.018553
7 0.470511 0.431818 0.002610 0.012059
5 0.437109 0.438776 0.006785 0.020408
5 0.431367 0.439239 0.004697 0.023191
3 0.438935 0.320037 0.024008 0.016698
3 0.444415 0.261132 0.020355 0.015770
3 0.449113 0.241651 0.022443 0.013915
3 0.453288 0.222171 0.023486 0.013915
3 0.778967 0.408627 0.030793 0.028757
7 0.743737 0.383581 0.004175 0.019481
8 0.752871 0.374304 0.002610 0.013915
8 0.754175 0.374304 0.005219 0.010204
5 0.752088 0.378942 0.012526 0.013915
5 0.803758 0.361317 0.010438 0.010204
5 0.817589 0.362709 0.007829 0.012987
7 0.573330 0.845547 0.005741 0.030612
3 0.389614 0.889147 0.052714 0.039889
3 0.566023 0.111781 0.016180 0.012059
4 0.568894 0.136827 0.012526 0.021336
3 0.723121 0.038033 0.007829 0.011132
2 0.722860 0.019944 0.014614 0.023191
2 0.712944 0.012523 0.015658 0.023191
11 0.711639 0.116419 0.015136 0.015770
11 0.703027 0.104360 0.016701 0.012059
11 0.699896 0.098794 0.014614 0.012059
11 0.697547 0.089054 0.014092 0.011132
3 0.704593 0.109926 0.015658 0.010204
3 0.692589 0.086735 0.014614 0.010204
