3 0.084643 0.130076 0.006429 0.016497
3 0.088214 0.108503 0.006429 0.019036
3 0.280357 0.135152 0.007857 0.013959
2 0.299286 0.083122 0.011429 0.026650
7 0.087857 0.314721 0.004286 0.010152
3 0.188214 0.421954 0.022143 0.016497
11 0.162857 0.459391 0.018571 0.025381
11 0.023214 0.439086 0.025000 0.015228
10 0.026071 0.418782 0.030714 0.022843
3 0.025000 0.453680 0.025714 0.013959
3 0.102857 0.460660 0.020000 0.017766
3 0.114643 0.440355 0.023571 0.017766
2 0.091071 0.418147 0.033571 0.021574
2 0.158571 0.519036 0.018571 0.050761
2 0.091071 0.628807 0.043571 0.095178
11 0.090000 0.584391 0.020000 0.034264
11 0.061786 0.610406 0.025000 0.043147
3 0.071786 0.702411 0.020714 0.036802
3 0.040714 0.671320 0.021429 0.038071
3 0.025000 0.711294 0.020000 0.026650
3 0.039643 0.800761 0.023571 0.043147
3 0.056071 0.746193 0.019286 0.035533
10 0.027143 0.649746 0.054286 0.124365
10 0.028571 0.755711 0.055714 0.161168
7 0.161071 0.305838 0.003571 0.007614
10 0.296429 0.274112 0.017143 0.043147
10 0.256429 0.349619 0.020000 0.046954
2 0.273214 0.308376 0.016429 0.035533
3 0.274286 0.348350 0.012857 0.021574
7 0.367857 0.317259 0.001429 0.010152
7 0.347857 0.310914 0.002857 0.012690
7 0.350000 0.305203 0.004286 0.008883
3 0.346071 0.500000 0.022143 0.017766
11 0.325357 0.534898 0.027857 0.024112
7 0.378929 0.303299 0.003571 0.012690
7 0.351429 0.342005 0.002857 0.011421
7 0.395714 0.300127 0.002857 0.008883
7 0.373929 0.293147 0.002143 0.010152
3 0.460714 0.565990 0.021429 0.015228
3 0.466786 0.547589 0.020714 0.021574
3 0.540000 0.475888 0.022857 0.022843
3 0.560000 0.580584 0.027143 0.026650
10 0.623929 0.487944 0.053571 0.046954
10 0.631786 0.565355 0.039286 0.031726
7 0.685000 0.963198 0.004286 0.020305
3 0.790714 0.615482 0.030000 0.020305
10 0.717500 0.440355 0.032143 0.065990
3 0.815000 0.438452 0.014286 0.026650
11 0.844286 0.606599 0.018571 0.043147
11 0.725714 0.128807 0.005714 0.019036
3 0.680000 0.161168 0.012857 0.010152
3 0.681786 0.154822 0.007857 0.005076
3 0.679643 0.150381 0.015000 0.011421
3 0.680357 0.142132 0.010714 0.007614
3 0.680714 0.137690 0.010000 0.006345
3 0.681429 0.132614 0.011429 0.006345
3 0.681429 0.123096 0.012857 0.007614
3 0.682857 0.116751 0.011429 0.007614
3 0.683214 0.111041 0.012143 0.006345
3 0.683571 0.104061 0.010000 0.007614
3 0.684286 0.097081 0.010000 0.006345
3 0.681429 0.073604 0.011429 0.007614
3 0.682500 0.067259 0.010714 0.007614
3 0.682500 0.063452 0.012143 0.007614
3 0.705357 0.085025 0.005000 0.012690
10 0.781071 0.281091 0.017857 0.057107
2 0.828214 0.096447 0.012143 0.053299
11 0.891429 0.799492 0.025714 0.055838
