3 0.153929 0.700000 0.055000 0.097143
3 0.258214 0.653333 0.036429 0.074286
3 0.309286 0.611429 0.030000 0.066667
3 0.269643 0.573810 0.035000 0.063810
10 0.319643 0.511429 0.036429 0.074286
3 0.282500 0.486190 0.035000 0.056190
3 0.323571 0.446190 0.028571 0.040952
3 0.768214 0.923333 0.125000 0.092381
3 0.901429 0.890952 0.111429 0.090476
4 0.363929 0.120952 0.039286 0.083810
7 0.431786 0.321905 0.007857 0.026667
8 0.424286 0.378095 0.005714 0.013333
1 0.424286 0.384762 0.005714 0.013333
8 0.464286 0.823810 0.012857 0.036190
8 0.476071 0.776667 0.013571 0.035238
8 0.043929 0.841429 0.015000 0.023810
8 0.082143 0.760476 0.017143 0.027619
8 0.086071 0.728095 0.016429 0.027619
8 0.651071 0.758095 0.013571 0.020952
8 0.660357 0.790952 0.016429 0.033333
8 0.566786 0.753333 0.010714 0.022857
5 0.566429 0.764286 0.032857 0.016190
5 0.647500 0.766667 0.026429 0.015238
5 0.652143 0.796190 0.035714 0.019048
5 0.477500 0.778095 0.032143 0.036190
5 0.462143 0.830476 0.035714 0.026667
5 0.043571 0.844286 0.025714 0.027619
5 0.086071 0.769524 0.015000 0.043810
5 0.088571 0.741429 0.015714 0.020000
4 0.025357 0.802381 0.027857 0.048571
4 0.529286 0.792857 0.042857 0.039048
4 0.492500 0.856667 0.033571 0.039048
4 0.925000 0.779524 0.042857 0.027619
