7 0.023929 0.918147 0.012143 0.044416
7 0.040714 0.909898 0.010000 0.045685
7 0.042143 0.910533 0.010000 0.041878
7 0.048214 0.979695 0.010714 0.035533
7 0.062143 0.973985 0.011429 0.041878
7 0.056429 0.977157 0.011429 0.038071
7 0.056071 0.935914 0.010714 0.039340
7 0.063929 0.902284 0.010714 0.035533
7 0.069643 0.898477 0.012143 0.043147
7 0.078214 0.947335 0.012143 0.041878
7 0.088214 0.956853 0.012143 0.038071
7 0.087143 0.932107 0.017143 0.039340
7 0.157143 0.928299 0.014286 0.046954
7 0.155714 0.924492 0.010000 0.039340
7 0.201071 0.944797 0.007857 0.029188
7 0.179286 0.895305 0.012857 0.046954
7 0.194643 0.878173 0.009286 0.035533
7 0.207500 0.891497 0.007857 0.041878
7 0.211786 0.901650 0.005000 0.029188
7 0.230714 0.925761 0.008571 0.041878
6 0.233929 0.918782 0.009286 0.022843
5 0.329643 0.933376 0.015000 0.057107
8 0.330357 0.874365 0.012143 0.038071
7 0.225000 0.869924 0.010000 0.046954
7 0.232857 0.781726 0.011429 0.050761
7 0.223571 0.743020 0.008571 0.034264
7 0.245714 0.656726 0.007143 0.039340
7 0.257500 0.604061 0.007857 0.030457
7 0.256071 0.657995 0.009286 0.041878
7 0.258929 0.636421 0.007857 0.036802
7 0.263214 0.633883 0.007857 0.031726
7 0.272500 0.625000 0.005000 0.029188
7 0.275714 0.604695 0.005714 0.031726
7 0.281786 0.604695 0.006429 0.034264
7 0.266071 0.585660 0.007857 0.031726
7 0.241429 0.604695 0.007143 0.036802
7 0.281071 0.588198 0.007857 0.029188
7 0.292143 0.596447 0.007143 0.032995
7 0.295357 0.593274 0.006429 0.036802
7 0.303571 0.564086 0.005714 0.029188
7 0.284286 0.572970 0.007143 0.026650
7 0.289643 0.560279 0.006429 0.031726
7 0.282500 0.562183 0.007857 0.032995
7 0.265000 0.524746 0.005714 0.034264
7 0.258929 0.531726 0.005000 0.035533
7 0.295357 0.538071 0.007857 0.027919
7 0.293214 0.529822 0.006429 0.029188
7 0.322143 0.254442 0.004286 0.019036
7 0.297857 0.252538 0.004286 0.017766
7 0.294643 0.269670 0.003571 0.021574
7 0.255357 0.308376 0.005000 0.017766
7 0.235000 0.310279 0.004286 0.019036
7 0.322500 0.274112 0.005000 0.017766
7 0.273214 0.311548 0.006429 0.019036
7 0.287500 0.319797 0.006429 0.020305
7 0.293214 0.307107 0.003571 0.017766
7 0.296786 0.309010 0.003571 0.013959
7 0.302500 0.314721 0.007857 0.022843
7 0.311786 0.317259 0.006429 0.020305
7 0.312500 0.312183 0.005000 0.020305
7 0.319643 0.310914 0.005000 0.022843
7 0.279643 0.290609 0.003571 0.022843
7 0.283571 0.289340 0.004286 0.022843
7 0.308214 0.293147 0.003571 0.022843
7 0.313571 0.288706 0.004286 0.019036
7 0.329286 0.307741 0.005714 0.019036
7 0.328214 0.298858 0.003571 0.021574
7 0.328571 0.248096 0.002857 0.021574
7 0.335357 0.276015 0.003571 0.021574
7 0.332500 0.248731 0.003571 0.017766
7 0.341429 0.315355 0.004286 0.019036
7 0.333571 0.293782 0.002857 0.021574
7 0.339286 0.296320 0.002857 0.019036
7 0.339286 0.281726 0.004286 0.025381
7 0.343214 0.285533 0.003571 0.022843
7 0.344643 0.288071 0.005000 0.020305
7 0.347857 0.312817 0.004286 0.019036
7 0.352500 0.321066 0.003571 0.020305
7 0.350357 0.313452 0.003571 0.020305
7 0.350714 0.298858 0.004286 0.021574
7 0.351429 0.288706 0.004286 0.024112
7 0.353571 0.284264 0.004286 0.025381
7 0.356071 0.295051 0.003571 0.021574
7 0.358571 0.286802 0.005714 0.025381
7 0.358214 0.289975 0.006429 0.021574
7 0.365357 0.306472 0.005000 0.021574
7 0.367857 0.309645 0.002857 0.012690
7 0.362857 0.289340 0.004286 0.017766
7 0.369286 0.294416 0.005714 0.022843
7 0.373929 0.302030 0.005000 0.022843
7 0.388214 0.285533 0.003571 0.025381
7 0.395357 0.286168 0.003571 0.019036
7 0.406071 0.283629 0.005000 0.021574
7 0.420000 0.296954 0.005714 0.017766
7 0.420000 0.295051 0.004286 0.019036
7 0.539643 0.061548 0.002143 0.008883
2 0.514643 0.034898 0.043571 0.026650
11 0.496786 0.017766 0.006429 0.012690
3 0.506786 0.016497 0.005000 0.010152
3 0.502143 0.011421 0.004286 0.007614
3 0.500714 0.007614 0.005714 0.010152
3 0.559286 0.270305 0.014286 0.027919
7 0.577143 0.204949 0.002857 0.016497
7 0.576786 0.221447 0.002143 0.019036
7 0.583214 0.243020 0.003571 0.019036
7 0.587500 0.240482 0.002143 0.016497
7 0.591786 0.255711 0.003571 0.019036
7 0.588571 0.272843 0.004286 0.020305
3 0.630357 0.366117 0.035000 0.026650
7 0.648929 0.329949 0.005000 0.015228
7 0.649643 0.328046 0.005000 0.019036
7 0.676429 0.305838 0.004286 0.020305
7 0.650000 0.316624 0.004286 0.024112
7 0.626429 0.329315 0.005714 0.021574
7 0.606429 0.329315 0.002857 0.019036
7 0.577143 0.319797 0.004286 0.017766
7 0.592500 0.299492 0.002143 0.017766
7 0.604286 0.311548 0.002857 0.019036
7 0.630000 0.316624 0.007143 0.021574
7 0.637857 0.293782 0.002857 0.021574
7 0.636429 0.302665 0.005714 0.021574
7 0.636786 0.312183 0.003571 0.017766
7 0.639286 0.313452 0.007143 0.020305
3 0.432143 0.356599 0.037143 0.025381
11 0.456071 0.335660 0.035000 0.029188
7 0.484286 0.300761 0.004286 0.017766
7 0.487143 0.296954 0.005714 0.017766
7 0.491071 0.295051 0.005000 0.013959
7 0.494286 0.292513 0.008571 0.019036
7 0.368214 0.321066 0.002143 0.015228
7 0.368571 0.362310 0.004286 0.019036
3 0.326429 0.353426 0.040000 0.026650
3 0.325000 0.339467 0.037143 0.026650
3 0.441786 0.531726 0.020714 0.045685
3 0.477143 0.592005 0.022857 0.054569
11 0.475357 0.529822 0.020714 0.044416
7 0.652143 0.571066 0.007143 0.030457
7 0.564643 0.437183 0.007857 0.024112
7 0.516429 0.439721 0.007143 0.021574
7 0.510357 0.470812 0.006429 0.025381
7 0.483214 0.454949 0.003571 0.021574
7 0.503571 0.446701 0.004286 0.025381
7 0.566786 0.427665 0.005000 0.025381
7 0.567857 0.424492 0.007143 0.024112
7 0.616071 0.449239 0.005000 0.022843
7 0.587143 0.472716 0.007143 0.026650
7 0.597143 0.467640 0.005714 0.026650
7 0.595357 0.461929 0.005000 0.022843
7 0.572857 0.444162 0.004286 0.025381
7 0.574643 0.439721 0.006429 0.026650
7 0.574286 0.436548 0.007143 0.027919
7 0.578571 0.440355 0.004286 0.020305
7 0.581786 0.463198 0.003571 0.025381
7 0.588214 0.449239 0.005000 0.022843
7 0.625714 0.467640 0.005714 0.026650
7 0.620000 0.435279 0.005714 0.022843
7 0.619643 0.434010 0.007857 0.025381
7 0.623214 0.440355 0.005000 0.025381
7 0.630000 0.472716 0.005714 0.026650
7 0.628571 0.456218 0.005714 0.026650
7 0.633929 0.453680 0.005000 0.024112
7 0.640357 0.449239 0.005000 0.027919
7 0.400714 0.442259 0.004286 0.024112
7 0.396786 0.451777 0.005000 0.025381
8 0.384286 0.478426 0.007143 0.017766
7 0.347857 0.498731 0.004286 0.032995
7 0.355714 0.477792 0.007143 0.029188
7 0.317143 0.525381 0.005714 0.027919
7 0.303214 0.515863 0.006429 0.031726
7 0.288571 0.481599 0.004286 0.024112
7 0.296071 0.483503 0.005000 0.027919
7 0.301786 0.481599 0.003571 0.029188
7 0.301071 0.473985 0.006429 0.031726
7 0.310714 0.504442 0.004286 0.024112
7 0.315714 0.505711 0.007143 0.026650
7 0.305000 0.492386 0.005714 0.025381
7 0.311786 0.494289 0.005000 0.029188
7 0.321429 0.507614 0.004286 0.025381
7 0.326071 0.493655 0.005000 0.027919
7 0.306429 0.429569 0.004286 0.019036
7 0.309286 0.427665 0.007143 0.025381
7 0.315357 0.472716 0.005000 0.026650
7 0.319643 0.474619 0.005000 0.027919
7 0.328929 0.472716 0.003571 0.024112
7 0.323214 0.464467 0.005000 0.025381
7 0.318929 0.461294 0.006429 0.029188
7 0.318214 0.454949 0.006429 0.026650
7 0.328571 0.456853 0.004286 0.030457
7 0.333929 0.437183 0.005000 0.024112
7 0.325000 0.416878 0.005714 0.024112
6 0.320714 0.419416 0.007143 0.016497
7 0.309286 0.420685 0.005714 0.026650
7 0.302857 0.414340 0.004286 0.026650
7 0.309286 0.412437 0.005714 0.025381
7 0.308929 0.406726 0.006429 0.029188
7 0.328214 0.402284 0.005000 0.025381
7 0.333571 0.422589 0.005714 0.027919
7 0.338571 0.422589 0.005714 0.025381
7 0.347143 0.418147 0.004286 0.021574
7 0.340714 0.415609 0.004286 0.026650
7 0.332143 0.406091 0.004286 0.027919
7 0.370000 0.465736 0.004286 0.030457
8 0.370714 0.428934 0.004286 0.017766
7 0.381786 0.440355 0.005000 0.027919
7 0.387500 0.451777 0.005000 0.022843
7 0.375714 0.451142 0.005714 0.026650
7 0.370714 0.447970 0.005714 0.022843
