3 0.201071 0.661905 0.089286 0.198095
3 0.280714 0.433810 0.102857 0.132381
3 0.551786 0.899524 0.179286 0.189524
3 0.551429 0.737143 0.155714 0.160000
3 0.562500 0.487143 0.133571 0.105714
3 0.573214 0.378571 0.122143 0.088571
3 0.819643 0.898571 0.095000 0.200952
3 0.795000 0.432857 0.071429 0.151429
3 0.762143 0.197143 0.055714 0.129524
3 0.301429 0.343810 0.107143 0.120000
3 0.321429 0.254286 0.108571 0.120000
7 0.367143 0.348095 0.018571 0.052381
3 0.498929 0.119524 0.050714 0.103810
11 0.102500 0.482381 0.095000 0.202857
3 0.038929 0.499524 0.077857 0.183810
3 0.209643 0.274286 0.090714 0.135238
3 0.232143 0.086190 0.067143 0.128571
1 0.027857 0.290000 0.034286 0.061905
11 0.038571 0.212857 0.075714 0.122857
3 0.592500 0.104286 0.102143 0.082857
11 0.744643 0.050952 0.046429 0.101905
7 0.847143 0.018095 0.020000 0.036190
1 0.076786 0.141905 0.030714 0.051429
7 0.162857 0.050952 0.024286 0.056190
7 0.166071 0.033810 0.026429 0.056190
7 0.150000 0.060952 0.028571 0.045714
5 0.063929 0.154286 0.022143 0.036190
4 0.091429 0.078571 0.025714 0.044762
8 0.140357 0.049524 0.016429 0.043810
7 0.436071 0.243333 0.012143 0.035238
7 0.422857 0.152857 0.017143 0.033333
5 0.423214 0.172381 0.017857 0.049524
7 0.368929 0.060952 0.017857 0.051429
1 0.371786 0.067619 0.015000 0.047619
5 0.390357 0.016667 0.026429 0.033333
1 0.902857 0.147619 0.034286 0.024762
6 0.877500 0.038571 0.035000 0.035238
