3 0.377857 0.805714 0.040000 0.139048
3 0.387143 0.969524 0.047143 0.059048
3 0.384643 0.450000 0.056429 0.039048
3 0.258929 0.384286 0.025000 0.029524
3 0.200357 0.307143 0.020714 0.029524
0 0.047857 0.601429 0.070000 0.042857
8 0.058571 0.589524 0.017143 0.015238
8 0.307857 0.674762 0.011429 0.020000
5 0.307500 0.686667 0.022143 0.038095
3 0.257143 0.352857 0.020000 0.031429
3 0.235357 0.293333 0.017857 0.022857
3 0.232857 0.317619 0.018571 0.023810
3 0.263214 0.253333 0.016429 0.019048
3 0.236429 0.198571 0.015714 0.018095
3 0.215357 0.207619 0.020714 0.020952
3 0.253571 0.217619 0.014286 0.018095
3 0.270714 0.116667 0.007143 0.006667
3 0.261071 0.108571 0.007857 0.009524
3 0.268571 0.098571 0.007143 0.006667
3 0.270000 0.087143 0.005714 0.006667
3 0.274286 0.064762 0.005714 0.005714
3 0.279643 0.072381 0.005000 0.005714
3 0.282857 0.054286 0.004286 0.003810
3 0.280357 0.048095 0.005000 0.004762
3 0.282857 0.059524 0.004286 0.004762
3 0.277857 0.084286 0.005714 0.004762
3 0.271071 0.125714 0.006429 0.007619
2 0.262500 0.131905 0.013571 0.021905
3 0.309643 0.049048 0.003571 0.004762
3 0.305000 0.055238 0.004286 0.003810
3 0.311071 0.054286 0.003571 0.001905
4 0.305357 0.039048 0.006429 0.015238
4 0.286786 0.019524 0.005000 0.012381
4 0.301429 0.020000 0.002857 0.017143
4 0.283929 0.037143 0.006429 0.013333
3 0.262857 0.085714 0.005714 0.005714
3 0.268214 0.063333 0.003571 0.004762
3 0.273929 0.057619 0.003571 0.004762
3 0.319286 0.073333 0.004286 0.003810
5 0.246071 0.133333 0.003571 0.003810
5 0.253929 0.101905 0.002143 0.003810
5 0.258214 0.091429 0.002143 0.003810
3 0.268571 0.070000 0.002857 0.002857
8 0.245714 0.129524 0.001429 0.003810
8 0.254286 0.099524 0.001429 0.004762
8 0.257857 0.089524 0.001429 0.003810
3 0.209643 0.118095 0.006429 0.005714
7 0.232143 0.152381 0.001429 0.007619
11 0.317857 0.417619 0.047143 0.040952
5 0.471786 0.691905 0.015000 0.039048
5 0.497500 0.681429 0.010714 0.035238
8 0.473929 0.679524 0.007857 0.020000
8 0.496786 0.664286 0.006429 0.020000
11 0.544286 0.457143 0.052857 0.034286
3 0.647143 0.450476 0.060000 0.034286
3 0.666071 0.412857 0.049286 0.027619
3 0.598571 0.419048 0.050000 0.032381
3 0.613214 0.437143 0.046429 0.032381
7 0.609286 0.295714 0.001429 0.006667
7 0.666786 0.307143 0.003571 0.012381
7 0.642857 0.305238 0.002857 0.010476
7 0.698214 0.361429 0.003571 0.016190
7 0.703929 0.361429 0.003571 0.018095
3 0.741071 0.405238 0.053571 0.031429
3 0.865000 0.431905 0.064286 0.033333
3 0.956429 0.333810 0.040000 0.020000
3 0.900000 0.391905 0.050000 0.023810
