3 0.282500 0.783810 0.060714 0.142857
3 0.150000 0.597619 0.102857 0.063810
3 0.346786 0.505238 0.049286 0.107619
11 0.416071 0.368571 0.039286 0.089524
10 0.255357 0.276190 0.039286 0.102857
11 0.214286 0.360952 0.081429 0.059048
7 0.143929 0.211429 0.017857 0.028571
7 0.173929 0.208095 0.010714 0.025714
7 0.183571 0.204762 0.012857 0.028571
10 0.415000 0.210952 0.047143 0.119048
3 0.502857 0.171905 0.032857 0.079048
7 0.598214 0.232857 0.012143 0.033333
8 0.596786 0.120476 0.010714 0.020000
5 0.597500 0.130000 0.006429 0.021905
7 0.371071 0.402381 0.020714 0.033333
7 0.291786 0.420000 0.013571 0.038095
1 0.369286 0.408095 0.021429 0.031429
10 0.583214 0.361429 0.056429 0.126667
3 0.612500 0.616190 0.043571 0.110476
3 0.616429 0.489048 0.037143 0.092381
7 0.740000 0.438571 0.012857 0.031429
7 0.725714 0.327143 0.014286 0.035238
3 0.630357 0.014286 0.023571 0.028571
3 0.240714 0.934762 0.065714 0.128571
