7 0.617500 0.775238 0.032143 0.099048
7 0.591786 0.619524 0.020714 0.073333
7 0.571071 0.621429 0.019286 0.054286
7 0.594286 0.534286 0.018571 0.057143
7 0.653929 0.471905 0.016429 0.044762
7 0.632500 0.471429 0.013571 0.053333
7 0.616429 0.469048 0.014286 0.040952
7 0.723571 0.475714 0.014286 0.054286
3 0.730357 0.588571 0.062143 0.087619
3 0.564286 0.506190 0.088571 0.060000
3 0.693929 0.441429 0.057857 0.052381
7 0.658929 0.440952 0.012143 0.043810
7 0.553929 0.327143 0.005000 0.021905
7 0.560357 0.323810 0.006429 0.022857
7 0.569286 0.325714 0.007143 0.024762
3 0.511429 0.272381 0.034286 0.020952
3 0.548929 0.265714 0.013571 0.013333
8 0.565714 0.263810 0.004286 0.009524
3 0.569643 0.259048 0.013571 0.011429
4 0.651429 0.335714 0.070000 0.048571
5 0.053214 0.524286 0.040714 0.042857
7 0.552500 0.285714 0.006429 0.019048
7 0.546429 0.273810 0.004286 0.014286
1 0.565714 0.266667 0.007143 0.005714
7 0.572143 0.302381 0.005714 0.020000
