7 0.352500 0.836667 0.033571 0.094286
7 0.319286 0.848571 0.032857 0.072381
7 0.433571 0.726190 0.032857 0.082857
7 0.401429 0.290952 0.018571 0.044762
7 0.030714 0.395238 0.041429 0.064762
3 0.056786 0.661905 0.113571 0.152381
3 0.257500 0.221905 0.089286 0.053333
7 0.398214 0.196190 0.010714 0.038095
7 0.406071 0.196667 0.013571 0.037143
7 0.725357 0.407143 0.025000 0.061905
8 0.533929 0.597619 0.033571 0.054286
8 0.587143 0.605238 0.041429 0.044762
7 0.676429 0.380952 0.012857 0.053333
7 0.663214 0.284286 0.017857 0.054286
1 0.668571 0.387619 0.045714 0.036190
7 0.685000 0.176667 0.010000 0.031429
7 0.674286 0.166667 0.008571 0.036190
7 0.655357 0.178571 0.012143 0.035238
7 0.730714 0.092857 0.005714 0.025714
7 0.722143 0.097143 0.007143 0.022857
7 0.760357 0.067619 0.009286 0.022857
7 0.558214 0.144286 0.007857 0.033333
3 0.595000 0.099524 0.034286 0.029524
11 0.691071 0.042857 0.020714 0.022857
3 0.437857 0.166190 0.060000 0.035238
7 0.426071 0.201905 0.010714 0.041905
7 0.300357 0.117619 0.012143 0.031429
2 0.359286 0.123333 0.107143 0.079048
11 0.403929 0.134762 0.043571 0.039048
7 0.424643 0.073810 0.006429 0.020000
3 0.428929 0.110952 0.032143 0.031429
3 0.446429 0.116190 0.042857 0.032381
3 0.439286 0.137619 0.045714 0.031429
3 0.475714 0.122857 0.038571 0.034286
3 0.481429 0.101429 0.037143 0.027619
3 0.512500 0.107619 0.037857 0.034286
11 0.469286 0.090952 0.040000 0.033333
3 0.537857 0.090952 0.027143 0.027619
3 0.510000 0.089524 0.032857 0.028571
3 0.507857 0.076190 0.031429 0.028571
3 0.532143 0.065238 0.021429 0.023810
3 0.537857 0.076667 0.024286 0.021905
3 0.567857 0.078571 0.028571 0.025714
3 0.561071 0.067143 0.025000 0.021905
3 0.550357 0.059048 0.019286 0.019048
3 0.579643 0.057143 0.017857 0.019048
3 0.588214 0.067619 0.020714 0.020952
3 0.601071 0.060000 0.025000 0.019048
3 0.584643 0.043810 0.019286 0.019048
3 0.566786 0.046667 0.023571 0.020952
3 0.638571 0.042381 0.018571 0.016190
3 0.619286 0.040952 0.017143 0.017143
11 0.630000 0.030476 0.017143 0.015238
3 0.650714 0.036190 0.020000 0.013333
3 0.659286 0.030476 0.014286 0.017143
3 0.670357 0.026667 0.013571 0.015238
3 0.683929 0.020000 0.013571 0.013333
3 0.691429 0.015238 0.012857 0.015238
3 0.697143 0.009048 0.011429 0.014286
11 0.709286 0.006190 0.014286 0.012381
3 0.683929 0.009048 0.013571 0.014286
3 0.668929 0.016667 0.012143 0.012381
3 0.656071 0.020000 0.012143 0.013333
3 0.645000 0.029048 0.014286 0.012381
3 0.633214 0.022857 0.015000 0.017143
3 0.644286 0.017619 0.014286 0.014286
2 0.662143 0.008571 0.035714 0.017143
2 0.607143 0.024286 0.041429 0.033333
10 0.503571 0.035714 0.050000 0.031429
10 0.578571 0.009524 0.025714 0.019048
7 0.520000 0.062857 0.004286 0.017143
8 0.495357 0.072381 0.006429 0.020952
5 0.495357 0.074762 0.013571 0.010476
11 0.674643 0.105238 0.046429 0.035238
3 0.701786 0.094286 0.039286 0.028571
8 0.728929 0.051905 0.005000 0.014286
8 0.707857 0.058095 0.004286 0.013333
1 0.707857 0.063810 0.011429 0.011429
1 0.729286 0.058095 0.010000 0.013333
1 0.773571 0.018571 0.005714 0.008571
1 0.780000 0.022381 0.004286 0.008571
1 0.807143 0.020000 0.005714 0.007619
7 0.820000 0.019048 0.005714 0.013333
8 0.807857 0.014762 0.005714 0.008571
8 0.780357 0.018571 0.005000 0.012381
8 0.773214 0.013333 0.005000 0.011429
3 0.861071 0.058095 0.042143 0.020952
3 0.866071 0.046190 0.035000 0.014286
3 0.872143 0.040952 0.034286 0.013333
3 0.874643 0.038571 0.037857 0.018095
3 0.867143 0.080000 0.051429 0.019048
3 0.857857 0.090000 0.054286 0.020000
3 0.868571 0.096667 0.060000 0.025714
3 0.866786 0.108571 0.060714 0.028571
7 0.818929 0.044286 0.006429 0.020000
8 0.376429 0.313810 0.018571 0.050476
1 0.375714 0.323810 0.018571 0.041905
