5 0.643214 0.986190 0.049286 0.025714
5 0.706429 0.762381 0.042857 0.027619
8 0.707500 0.764762 0.012143 0.036190
5 0.025357 0.353810 0.017857 0.023810
5 0.017143 0.411429 0.015714 0.030476
5 0.063571 0.400952 0.017143 0.032381
5 0.076071 0.399048 0.013571 0.034286
5 0.086429 0.399524 0.018571 0.035238
5 0.098214 0.399048 0.015000 0.034286
5 0.162500 0.382381 0.016429 0.040952
5 0.174643 0.294762 0.012143 0.039048
5 0.257500 0.380000 0.009286 0.034286
5 0.268929 0.380000 0.010714 0.034286
5 0.280000 0.377619 0.010000 0.033333
5 0.289643 0.376190 0.006429 0.032381
5 0.304643 0.264762 0.026429 0.020952
5 0.299286 0.377619 0.007143 0.031429
5 0.308929 0.373810 0.007857 0.035238
5 0.318571 0.371905 0.007143 0.033333
5 0.329643 0.373333 0.009286 0.032381
5 0.339643 0.374286 0.006429 0.032381
5 0.348214 0.371905 0.006429 0.031429
5 0.357500 0.371429 0.009286 0.028571
5 0.405000 0.359524 0.010000 0.037143
5 0.358929 0.301905 0.009286 0.041905
5 0.349286 0.303810 0.011429 0.045714
5 0.337857 0.303810 0.010000 0.045714
5 0.325714 0.305714 0.011429 0.043810
5 0.315357 0.306667 0.010714 0.041905
5 0.304643 0.309048 0.010714 0.044762
5 0.294286 0.310476 0.011429 0.043810
5 0.282143 0.312381 0.012857 0.047619
5 0.271071 0.311429 0.012143 0.043810
5 0.288571 0.416667 0.011429 0.042857
5 0.301071 0.410952 0.009286 0.040952
5 0.315714 0.414762 0.010000 0.044762
5 0.326429 0.405714 0.010000 0.040000
5 0.339286 0.409048 0.010000 0.044762
5 0.356071 0.406190 0.015000 0.040952
5 0.423571 0.398095 0.011429 0.036190
5 0.440000 0.352381 0.010000 0.036190
5 0.452500 0.350476 0.007857 0.038095
5 0.410357 0.295238 0.009286 0.038095
5 0.420000 0.292381 0.008571 0.034286
5 0.429643 0.291905 0.007857 0.031429
5 0.436429 0.290476 0.008571 0.034286
5 0.472500 0.345238 0.009286 0.037143
5 0.483214 0.347143 0.009286 0.037143
5 0.494643 0.338571 0.012143 0.046667
5 0.507857 0.346190 0.011429 0.031429
5 0.521786 0.339524 0.009286 0.048571
5 0.545000 0.337619 0.010000 0.039048
11 0.482143 0.385714 0.065714 0.051429
5 0.664286 0.312857 0.014286 0.046667
5 0.699286 0.315714 0.021429 0.035238
5 0.687857 0.232857 0.012857 0.035238
5 0.735357 0.306190 0.016429 0.044762
5 0.751786 0.306667 0.016429 0.038095
3 0.675714 0.363333 0.081429 0.046667
10 0.795714 0.344286 0.088571 0.046667
3 0.756429 0.420476 0.087143 0.058095
5 0.829286 0.210476 0.017143 0.026667
5 0.840714 0.207619 0.015714 0.028571
5 0.852857 0.203810 0.014286 0.026667
5 0.838214 0.244286 0.015000 0.040952
5 0.850714 0.244762 0.015714 0.040000
5 0.935714 0.235714 0.012857 0.031429
5 0.927143 0.235238 0.014286 0.036190
5 0.856429 0.292381 0.014286 0.041905
5 0.869643 0.291905 0.013571 0.044762
5 0.880357 0.290952 0.013571 0.040952
5 0.892500 0.291429 0.013571 0.041905
5 0.905714 0.289048 0.012857 0.039048
5 0.942500 0.282381 0.013571 0.039048
7 0.932857 0.270476 0.015714 0.026667
5 0.981786 0.272857 0.019286 0.037143
5 0.958214 0.321905 0.016429 0.038095
5 0.969643 0.323810 0.016429 0.038095
5 0.862857 0.332857 0.024286 0.044762
3 0.126786 0.434762 0.097857 0.054286
3 0.042857 0.451429 0.071429 0.053333
