3 0.240714 0.948095 0.030000 0.033333
3 0.296786 0.860952 0.022143 0.022857
3 0.327500 0.850476 0.019286 0.020952
7 0.446071 0.821429 0.003571 0.012381
2 0.476786 0.683810 0.015000 0.022857
3 0.082857 0.727143 0.020000 0.010476
3 0.201071 0.751429 0.019286 0.013333
3 0.364286 0.702857 0.010000 0.011429
3 0.373929 0.704762 0.010714 0.011429
3 0.383214 0.705714 0.010714 0.011429
3 0.395000 0.707143 0.010000 0.012381
3 0.405714 0.697619 0.008571 0.010476
3 0.416429 0.686667 0.008571 0.009524
3 0.425714 0.677143 0.010000 0.009524
3 0.436786 0.661429 0.007857 0.008571
3 0.372500 0.694762 0.010714 0.010476
11 0.383214 0.693333 0.010714 0.013333
3 0.381786 0.687619 0.009286 0.009524
3 0.394643 0.686667 0.009286 0.009524
3 0.396071 0.695238 0.012143 0.011429
3 0.403214 0.687619 0.007857 0.009524
3 0.403929 0.678095 0.007857 0.009524
3 0.410357 0.680952 0.007857 0.011429
3 0.411786 0.672381 0.007857 0.009524
3 0.401786 0.670000 0.007857 0.008571
3 0.420714 0.662857 0.008571 0.009524
3 0.422143 0.672381 0.008571 0.011429
3 0.427500 0.666667 0.007857 0.009524
3 0.431071 0.657143 0.007857 0.007619
3 0.442857 0.654762 0.008571 0.008571
3 0.459643 0.640476 0.006429 0.008571
3 0.473571 0.636190 0.007143 0.007619
3 0.485357 0.622857 0.006429 0.005714
3 0.498214 0.607619 0.006429 0.005714
3 0.497857 0.658095 0.007143 0.009524
3 0.518929 0.597143 0.005000 0.005714
4 0.593929 0.560476 0.046429 0.023810
