7 0.296071 0.786190 0.007857 0.035238
7 0.323571 0.783810 0.007143 0.026667
7 0.333929 0.776190 0.010714 0.036190
7 0.212143 0.685238 0.005714 0.023810
7 0.240000 0.624762 0.004286 0.015238
7 0.279286 0.601905 0.002857 0.013333
7 0.301429 0.597619 0.002857 0.014286
7 0.370357 0.575238 0.003571 0.011429
7 0.513571 0.560476 0.001429 0.006667
7 0.548929 0.587143 0.002143 0.008571
8 0.535000 0.563810 0.001429 0.003810
7 0.414643 0.565714 0.000714 0.007619
3 0.455714 0.548095 0.010000 0.004762
3 0.460357 0.580952 0.016429 0.007619
3 0.448214 0.590952 0.016429 0.008571
3 0.407500 0.589524 0.015000 0.007619
3 0.380000 0.589048 0.020000 0.008571
3 0.423571 0.571429 0.007143 0.007619
3 0.417143 0.565714 0.012857 0.005714
3 0.418571 0.563333 0.011429 0.004762
3 0.419643 0.562381 0.012143 0.006667
11 0.423214 0.560476 0.017857 0.010476
3 0.445000 0.579048 0.012857 0.005714
3 0.445714 0.576667 0.012857 0.006667
3 0.451429 0.574286 0.012857 0.007619
3 0.452857 0.570476 0.012857 0.007619
3 0.454286 0.567143 0.012857 0.006667
3 0.458571 0.565714 0.012857 0.007619
3 0.460000 0.560000 0.012857 0.007619
3 0.458929 0.561429 0.013571 0.006667
3 0.459286 0.559048 0.012857 0.007619
3 0.461786 0.557143 0.013571 0.007619
3 0.463571 0.555714 0.012857 0.006667
3 0.462857 0.552857 0.012857 0.006667
3 0.466071 0.551905 0.013571 0.006667
3 0.468929 0.578571 0.013571 0.006667
3 0.468929 0.576667 0.013571 0.006667
3 0.471071 0.575714 0.013571 0.006667
3 0.470357 0.573333 0.013571 0.007619
3 0.471071 0.568571 0.013571 0.007619
3 0.476429 0.566190 0.012857 0.006667
3 0.472857 0.566190 0.012857 0.006667
3 0.476429 0.561429 0.012857 0.006667
3 0.479286 0.555238 0.012857 0.007619
3 0.478571 0.556667 0.012857 0.006667
3 0.482143 0.550000 0.004286 0.004762
4 0.472500 0.525714 0.033571 0.032381
3 0.494643 0.548095 0.003571 0.004762
3 0.492857 0.544762 0.004286 0.003810
3 0.509286 0.552381 0.004286 0.003810
3 0.517500 0.545714 0.003571 0.003810
3 0.508214 0.532857 0.002143 0.002857
3 0.501071 0.533333 0.002143 0.001905
3 0.515000 0.531905 0.001429 0.002857
4 0.502857 0.521429 0.020000 0.016190
2 0.523929 0.525238 0.002143 0.002857
3 0.532500 0.540952 0.005000 0.001905
3 0.531429 0.544286 0.010000 0.004762
3 0.537143 0.554286 0.010000 0.003810
3 0.546429 0.560476 0.012857 0.004762
3 0.544286 0.552857 0.008571 0.004762
0 0.535357 0.566667 0.003571 0.005714
11 0.547857 0.568095 0.012857 0.006667
3 0.544286 0.588571 0.007143 0.007619
3 0.496786 0.569048 0.005000 0.006667
3 0.521429 0.574762 0.005714 0.006667
11 0.529286 0.580476 0.005714 0.008571
3 0.509643 0.574286 0.006429 0.007619
3 0.497857 0.580952 0.005714 0.007619
3 0.507500 0.580952 0.007857 0.007619
3 0.509286 0.585238 0.007143 0.006667
3 0.495000 0.587143 0.007143 0.008571
3 0.497857 0.591429 0.007143 0.009524
3 0.493929 0.597619 0.007857 0.008571
3 0.497143 0.604762 0.008571 0.011429
3 0.493571 0.610476 0.008571 0.011429
3 0.497143 0.617619 0.008571 0.010476
3 0.496429 0.624286 0.011429 0.014286
3 0.495357 0.635238 0.012143 0.013333
3 0.511786 0.594286 0.010714 0.013333
10 0.510000 0.596190 0.010000 0.017143
3 0.508214 0.608571 0.007857 0.009524
3 0.512500 0.612381 0.009286 0.011429
3 0.513929 0.619524 0.010714 0.008571
3 0.515000 0.626667 0.012857 0.015238
3 0.516071 0.640000 0.012143 0.013333
3 0.495000 0.649048 0.014286 0.021905
3 0.517143 0.654762 0.012857 0.018095
3 0.516429 0.668095 0.012857 0.020000
3 0.475714 0.661429 0.012857 0.021905
3 0.492857 0.660952 0.014286 0.024762
3 0.467857 0.686667 0.020000 0.024762
3 0.524643 0.588095 0.006429 0.008571
3 0.530714 0.598571 0.008571 0.010476
3 0.547143 0.621429 0.012857 0.012381
3 0.540714 0.634762 0.012857 0.018095
3 0.550357 0.666667 0.015000 0.019048
3 0.550357 0.690000 0.022143 0.023810
3 0.502857 0.720000 0.038571 0.026667
3 0.425714 0.711429 0.045714 0.026667
11 0.425000 0.744762 0.048571 0.036190
3 0.411071 0.630952 0.026429 0.014286
3 0.395000 0.636190 0.028571 0.011429
3 0.391429 0.625238 0.011429 0.012381
3 0.374643 0.625238 0.016429 0.016190
3 0.354643 0.625238 0.017857 0.014286
3 0.332500 0.624286 0.017857 0.014286
3 0.381429 0.646190 0.032857 0.014286
3 0.373571 0.652857 0.038571 0.016190
3 0.346786 0.642857 0.017857 0.015238
3 0.327500 0.644286 0.019286 0.014286
7 0.315000 0.643333 0.004286 0.020000
7 0.308214 0.643333 0.005000 0.018095
7 0.302143 0.643333 0.002857 0.016190
3 0.313214 0.640476 0.017857 0.014286
3 0.292143 0.642381 0.020000 0.018095
3 0.270714 0.639524 0.021429 0.018095
3 0.315714 0.623333 0.017143 0.014286
3 0.297500 0.622381 0.016429 0.012381
3 0.280714 0.621429 0.017143 0.014286
3 0.260714 0.622857 0.020000 0.013333
10 0.301786 0.581905 0.027857 0.015238
3 0.270357 0.597143 0.016429 0.013333
3 0.248214 0.584762 0.022143 0.009524
3 0.254286 0.588571 0.018571 0.007619
3 0.246786 0.590000 0.020714 0.010476
3 0.241786 0.594286 0.015000 0.009524
3 0.230357 0.593810 0.016429 0.008571
3 0.225714 0.597143 0.017143 0.011429
3 0.216071 0.600476 0.016429 0.010476
3 0.204286 0.604286 0.018571 0.010476
3 0.194286 0.605238 0.017143 0.014286
3 0.207500 0.628095 0.023571 0.012381
3 0.192143 0.630952 0.027143 0.014286
3 0.177857 0.638571 0.030000 0.014286
3 0.167857 0.641905 0.025714 0.017143
3 0.180000 0.677143 0.028571 0.019048
3 0.150714 0.675238 0.032857 0.024762
3 0.058214 0.671429 0.035000 0.026667
3 0.038571 0.670000 0.042857 0.027619
3 0.016071 0.670952 0.032143 0.020000
3 0.178214 0.789048 0.072143 0.040952
3 0.169643 0.814762 0.066429 0.029524
3 0.524286 0.933333 0.072857 0.091429
3 0.628929 0.839524 0.066429 0.046667
3 0.736071 0.793333 0.060714 0.040000
3 0.879286 0.786667 0.071429 0.038095
3 0.827857 0.764286 0.064286 0.031429
3 0.799643 0.746190 0.060714 0.027619
3 0.875000 0.748095 0.061429 0.027619
3 0.911071 0.765714 0.065000 0.032381
3 0.970357 0.748571 0.057857 0.024762
3 0.978929 0.768095 0.040714 0.033333
3 0.577857 0.559048 0.008571 0.005714
