2 0.065000 0.400476 0.127143 0.134286
3 0.896786 0.480000 0.040714 0.060952
3 0.802143 0.458095 0.034286 0.057143
3 0.647143 0.398571 0.042857 0.048571
3 0.428929 0.340000 0.050714 0.041905
6 0.315357 0.287619 0.066429 0.081905
11 0.356429 0.252857 0.041429 0.027619
2 0.275357 0.277143 0.062143 0.059048
3 0.225000 0.270476 0.042857 0.032381
10 0.296786 0.229524 0.132143 0.080000
3 0.115714 0.240000 0.045714 0.028571
4 0.053571 0.246667 0.035714 0.043810
5 0.633214 0.712857 0.047857 0.048571
8 0.632500 0.710476 0.017857 0.032381
5 0.503214 0.570952 0.019286 0.042857
5 0.368929 0.503810 0.017857 0.041905
7 0.370714 0.499524 0.014286 0.025714
7 0.507143 0.570000 0.010000 0.035238
5 0.186071 0.521429 0.030714 0.031429
5 0.222857 0.483333 0.024286 0.033333
8 0.220714 0.483333 0.011429 0.031429
8 0.183929 0.519048 0.012143 0.026667
