3 0.497912 0.803803 0.022965 0.078850
3 0.491649 0.724954 0.022965 0.073284
3 0.465814 0.735622 0.020355 0.072356
11 0.434760 0.738404 0.022965 0.077922
3 0.407881 0.742579 0.021399 0.069573
1 0.387526 0.793599 0.007829 0.028757
5 0.381002 0.790353 0.007307 0.035250
10 0.478862 0.552876 0.027662 0.094620
3 0.453027 0.515306 0.018789 0.047310
3 0.473382 0.499536 0.012526 0.034323
3 0.467902 0.461967 0.022443 0.044527
3 0.449896 0.465677 0.015658 0.044527
11 0.446503 0.418831 0.015136 0.047310
10 0.467119 0.410019 0.020877 0.059369
11 0.463727 0.366883 0.013048 0.036178
3 0.456420 0.318646 0.014092 0.034323
3 0.454593 0.268553 0.013570 0.032468
3 0.613779 0.267625 0.016701 0.026902
3 0.632829 0.264378 0.017223 0.025974
3 0.652662 0.262523 0.019311 0.035250
3 0.746347 0.476809 0.029228 0.044527
11 0.848121 0.263451 0.021921 0.029685
3 0.835334 0.271336 0.023486 0.030612
3 0.788361 0.238404 0.029749 0.025974
11 0.730167 0.243970 0.025052 0.025974
10 0.741649 0.320037 0.037578 0.066790
10 0.728601 0.221243 0.053236 0.043599
11 0.727818 0.196197 0.025574 0.026902
11 0.734081 0.185065 0.021399 0.019481
11 0.747651 0.180427 0.021399 0.023191
11 0.783664 0.166976 0.021399 0.031540
3 0.796451 0.202690 0.027140 0.021336
10 0.854906 0.095083 0.046973 0.030612
10 0.804541 0.100649 0.041232 0.021336
10 0.701722 0.106679 0.030793 0.022263
7 0.659447 0.116419 0.004697 0.013915
11 0.657098 0.109926 0.018789 0.019481
10 0.623434 0.108534 0.028706 0.024119
3 0.539927 0.114564 0.022443 0.015770
10 0.550887 0.093692 0.027662 0.025974
10 0.579332 0.103432 0.029228 0.026902
6 0.500000 0.072820 0.012526 0.019481
8 0.447286 0.092764 0.002088 0.011132
5 0.446764 0.096939 0.006263 0.010204
5 0.441284 0.234694 0.008873 0.009276
8 0.441545 0.230056 0.003132 0.014842
7 0.398486 0.129406 0.003653 0.015770
11 0.441806 0.076067 0.010960 0.027829
7 0.455115 0.033395 0.003132 0.009276
7 0.424322 0.058905 0.003132 0.012059
3 0.397182 0.084879 0.015658 0.017625
3 0.404749 0.078850 0.018267 0.016698
3 0.409186 0.072356 0.014614 0.012987
3 0.413883 0.067254 0.015658 0.013915
7 0.388048 0.141466 0.004697 0.015770
3 0.370042 0.156772 0.021921 0.018553
3 0.362213 0.172078 0.020877 0.017625
0 0.360647 0.205009 0.017745 0.022263
7 0.376305 0.301948 0.003132 0.015770
4 0.414927 0.339518 0.015658 0.107607
10 0.430585 0.320037 0.014614 0.050093
4 0.371347 0.367811 0.013048 0.102968
3 0.383351 0.448980 0.036013 0.025974
3 0.382568 0.467996 0.034447 0.019481
11 0.386482 0.490260 0.037056 0.032468
3 0.383612 0.520408 0.036534 0.025974
3 0.386221 0.541280 0.038622 0.019481
10 0.385960 0.565863 0.055846 0.057514
3 0.602035 0.008349 0.007829 0.012987
