3 0.885000 0.681429 0.068571 0.084762
8 0.963571 0.633810 0.012857 0.020000
10 0.876786 0.878571 0.245000 0.240952
11 0.683214 0.772381 0.107857 0.127619
3 0.536786 0.653810 0.080714 0.084762
3 0.787500 0.611429 0.056429 0.062857
3 0.375000 0.502381 0.054286 0.048571
7 0.388929 0.487143 0.007857 0.027619
7 0.404286 0.492857 0.008571 0.027619
7 0.417500 0.497619 0.012143 0.029524
3 0.294643 0.434762 0.040714 0.033333
3 0.263214 0.407619 0.032143 0.030476
3 0.292143 0.381429 0.035714 0.025714
11 0.235357 0.381905 0.032143 0.036190
3 0.208929 0.362381 0.029286 0.027619
3 0.192143 0.342381 0.025714 0.025714
7 0.208214 0.303810 0.005000 0.019048
7 0.197857 0.316190 0.005714 0.017143
7 0.174643 0.300952 0.003571 0.005714
7 0.097143 0.284762 0.004286 0.009524
7 0.094286 0.282857 0.002857 0.011429
7 0.090714 0.282381 0.002857 0.010476
10 0.275357 0.221429 0.015000 0.018095
11 0.007500 0.229524 0.013571 0.013333
