3 0.430000 0.269036 0.008571 0.017766
3 0.461071 0.211929 0.009286 0.020305
11 0.482143 0.291878 0.010000 0.025381
6 0.635000 0.020939 0.015714 0.041878
5 0.976786 0.062183 0.005000 0.007614
5 0.960714 0.052665 0.004286 0.008883
5 0.952857 0.047589 0.002857 0.008883
5 0.933929 0.036802 0.002143 0.010152
4 0.911071 0.024112 0.006429 0.007614
4 0.898214 0.013959 0.006429 0.012690
7 0.887143 0.003807 0.004286 0.007614
4 0.905000 0.016497 0.004286 0.007614
4 0.942500 0.041244 0.007857 0.011421
7 0.992857 0.068528 0.001429 0.007614
7 0.988214 0.070431 0.002143 0.008883
7 0.995357 0.074239 0.000714 0.006345
7 0.966071 0.054569 0.002143 0.012690
7 0.769286 0.680203 0.001429 0.007614
7 0.780000 0.670051 0.002857 0.010152
7 0.812857 0.675127 0.001429 0.005076
7 0.727500 0.727792 0.003571 0.008883
7 0.715000 0.750635 0.001429 0.006345
7 0.701071 0.775381 0.002143 0.010152
7 0.713929 0.740482 0.002143 0.011421
7 0.716429 0.745558 0.001429 0.008883
7 0.770714 0.683376 0.001429 0.008883
7 0.793571 0.668147 0.001429 0.006345
7 0.802857 0.665609 0.002857 0.006345
7 0.789643 0.663071 0.002143 0.008883
10 0.558571 0.831853 0.018571 0.077411
10 0.476786 0.861041 0.010714 0.067259
3 0.480357 0.677030 0.010714 0.036802
3 0.539643 0.646574 0.012143 0.034264
7 0.627500 0.405457 0.003571 0.008883
3 0.538214 0.514594 0.010714 0.026650
7 0.198214 0.170685 0.003571 0.006345
7 0.199286 0.160533 0.001429 0.003807
