3 0.478750 0.465000 0.063500 0.132667
3 0.343500 0.310000 0.053000 0.084000
11 0.453500 0.313667 0.046000 0.094000
3 0.422000 0.274667 0.065000 0.045333
11 0.415750 0.217333 0.024500 0.053333
11 0.775000 0.287333 0.079000 0.076000
11 0.918500 0.261333 0.087000 0.066667
11 0.939500 0.249333 0.078000 0.068000
11 0.895500 0.225667 0.065000 0.048667
3 0.202750 0.155333 0.028500 0.024000
3 0.217000 0.141000 0.027000 0.027333
3 0.235250 0.128333 0.023500 0.020667
3 0.248750 0.112667 0.021500 0.024000
11 0.257750 0.103000 0.016500 0.022000
11 0.164750 0.137333 0.023500 0.029333
3 0.164250 0.166667 0.044500 0.028000
3 0.155000 0.151000 0.028000 0.023333
3 0.266750 0.098333 0.017500 0.016667
3 0.232000 0.172000 0.023000 0.036000
3 0.274500 0.090000 0.016000 0.018667
3 0.281750 0.084000 0.014500 0.014667
11 0.296250 0.123000 0.020500 0.023333
11 0.273500 0.144000 0.023000 0.025333
3 0.249750 0.194000 0.043500 0.036000
11 0.257750 0.218667 0.045500 0.044000
7 0.227750 0.226333 0.006500 0.020667
7 0.222000 0.219667 0.010000 0.032667
7 0.195750 0.225667 0.011500 0.030000
7 0.324250 0.238667 0.010500 0.033333
7 0.338750 0.224667 0.010500 0.033333
7 0.349000 0.227333 0.009000 0.026667
7 0.234500 0.267333 0.018000 0.028000
8 0.230750 0.284667 0.014500 0.029333
7 0.497000 0.280333 0.011000 0.043333
7 0.463250 0.242667 0.010500 0.038667
7 0.372750 0.237000 0.009500 0.034000
7 0.371250 0.324667 0.011500 0.053333
7 0.382500 0.228667 0.011000 0.034667
7 0.361750 0.199667 0.006500 0.030000
7 0.366500 0.200333 0.005000 0.024667
7 0.369250 0.193667 0.006500 0.030000
5 0.367750 0.239000 0.025500 0.019333
8 0.385000 0.191667 0.009000 0.020667
8 0.395000 0.189000 0.009000 0.016667
7 0.406000 0.233000 0.007000 0.038000
7 0.381500 0.319000 0.011000 0.047333
7 0.393250 0.320667 0.009500 0.034667
7 0.399500 0.316667 0.013000 0.046667
7 0.413750 0.310333 0.010500 0.047333
7 0.431750 0.243667 0.007500 0.027333
7 0.434000 0.225333 0.008000 0.030667
7 0.440750 0.239000 0.007500 0.032667
7 0.447250 0.245667 0.008500 0.035333
7 0.459000 0.223667 0.010000 0.032667
8 0.444250 0.232333 0.007500 0.023333
7 0.477500 0.238000 0.010000 0.033333
5 0.478250 0.243667 0.026500 0.023333
8 0.479250 0.228667 0.009500 0.021333
7 0.514750 0.288000 0.009500 0.045333
7 0.504000 0.222333 0.009000 0.027333
7 0.506000 0.230000 0.009000 0.021333
7 0.540000 0.226667 0.008000 0.028000
7 0.563250 0.222333 0.006500 0.030000
7 0.556500 0.226000 0.008000 0.026667
7 0.521000 0.223333 0.005000 0.029333
7 0.518250 0.224000 0.006500 0.026667
7 0.514500 0.231333 0.006000 0.033333
7 0.298750 0.403000 0.012500 0.052667
5 0.329250 0.403333 0.029500 0.040000
7 0.332000 0.392333 0.017000 0.054000
7 0.388250 0.534333 0.027500 0.071333
7 0.430250 0.495000 0.017500 0.066000
7 0.443250 0.570667 0.020500 0.060000
7 0.577250 0.488667 0.020500 0.061333
7 0.290500 0.596333 0.025000 0.066000
7 0.307000 0.938667 0.039000 0.106667
7 0.469500 0.902333 0.044000 0.067333
5 0.468000 0.922000 0.042000 0.141333
5 0.520750 0.710667 0.066500 0.074667
7 0.573000 0.594667 0.034000 0.066667
7 0.595750 0.585667 0.015500 0.048667
1 0.572750 0.611667 0.056500 0.056667
7 0.617750 0.559667 0.028500 0.075333
5 0.618250 0.566667 0.055500 0.049333
7 0.527000 0.454333 0.025000 0.060667
5 0.527250 0.463333 0.024500 0.056000
7 0.534500 0.421000 0.015000 0.063333
7 0.594250 0.476333 0.020500 0.060667
7 0.716000 0.465000 0.019000 0.055333
7 0.744000 0.463333 0.025000 0.064000
7 0.778000 0.494667 0.018000 0.061333
7 0.788250 0.519000 0.016500 0.054000
7 0.762000 0.511333 0.013000 0.028000
7 0.720500 0.206333 0.006000 0.027333
7 0.735750 0.211667 0.007500 0.022000
7 0.747000 0.213333 0.007000 0.022667
7 0.778000 0.207333 0.012000 0.032000
11 0.648750 0.290667 0.086500 0.053333
1 0.844500 0.163000 0.020000 0.018000
7 0.858500 0.188333 0.010000 0.034000
7 0.956500 0.189667 0.010000 0.032667
7 0.925750 0.197333 0.014500 0.034667
7 0.904500 0.197000 0.011000 0.032667
7 0.835750 0.206667 0.011500 0.029333
7 0.842250 0.209333 0.009500 0.029333
7 0.835250 0.206000 0.011500 0.029333
7 0.841750 0.196667 0.010500 0.025333
8 0.880500 0.199667 0.013000 0.022000
9 0.875250 0.203000 0.025500 0.027333
11 0.900250 0.180667 0.059500 0.042667
8 0.912750 0.196667 0.011500 0.020000
5 0.815750 0.165667 0.015500 0.022000
8 0.818000 0.158667 0.010000 0.024000
8 0.861250 0.276333 0.010500 0.027333
11 0.532750 0.210333 0.035500 0.046000
11 0.520500 0.186000 0.029000 0.044000
11 0.520000 0.185333 0.029000 0.044000
10 0.477500 0.180333 0.082000 0.043333
5 0.475500 0.163333 0.010000 0.025333
7 0.291000 0.293000 0.016000 0.042000
7 0.265000 0.409000 0.021000 0.046000
7 0.255750 0.417000 0.020500 0.056667
7 0.255750 0.462333 0.029500 0.050000
7 0.247500 0.580667 0.026000 0.074667
7 0.145500 0.617667 0.036000 0.071333
7 0.052750 0.707000 0.062500 0.080667
7 0.150750 0.808667 0.047500 0.074667
7 0.196750 0.652000 0.034500 0.061333
5 0.206000 0.661667 0.067000 0.056667
5 0.069500 0.624333 0.060000 0.047333
7 0.066000 0.610333 0.033000 0.060667
5 0.120500 0.900000 0.108000 0.101333
7 0.115250 0.899667 0.059500 0.094000
3 0.556250 0.041333 0.017500 0.009333
3 0.548250 0.037333 0.017500 0.009333
3 0.480500 0.049333 0.017000 0.009333
3 0.508000 0.049000 0.021000 0.008667
3 0.542750 0.034333 0.015500 0.010000
3 0.535750 0.031333 0.015500 0.009333
3 0.539250 0.033000 0.015500 0.010000
10 0.528000 0.026667 0.018000 0.012000
10 0.522500 0.023000 0.021000 0.011333
3 0.507000 0.027333 0.007000 0.006667
3 0.477750 0.046667 0.017500 0.010667
3 0.470750 0.043667 0.014500 0.008667
3 0.467750 0.040333 0.014500 0.008667
3 0.464750 0.034667 0.015500 0.009333
3 0.461500 0.032667 0.016000 0.009333
3 0.459750 0.029333 0.015500 0.009333
3 0.419000 0.056667 0.019000 0.010667
10 0.496000 0.033000 0.023000 0.012667
10 0.498250 0.041333 0.022500 0.016000
11 0.487500 0.033000 0.019000 0.010000
11 0.478500 0.027000 0.019000 0.010000
7 0.179750 0.588333 0.044500 0.070000
7 0.140500 0.600000 0.034000 0.058667
5 0.864000 0.293000 0.037000 0.036667
