10 0.261500 0.412333 0.079000 0.174000
3 0.396500 0.364000 0.068000 0.152000
3 0.501000 0.370000 0.064000 0.156000
3 0.610750 0.363667 0.079500 0.148667
3 0.714750 0.626333 0.100500 0.182000
3 0.606750 0.162333 0.110500 0.106000
10 0.211500 0.138667 0.071000 0.177333
10 0.110500 0.288000 0.087000 0.182667
3 0.358000 0.910667 0.080000 0.177333
3 0.043750 0.758667 0.087500 0.097333
3 0.551500 0.038667 0.065000 0.074667
3 0.190000 0.024667 0.057000 0.046667
3 0.942750 0.043333 0.105500 0.086667
11 0.975750 0.133000 0.044500 0.083333
8 0.615500 0.544333 0.019000 0.027333
8 0.663500 0.394000 0.028000 0.024000
5 0.816500 0.744000 0.052000 0.026667
5 0.614500 0.546333 0.020000 0.058000
5 0.748000 0.519000 0.046000 0.040667
5 0.667250 0.397333 0.016500 0.056000
9 0.699750 0.402333 0.057500 0.136667
7 0.715250 0.390333 0.016500 0.016667
7 0.743250 0.379667 0.028500 0.032667
7 0.737750 0.420667 0.022500 0.028000
7 0.752500 0.500000 0.022000 0.021333
7 0.763750 0.487000 0.024500 0.022000
7 0.828750 0.593000 0.023500 0.028667
7 0.846500 0.598333 0.029000 0.015333
7 0.916750 0.704000 0.039500 0.024000
7 0.914500 0.826333 0.041000 0.034000
7 0.584750 0.246333 0.013500 0.038000
7 0.630000 0.244667 0.018000 0.036000
11 0.036250 0.607333 0.072500 0.062667
