3 0.955637 0.596011 0.043841 0.062152
10 0.979906 0.446660 0.038100 0.067718
3 0.772443 0.393785 0.031315 0.043599
3 0.965031 0.205473 0.035491 0.047310
3 0.980689 0.200371 0.029228 0.042672
3 0.990866 0.192486 0.016180 0.036178
3 0.540971 0.666976 0.046451 0.068646
9 0.508351 0.584416 0.024008 0.031540
5 0.419102 0.591373 0.011482 0.025046
8 0.418580 0.581169 0.005219 0.017625
5 0.440762 0.460111 0.018267 0.016698
5 0.398747 0.390538 0.017745 0.022263
3 0.373695 0.332096 0.037578 0.048237
3 0.361169 0.310297 0.038622 0.045455
3 0.331159 0.252319 0.037056 0.042672
3 0.323852 0.234694 0.034969 0.033395
3 0.307672 0.132189 0.031837 0.032468
3 0.286534 0.036642 0.030271 0.028757
7 0.248434 0.077458 0.006263 0.019481
3 0.227818 0.064471 0.017223 0.038033
11 0.211900 0.105751 0.036534 0.044527
3 0.192067 0.109462 0.029228 0.035250
3 0.105428 0.843692 0.054280 0.052876
3 0.123434 0.896104 0.061065 0.053803
3 0.079593 0.700371 0.039144 0.037106
3 0.076983 0.668831 0.050626 0.038961
3 0.058455 0.596475 0.039666 0.044527
3 0.046190 0.530148 0.041232 0.034323
