3 0.410714 0.280457 0.028571 0.114213
3 0.341429 0.267766 0.064286 0.050761
3 0.510357 0.295051 0.027857 0.110406
3 0.604286 0.302030 0.027143 0.114213
3 0.665357 0.302030 0.030714 0.104061
3 0.713214 0.295051 0.027857 0.110406
3 0.761786 0.298223 0.030714 0.124365
3 0.550714 0.281726 0.027143 0.121827
3 0.967500 0.302665 0.033571 0.112944
3 0.166071 0.574873 0.066429 0.048223
3 0.121071 0.497462 0.065000 0.050761
3 0.113214 0.677030 0.062143 0.059645
3 0.140714 0.826777 0.027143 0.107868
3 0.178214 0.825508 0.030714 0.100254
3 0.225357 0.820431 0.029286 0.112944
3 0.268571 0.826777 0.027143 0.110406
3 0.303929 0.827411 0.030714 0.111675
3 0.342857 0.833122 0.027143 0.112944
3 0.385000 0.854695 0.032857 0.110406
3 0.530357 0.840102 0.027857 0.121827
3 0.570714 0.844543 0.025714 0.110406
3 0.607500 0.829315 0.026429 0.107868
3 0.645000 0.829315 0.025714 0.112944
3 0.705357 0.843274 0.027857 0.097716
3 0.750714 0.833756 0.030000 0.104061
3 0.832500 0.827411 0.029286 0.111675
3 0.900000 0.831853 0.027143 0.107868
3 0.937500 0.817893 0.036429 0.110406
3 0.973929 0.829949 0.032143 0.119289
11 0.869286 0.823604 0.030000 0.098985
10 0.144643 0.292513 0.056429 0.115482
3 0.104286 0.252538 0.062857 0.048223
3 0.032143 0.263325 0.055714 0.052030
3 0.076429 0.814086 0.031429 0.102792
3 0.041429 0.817893 0.028571 0.107868
3 0.011429 0.814086 0.022857 0.097716
3 0.090357 0.960660 0.032143 0.073604
3 0.131071 0.968909 0.026429 0.057107
3 0.050714 0.969543 0.031429 0.055838
3 0.171071 0.969543 0.029286 0.055838
3 0.279286 0.970812 0.025714 0.053299
3 0.413929 0.951142 0.052143 0.092640
3 0.441786 0.980330 0.043571 0.034264
3 0.553571 0.960025 0.030000 0.074873
3 0.318929 0.977792 0.030714 0.039340
3 0.485000 0.026015 0.024286 0.052030
3 0.551071 0.029822 0.026429 0.059645
3 0.583929 0.030457 0.027857 0.060914
3 0.620714 0.030457 0.025714 0.060914
3 0.655357 0.028553 0.026429 0.057107
3 0.685000 0.029188 0.020000 0.058376
3 0.825357 0.026015 0.025000 0.052030
3 0.860714 0.034898 0.022857 0.069797
3 0.902500 0.035533 0.029286 0.071066
6 0.517143 0.032360 0.021429 0.064721
6 0.447500 0.027284 0.020714 0.054569
7 0.271429 0.376269 0.015714 0.019036
7 0.273214 0.356599 0.013571 0.017766
7 0.619643 0.675127 0.012143 0.015228
7 0.618929 0.708756 0.006429 0.016497
7 0.663214 0.768401 0.012143 0.021574
7 0.791786 0.805838 0.012143 0.020305
7 0.802857 0.923858 0.011429 0.025381
7 0.775714 0.984772 0.015714 0.025381
7 0.938214 0.746827 0.015000 0.019036
7 0.926786 0.732234 0.016429 0.022843
5 0.815000 0.267766 0.014286 0.022843
1 0.805714 0.266497 0.008571 0.035533
5 0.780714 0.830584 0.010000 0.039340
