3 0.673750 0.859000 0.040500 0.071333
3 0.610750 0.745667 0.034500 0.044667
3 0.642500 0.706667 0.030000 0.034667
3 0.225000 0.608333 0.030000 0.020667
3 0.248000 0.564000 0.017000 0.014667
3 0.266500 0.562000 0.015000 0.013333
3 0.182500 0.571000 0.017000 0.015333
3 0.162500 0.572333 0.018000 0.015333
3 0.413000 0.539000 0.025000 0.012667
3 0.479000 0.546333 0.024000 0.012667
3 0.443500 0.527333 0.023000 0.010667
3 0.506250 0.534333 0.021500 0.011333
3 0.485000 0.514333 0.021000 0.010000
3 0.554000 0.483333 0.016000 0.009333
3 0.588500 0.469333 0.012000 0.006667
3 0.678500 0.456000 0.012000 0.005333
3 0.791750 0.483333 0.012500 0.008000
3 0.823000 0.466000 0.007000 0.006667
3 0.890750 0.492333 0.012500 0.008667
3 0.840000 0.431667 0.004000 0.004667
3 0.829500 0.428000 0.004000 0.005333
3 0.839500 0.426333 0.003000 0.004667
4 0.841750 0.409000 0.012500 0.026000
3 0.830000 0.435667 0.005000 0.004667
3 0.821500 0.437333 0.004000 0.004000
3 0.778250 0.431000 0.009500 0.003333
3 0.766750 0.432667 0.009500 0.004000
3 0.727750 0.429667 0.008500 0.004667
3 0.693250 0.449667 0.011500 0.004667
3 0.665250 0.462333 0.012500 0.006000
3 0.661750 0.465667 0.014500 0.007333
10 0.871250 0.441333 0.009500 0.009333
10 0.895250 0.460333 0.009500 0.012667
10 0.910000 0.483333 0.014000 0.014667
7 0.892000 0.481333 0.003000 0.006667
7 0.882250 0.495333 0.002500 0.006667
5 0.881750 0.497333 0.003500 0.006667
10 0.800750 0.502333 0.018500 0.026000
3 0.668000 0.494000 0.010000 0.009333
2 0.637000 0.463667 0.015000 0.015333
2 0.604500 0.459667 0.016000 0.014000
3 0.596750 0.491000 0.017500 0.008667
3 0.601500 0.535333 0.023000 0.012000
3 0.592000 0.542333 0.023000 0.014000
3 0.580750 0.548000 0.025500 0.016000
11 0.515750 0.527667 0.021500 0.012667
3 0.495250 0.507667 0.017500 0.010000
7 0.531250 0.529000 0.003500 0.011333
7 0.390250 0.539333 0.003500 0.012000
3 0.368250 0.551000 0.017500 0.012667
3 0.353500 0.554333 0.016000 0.012667
3 0.324500 0.553667 0.014000 0.014000
11 0.228000 0.565333 0.019000 0.018667
3 0.236750 0.593333 0.018500 0.020000
1 0.210750 0.564000 0.007500 0.010667
7 0.194750 0.554667 0.003500 0.010667
7 0.175000 0.628667 0.006000 0.018667
7 0.116250 0.583333 0.005500 0.016000
7 0.063750 0.556333 0.004500 0.012667
3 0.010750 0.548000 0.021500 0.012000
3 0.013000 0.553333 0.026000 0.013333
3 0.015750 0.599333 0.031500 0.022667
3 0.009500 0.592333 0.019000 0.015333
3 0.046000 0.560667 0.034000 0.014667
3 0.080250 0.571333 0.033500 0.014667
3 0.103500 0.578000 0.034000 0.016000
7 0.193250 0.694333 0.006500 0.024667
8 0.298750 0.669333 0.005500 0.017333
8 0.322500 0.669667 0.006000 0.014000
8 0.329250 0.667667 0.003500 0.014000
8 0.336750 0.666333 0.005500 0.011333
8 0.357500 0.651333 0.010000 0.016000
8 0.354000 0.641000 0.005000 0.011333
8 0.436250 0.637333 0.004500 0.010667
7 0.447250 0.617333 0.003500 0.014667
7 0.456750 0.659333 0.005500 0.021333
7 0.571000 0.730667 0.005000 0.029333
7 0.572000 0.713667 0.007000 0.031333
8 0.560750 0.838667 0.012500 0.029333
5 0.560000 0.845667 0.027000 0.027333
1 0.655000 0.491000 0.005000 0.004667
8 0.655250 0.488333 0.002500 0.006000
