11 0.131071 0.918571 0.056429 0.128571
7 0.123571 0.562381 0.015714 0.018095
7 0.135000 0.541429 0.017143 0.016190
7 0.159286 0.533810 0.011429 0.018095
7 0.428214 0.443810 0.009286 0.019048
7 0.100000 0.395238 0.022857 0.024762
7 0.075714 0.287143 0.020000 0.023810
7 0.084286 0.279048 0.018571 0.024762
7 0.091786 0.276667 0.020714 0.025714
7 0.068929 0.246190 0.020714 0.027619
7 0.040357 0.218095 0.025000 0.022857
7 0.048214 0.208571 0.019286 0.022857
7 0.055714 0.200952 0.022857 0.024762
7 0.057857 0.186190 0.018571 0.023810
7 0.311786 0.152381 0.009286 0.024762
7 0.016786 0.180952 0.019286 0.024762
7 0.016429 0.141905 0.020000 0.024762
7 0.022143 0.136667 0.020000 0.023810
8 0.079286 0.127143 0.011429 0.014286
8 0.073214 0.122857 0.010714 0.013333
5 0.083571 0.133810 0.025714 0.021905
7 0.350714 0.110000 0.010000 0.025714
7 0.352143 0.096190 0.010000 0.024762
3 0.361429 0.065238 0.030000 0.058095
7 0.228571 0.019048 0.011429 0.032381
7 0.080000 0.020476 0.018571 0.027619
7 0.085357 0.013333 0.019286 0.024762
7 0.088571 0.009048 0.012857 0.018095
7 0.638214 0.498571 0.015000 0.016190
7 0.711429 0.375238 0.012857 0.017143
7 0.735714 0.359048 0.012857 0.019048
5 0.787500 0.360952 0.010714 0.028571
6 0.714286 0.171429 0.030000 0.060952
10 0.737500 0.210476 0.046429 0.112381
3 0.690000 0.241429 0.032857 0.069524
3 0.823571 0.374286 0.037143 0.085714
3 0.871429 0.378095 0.034286 0.080000
3 0.920000 0.392381 0.035714 0.076190
3 0.974286 0.405238 0.048571 0.092381
7 0.956786 0.619524 0.027857 0.021905
7 0.955000 0.596667 0.024286 0.018095
7 0.962857 0.584762 0.028571 0.017143
3 0.439643 0.077619 0.032143 0.058095
