3 0.092857 0.221429 0.031429 0.021905
3 0.064286 0.223810 0.030000 0.024762
7 0.140000 0.185238 0.008571 0.018095
3 0.010714 0.198095 0.021429 0.022857
7 0.052500 0.698095 0.039286 0.032381
7 0.068571 0.687619 0.020000 0.024762
7 0.085357 0.687619 0.022143 0.030476
7 0.098214 0.680476 0.020714 0.027619
7 0.122857 0.641905 0.022857 0.040000
7 0.068214 0.779048 0.017857 0.032381
7 0.054286 0.779524 0.017143 0.035238
5 0.057857 0.785238 0.047143 0.027619
5 0.008571 0.741429 0.017143 0.023810
7 0.251429 0.721905 0.025714 0.036190
7 0.247857 0.806667 0.027143 0.030476
7 0.233571 0.814286 0.024286 0.030476
5 0.251786 0.808095 0.046429 0.039048
7 0.276071 0.689524 0.025000 0.038095
7 0.261071 0.683810 0.016429 0.038095
7 0.297143 0.627143 0.012857 0.046667
7 0.328571 0.623810 0.018571 0.041905
7 0.358214 0.612857 0.017857 0.042857
9 0.286429 0.499524 0.024286 0.044762
11 0.291429 0.174762 0.035714 0.023810
3 0.286071 0.136190 0.020714 0.019048
3 0.268214 0.134762 0.015000 0.018095
3 0.355000 0.137143 0.011429 0.019048
3 0.526071 0.272857 0.027857 0.031429
3 0.511786 0.242381 0.029286 0.035238
7 0.424286 0.837619 0.017143 0.048571
7 0.478929 0.619048 0.013571 0.038095
7 0.502143 0.621905 0.011429 0.038095
7 0.549286 0.432857 0.007143 0.033333
7 0.518214 0.428095 0.006429 0.029524
1 0.520714 0.437143 0.024286 0.026667
7 0.476429 0.460000 0.005714 0.026667
7 0.479286 0.446667 0.007143 0.036190
7 0.482857 0.416667 0.005714 0.031429
7 0.492857 0.417143 0.008571 0.024762
5 0.491071 0.421429 0.010714 0.029524
7 0.560714 0.379048 0.008571 0.032381
7 0.601786 0.488095 0.010714 0.035238
7 0.595714 0.469524 0.008571 0.036190
3 0.622500 0.464286 0.050714 0.063810
10 0.394643 0.160952 0.019286 0.034286
11 0.484286 0.175714 0.025714 0.031429
3 0.470714 0.158571 0.015714 0.021905
3 0.457143 0.131905 0.014286 0.018095
3 0.464643 0.142857 0.013571 0.019048
3 0.426786 0.167619 0.016429 0.020952
3 0.450000 0.119048 0.014286 0.015238
3 0.492500 0.375714 0.027857 0.044762
3 0.475357 0.660000 0.010714 0.026667
3 0.491071 0.661905 0.009286 0.022857
1 0.478214 0.663810 0.036429 0.024762
3 0.559286 0.342857 0.034286 0.041905
7 0.705357 0.618571 0.015000 0.035238
1 0.702143 0.631905 0.024286 0.027619
7 0.773571 0.660000 0.015714 0.041905
7 0.621786 0.540000 0.006429 0.032381
7 0.640000 0.530000 0.017143 0.035238
7 0.640000 0.514762 0.011429 0.029524
7 0.710714 0.554286 0.012857 0.038095
7 0.738214 0.548571 0.013571 0.036190
7 0.734643 0.539048 0.015000 0.032381
7 0.714286 0.521429 0.015714 0.033333
7 0.694643 0.553333 0.009286 0.038095
7 0.688571 0.540476 0.014286 0.029524
7 0.667143 0.556190 0.007143 0.034286
7 0.657857 0.556190 0.008571 0.036190
7 0.655357 0.545238 0.007857 0.027619
7 0.648214 0.568571 0.009286 0.034286
7 0.669643 0.602857 0.009286 0.028571
7 0.677857 0.593333 0.007143 0.030476
7 0.688214 0.588571 0.010714 0.034286
7 0.670000 0.584286 0.010000 0.033333
7 0.687857 0.574286 0.010000 0.032381
7 0.662857 0.533333 0.007143 0.032381
7 0.608214 0.341429 0.009286 0.025714
7 0.822500 0.549048 0.019286 0.031429
7 0.833571 0.547619 0.011429 0.024762
7 0.847143 0.550476 0.018571 0.032381
7 0.846786 0.525714 0.020714 0.038095
7 0.826429 0.502857 0.015714 0.034286
7 0.825000 0.492857 0.014286 0.029524
7 0.946786 0.478571 0.016429 0.039048
7 0.863571 0.485714 0.011429 0.038095
7 0.924286 0.467143 0.012857 0.033333
7 0.753571 0.506190 0.011429 0.033333
7 0.611786 0.166667 0.003571 0.017143
3 0.553929 0.141429 0.020714 0.018095
4 0.413214 0.038095 0.055000 0.076190
3 0.444643 0.079524 0.020714 0.012381
5 0.124643 0.592381 0.029286 0.030476
5 0.291071 0.744762 0.039286 0.034286
8 0.290000 0.737619 0.020000 0.037143
8 0.303929 0.736667 0.013571 0.039048
