7 0.101071 0.177665 0.012143 0.032995
7 0.100714 0.189086 0.010000 0.032995
7 0.590357 0.903553 0.015000 0.035533
7 0.738929 0.824873 0.012143 0.025381
7 0.420714 0.451142 0.012857 0.036802
7 0.424643 0.492386 0.009286 0.035533
7 0.424643 0.530457 0.009286 0.035533
7 0.481071 0.609137 0.007857 0.035533
7 0.499643 0.609137 0.010714 0.035533
7 0.511429 0.601523 0.008571 0.038071
7 0.476786 0.445431 0.009286 0.032995
7 0.560000 0.544416 0.008571 0.040609
7 0.598929 0.476523 0.009286 0.034264
7 0.573929 0.368655 0.010714 0.034264
7 0.604286 0.348350 0.007143 0.031726
7 0.606071 0.328680 0.009286 0.035533
7 0.643929 0.319162 0.007857 0.034264
3 0.966429 0.041878 0.054286 0.081218
11 0.988214 0.026650 0.022143 0.048223
