3 0.703214 0.955584 0.047857 0.083756
3 0.636429 0.969543 0.041429 0.055838
3 0.505714 0.819162 0.045714 0.079949
3 0.521429 0.680838 0.025714 0.052030
3 0.536071 0.621827 0.037857 0.050761
3 0.580357 0.605964 0.022143 0.057107
3 0.588214 0.501269 0.023571 0.045685
3 0.521429 0.486675 0.017143 0.034264
3 0.493571 0.751269 0.028571 0.068528
11 0.491786 0.687817 0.025000 0.068528
11 0.488929 0.637690 0.022143 0.049492
3 0.482143 0.559010 0.021429 0.044416
11 0.510000 0.579949 0.024286 0.060914
3 0.487143 0.472716 0.014286 0.029188
3 0.483929 0.442893 0.013571 0.027919
3 0.480357 0.414340 0.012143 0.026650
3 0.523214 0.359137 0.016429 0.022843
3 0.557143 0.362310 0.012857 0.031726
3 0.573214 0.434010 0.015000 0.032995
3 0.588929 0.349619 0.019286 0.019036
3 0.537500 0.277919 0.010714 0.020305
10 0.639643 0.689086 0.046429 0.131980
10 0.522857 0.430838 0.020000 0.054569
10 0.540357 0.371193 0.016429 0.049492
10 0.567143 0.397208 0.021429 0.058376
10 0.588571 0.364848 0.032857 0.039340
2 0.516429 0.391497 0.021429 0.057107
10 0.530000 0.237944 0.012857 0.036802
7 0.551429 0.272208 0.002857 0.013959
7 0.547500 0.272843 0.003571 0.012690
7 0.545357 0.258883 0.002143 0.007614
7 0.547857 0.256345 0.002857 0.012690
7 0.530714 0.216371 0.002857 0.008883
7 0.520000 0.206218 0.005714 0.011421
3 0.180357 0.525381 0.053571 0.071066
3 0.195000 0.416244 0.038571 0.053299
3 0.022143 0.401650 0.044286 0.036802
3 0.160357 0.348350 0.036429 0.034264
3 0.234286 0.276015 0.022857 0.029188
10 0.140357 0.317259 0.059286 0.073604
10 0.220357 0.257614 0.040714 0.053299
11 0.260000 0.294416 0.025714 0.040609
3 0.283929 0.310279 0.022143 0.029188
3 0.320357 0.264594 0.017857 0.026650
3 0.326429 0.226523 0.015714 0.019036
3 0.340714 0.205584 0.014286 0.022843
3 0.359286 0.185279 0.010000 0.017766
3 0.373214 0.192259 0.010714 0.016497
3 0.345000 0.173858 0.010000 0.012690
3 0.350000 0.154188 0.008571 0.013959
3 0.350714 0.142132 0.007143 0.010152
3 0.375000 0.166244 0.010000 0.015228
3 0.392143 0.166244 0.007143 0.012690
10 0.402857 0.164340 0.014286 0.036802
10 0.358571 0.127538 0.008571 0.019036
3 0.370714 0.144670 0.007143 0.010152
3 0.386786 0.149112 0.006429 0.011421
3 0.411429 0.147843 0.005714 0.013959
3 0.378571 0.130711 0.005714 0.010152
3 0.366071 0.121827 0.005000 0.010152
10 0.375000 0.112944 0.005714 0.015228
10 0.371071 0.100254 0.005000 0.012690
10 0.396429 0.152284 0.007143 0.017766
3 0.405714 0.130711 0.004286 0.010152
3 0.413929 0.116751 0.003571 0.010152
10 0.406071 0.118655 0.007857 0.019036
4 0.392143 0.082487 0.034286 0.035533
7 0.618929 0.484137 0.007857 0.029188
4 0.102500 0.137690 0.193571 0.178934
4 0.293571 0.093909 0.062857 0.058376
2 0.345000 0.260152 0.022857 0.043147
