3 0.014286 0.574762 0.028571 0.037143
3 0.008929 0.512381 0.017857 0.028571
3 0.008214 0.492381 0.016429 0.028571
2 0.018929 0.455714 0.037857 0.052381
3 0.013214 0.433333 0.026429 0.028571
3 0.141786 0.298095 0.022143 0.026667
11 0.169643 0.293333 0.020714 0.028571
3 0.138214 0.214286 0.015000 0.019048
3 0.214286 0.175714 0.014286 0.018095
2 0.294286 0.139524 0.037143 0.044762
2 0.306071 0.131905 0.033571 0.044762
2 0.326071 0.124762 0.035000 0.041905
2 0.348571 0.113810 0.045714 0.037143
2 0.375000 0.106667 0.032857 0.040000
2 0.325357 0.280952 0.037857 0.087619
2 0.348571 0.294286 0.028571 0.051429
2 0.377143 0.290952 0.037143 0.073333
2 0.418214 0.290952 0.030714 0.094286
2 0.443929 0.295714 0.035000 0.086667
2 0.472857 0.293810 0.032857 0.094286
2 0.500000 0.312381 0.024286 0.072381
3 0.580357 0.285238 0.016429 0.033333
2 0.458571 0.521905 0.028571 0.076190
3 0.561071 0.824762 0.040714 0.072381
3 0.547143 0.700952 0.044286 0.053333
3 0.582857 0.656190 0.040000 0.059048
3 0.612857 0.646190 0.035714 0.046667
11 0.631071 0.630952 0.036429 0.044762
11 0.675357 0.590476 0.036429 0.043810
11 0.707143 0.578571 0.034286 0.037143
3 0.709286 0.550952 0.040000 0.048571
3 0.745714 0.458095 0.041429 0.034286
3 0.700357 0.413333 0.032143 0.028571
2 0.737500 0.412381 0.096429 0.080000
3 0.266429 0.098095 0.018571 0.019048
7 0.356429 0.147143 0.004286 0.010476
2 0.372500 0.173333 0.040714 0.043810
2 0.396786 0.162381 0.040714 0.040952
2 0.400000 0.138095 0.037143 0.041905
2 0.416786 0.133333 0.037857 0.043810
2 0.429286 0.124762 0.038571 0.040000
2 0.445714 0.120000 0.038571 0.041905
2 0.460357 0.112857 0.040714 0.044762
3 0.381071 0.148095 0.017857 0.016190
2 0.447143 0.158095 0.041429 0.041905
2 0.461071 0.149524 0.040714 0.041905
2 0.462500 0.068571 0.030714 0.034286
10 0.524643 0.078095 0.010714 0.024762
2 0.552143 0.140476 0.030000 0.046667
3 0.543214 0.110952 0.023571 0.016190
2 0.658929 0.168571 0.042143 0.030476
2 0.669286 0.178571 0.041429 0.033333
2 0.681071 0.188095 0.039286 0.035238
2 0.692500 0.198571 0.040714 0.033333
2 0.706071 0.211905 0.040714 0.035238
2 0.718214 0.225238 0.042143 0.035238
2 0.733571 0.237619 0.040000 0.033333
2 0.746786 0.251429 0.040714 0.036190
2 0.760357 0.265238 0.045000 0.039048
