3 0.124478 0.775046 0.061065 0.167904
11 0.193372 0.502319 0.058977 0.134508
9 0.227818 0.374304 0.042276 0.104824
3 0.253914 0.238868 0.056889 0.149351
3 0.306106 0.042672 0.038100 0.085343
3 0.411013 0.238868 0.043319 0.134508
3 0.507568 0.085807 0.042276 0.140074
9 0.530532 0.322356 0.061065 0.041744
11 0.526357 0.578386 0.071503 0.078850
9 0.615866 0.062616 0.046973 0.041744
7 0.668319 0.054731 0.008873 0.033395
5 0.553497 0.200371 0.027662 0.027829
5 0.602296 0.128015 0.027140 0.027829
5 0.600992 0.344156 0.027662 0.022263
11 0.454854 0.373840 0.037056 0.111317
8 0.430063 0.511596 0.014614 0.026902
1 0.435543 0.523655 0.029749 0.034323
5 0.668580 0.341837 0.012526 0.032468
8 0.671973 0.320037 0.012004 0.033395
9 0.600992 0.454082 0.072547 0.052876
9 0.599948 0.404917 0.063152 0.049165
5 0.605167 0.371985 0.026618 0.022263
5 0.545146 0.456865 0.027662 0.021336
5 0.537056 0.637755 0.032359 0.034323
7 0.684760 0.736549 0.013570 0.029685
5 0.574896 0.900278 0.036013 0.026902
1 0.524269 0.937848 0.038100 0.050093
9 0.585334 0.742579 0.043319 0.060297
3 0.450678 0.980056 0.095511 0.036178
1 0.760960 0.345547 0.009395 0.049165
