3 0.664286 0.798571 0.050000 0.130476
3 0.602143 0.806190 0.045714 0.126667
3 0.537143 0.809524 0.045714 0.129524
3 0.470714 0.805714 0.045714 0.131429
3 0.730714 0.843810 0.047143 0.139048
3 0.587500 0.635714 0.043571 0.130476
3 0.511786 0.477143 0.042143 0.131429
3 0.575357 0.473333 0.046429 0.137143
3 0.638929 0.470952 0.046429 0.145714
3 0.717143 0.531905 0.047143 0.147619
3 0.542857 0.092381 0.052857 0.135238
3 0.556071 0.263333 0.045000 0.136190
3 0.620357 0.249048 0.049286 0.141905
1 0.357143 0.799524 0.017143 0.052381
8 0.351071 0.809524 0.016429 0.022857
