3 0.403184 0.489332 0.033925 0.039889
3 0.436587 0.459184 0.030793 0.037106
3 0.485125 0.425325 0.028706 0.032468
3 0.387265 0.399351 0.031315 0.034323
7 0.288361 0.448052 0.005741 0.020408
7 0.301931 0.451763 0.007829 0.024119
3 0.331681 0.321429 0.023486 0.028757
3 0.273486 0.293135 0.025052 0.035250
3 0.234342 0.326994 0.027140 0.032468
10 0.205637 0.300557 0.025052 0.040816
11 0.221555 0.294991 0.021399 0.029685
3 0.236169 0.288033 0.024530 0.026902
3 0.251305 0.275510 0.021399 0.035250
3 0.099687 0.343692 0.031315 0.038033
3 0.167537 0.247681 0.019833 0.025974
3 0.155010 0.210575 0.018789 0.025974
3 0.108559 0.228664 0.018789 0.025046
3 0.118737 0.204082 0.018267 0.024119
3 0.135960 0.198052 0.021399 0.025046
3 0.100470 0.151206 0.019311 0.020408
10 0.073852 0.176716 0.021399 0.032468
7 0.087161 0.264378 0.006263 0.020408
7 0.090814 0.260668 0.006263 0.025974
3 0.042537 0.108998 0.025574 0.023191
3 0.045146 0.052412 0.015136 0.021336
3 0.023225 0.041280 0.010960 0.023191
3 0.833507 0.048237 0.020877 0.020408
3 0.932411 0.103432 0.015136 0.023191
