3 0.059500 0.732667 0.119000 0.166667
3 0.900250 0.573667 0.164500 0.115333
11 0.907750 0.502667 0.148500 0.104000
3 0.735250 0.448333 0.097500 0.084667
3 0.631500 0.414333 0.095000 0.084667
3 0.538500 0.385333 0.067000 0.077333
3 0.543750 0.311333 0.070500 0.073333
7 0.465750 0.517000 0.019500 0.063333
5 0.693750 0.316333 0.022500 0.039333
5 0.763250 0.346000 0.019500 0.041333
3 0.340000 0.288667 0.084000 0.065333
3 0.479500 0.274000 0.070000 0.068000
11 0.448500 0.216667 0.053000 0.074667
11 0.408250 0.211000 0.062500 0.074000
3 0.380000 0.200000 0.058000 0.046667
11 0.342250 0.188667 0.066500 0.069333
11 0.309000 0.182333 0.059000 0.062000
10 0.272500 0.174333 0.062000 0.056667
10 0.213250 0.155333 0.070500 0.053333
3 0.163750 0.143333 0.071500 0.038667
3 0.132000 0.133333 0.059000 0.042667
3 0.113250 0.125000 0.062500 0.040667
11 0.094750 0.113667 0.066500 0.052667
11 0.055500 0.108000 0.068000 0.033333
11 0.024750 0.095000 0.049500 0.044667
11 0.024000 0.082333 0.048000 0.044667
3 0.195000 0.239333 0.045000 0.052000
3 0.133500 0.209667 0.067000 0.046000
11 0.085000 0.183333 0.062000 0.053333
3 0.026500 0.175000 0.041000 0.047333
8 0.215500 0.282667 0.017000 0.032000
5 0.218750 0.291333 0.027500 0.034667
5 0.521250 0.214333 0.017500 0.020667
10 0.556000 0.171667 0.063000 0.055333
5 0.502500 0.145000 0.016000 0.024667
5 0.469000 0.152000 0.017000 0.025333
5 0.418000 0.146333 0.026000 0.028667
5 0.396250 0.134333 0.019500 0.023333
5 0.429750 0.124667 0.007500 0.024000
3 0.321750 0.119667 0.055500 0.040667
3 0.293250 0.107000 0.050500 0.047333
11 0.245750 0.091667 0.069500 0.048667
5 0.396000 0.111667 0.012000 0.028667
10 0.165750 0.068667 0.055500 0.038667
11 0.149250 0.061333 0.043500 0.041333
7 0.067250 0.034667 0.012500 0.022667
8 0.064750 0.021000 0.009500 0.019333
1 0.066250 0.026333 0.018500 0.016667
