3 0.865000 0.404333 0.040000 0.019333
0 0.788000 0.489667 0.034000 0.034000
3 0.186500 0.436000 0.062000 0.018667
3 0.094250 0.482333 0.067500 0.032667
3 0.132250 0.469000 0.043500 0.031333
3 0.021000 0.494333 0.037000 0.032667
3 0.211250 0.413333 0.045500 0.020000
3 0.327500 0.424667 0.036000 0.020000
3 0.333250 0.406333 0.022500 0.011333
3 0.331500 0.395333 0.036000 0.017333
3 0.249000 0.389333 0.035000 0.016000
3 0.237000 0.382667 0.042000 0.014667
3 0.241250 0.364000 0.021500 0.013333
3 0.272250 0.351333 0.027500 0.010667
3 0.347750 0.351333 0.028500 0.013333
3 0.433500 0.345333 0.008000 0.012000
3 0.335500 0.324667 0.012000 0.017333
3 0.284000 0.333333 0.013000 0.008000
7 0.274000 0.523667 0.010000 0.038000
7 0.175500 0.560000 0.011000 0.041333
7 0.184500 0.555667 0.012000 0.038000
7 0.484500 0.599333 0.010000 0.045333
7 0.505000 0.594667 0.012000 0.038667
7 0.475000 0.624333 0.008000 0.034000
7 0.492500 0.623000 0.008000 0.026000
7 0.857000 0.519000 0.012000 0.039333
8 0.729500 0.442000 0.011000 0.010667
9 0.729000 0.449333 0.010000 0.012000
7 0.891500 0.515667 0.008000 0.030000
7 0.524000 0.633667 0.037000 0.030000
7 0.964500 0.573000 0.008000 0.028667
3 0.361000 0.325667 0.015000 0.006000
3 0.361000 0.319000 0.011000 0.008667
7 0.686750 0.410667 0.008500 0.022667
4 0.452000 0.291000 0.117000 0.046000
