3 0.336750 0.943333 0.137500 0.112000
3 0.929000 0.861667 0.138000 0.118000
7 0.486750 0.501667 0.009500 0.036667
3 0.386000 0.501667 0.075000 0.043333
7 0.398750 0.480333 0.004500 0.018000
7 0.404000 0.474667 0.007000 0.026667
3 0.211750 0.458000 0.066500 0.041333
7 0.199250 0.461667 0.012500 0.031333
3 0.109250 0.417000 0.057500 0.036667
3 0.010250 0.221333 0.020500 0.017333
3 0.031000 0.221333 0.028000 0.021333
3 0.051750 0.227667 0.032500 0.019333
3 0.101750 0.224000 0.024500 0.018667
3 0.168750 0.186333 0.025500 0.014000
3 0.207500 0.256000 0.036000 0.017333
3 0.175750 0.274667 0.035500 0.018667
3 0.142000 0.267333 0.034000 0.020000
3 0.121250 0.264000 0.033500 0.017333
3 0.285500 0.292333 0.037000 0.024667
3 0.295750 0.270667 0.033500 0.017333
3 0.261250 0.256333 0.033500 0.020667
7 0.298500 0.339667 0.006000 0.020667
7 0.334000 0.321667 0.004000 0.018000
5 0.327500 0.318667 0.010000 0.013333
3 0.325500 0.255333 0.034000 0.018667
3 0.380250 0.251667 0.033500 0.022000
3 0.393750 0.248333 0.028500 0.016667
3 0.461000 0.216667 0.023000 0.010667
7 0.425750 0.248000 0.001500 0.009333
7 0.427000 0.246667 0.002000 0.009333
