11 0.590000 0.966000 0.253000 0.062667
11 0.641500 0.704667 0.215000 0.178667
3 0.618750 0.597667 0.218500 0.111333
3 0.597750 0.507000 0.163500 0.090000
3 0.590750 0.434333 0.152500 0.088667
3 0.611500 0.374333 0.143000 0.082000
3 0.616500 0.240333 0.102000 0.063333
1 0.529000 0.200000 0.034000 0.024000
1 0.522500 0.226333 0.028000 0.020667
1 0.550750 0.233000 0.024500 0.030000
3 0.599000 0.206000 0.098000 0.053333
3 0.597500 0.139000 0.077000 0.040667
3 0.603250 0.124333 0.075500 0.036667
11 0.600750 0.103000 0.076500 0.042000
3 0.667500 0.083333 0.029000 0.036000
11 0.594750 0.048667 0.063500 0.034667
3 0.592750 0.032000 0.048500 0.024000
3 0.598250 0.023667 0.048500 0.020667
3 0.592750 0.010667 0.042500 0.021333
3 0.704500 0.029333 0.025000 0.029333
5 0.642500 0.043667 0.007000 0.016667
8 0.642500 0.035667 0.006000 0.019333
7 0.820250 0.387000 0.026500 0.072667
7 0.814750 0.367667 0.030500 0.066000
5 0.948750 0.350000 0.035500 0.054667
5 0.928250 0.323000 0.044500 0.043333
9 0.904000 0.308667 0.078000 0.053333
0 0.788500 0.217000 0.043000 0.074000
1 0.809000 0.176000 0.029000 0.025333
3 0.748000 0.105333 0.065000 0.037333
3 0.748000 0.083333 0.070000 0.030667
3 0.769000 0.075333 0.063000 0.029333
3 0.791750 0.071333 0.056500 0.025333
3 0.786750 0.060000 0.053500 0.021333
