11 0.442500 0.057143 0.027857 0.078095
3 0.645000 0.098095 0.030000 0.074286
3 0.609643 0.160476 0.035000 0.071429
8 0.605357 0.154762 0.012143 0.018095
7 0.693929 0.046667 0.010714 0.022857
3 0.648214 0.012857 0.025000 0.025714
3 0.555714 0.100476 0.022857 0.048571
11 0.634643 0.294762 0.033571 0.088571
3 0.623571 0.408095 0.034286 0.092381
3 0.577857 0.385714 0.028571 0.081905
9 0.411071 0.226667 0.046429 0.043810
11 0.617143 0.587143 0.037143 0.100000
11 0.612857 0.908571 0.032857 0.104762
3 0.609286 0.760476 0.038571 0.103810
3 0.530714 0.679524 0.034286 0.115238
3 0.510714 0.511429 0.032857 0.093333
3 0.236786 0.962857 0.076429 0.072381
3 0.342500 0.738095 0.045000 0.114286
3 0.261786 0.825714 0.092143 0.053333
3 0.301786 0.575238 0.076429 0.051429
11 0.339643 0.427619 0.055000 0.059048
5 0.280000 0.609524 0.027143 0.017143
1 0.376429 0.478095 0.010000 0.030476
1 0.358214 0.344762 0.023571 0.013333
5 0.464286 0.083810 0.012857 0.036190
5 0.500357 0.147619 0.009286 0.036190
8 0.464643 0.080476 0.012143 0.027619
8 0.498929 0.146190 0.007857 0.025714
8 0.377500 0.474286 0.012143 0.017143
7 0.473929 0.100952 0.006429 0.019048
5 0.480000 0.118095 0.018571 0.036190
7 0.488214 0.103810 0.007857 0.019048
8 0.642143 0.486667 0.008571 0.015238
7 0.560000 0.435238 0.007143 0.017143
8 0.537500 0.322857 0.010714 0.015238
5 0.536429 0.327619 0.007143 0.034286
1 0.340714 0.177143 0.020000 0.013333
1 0.369286 0.205238 0.021429 0.014286
7 0.400000 0.250952 0.007143 0.021905
7 0.411071 0.250952 0.009286 0.020000
7 0.406071 0.275714 0.010714 0.018095
7 0.416786 0.271905 0.006429 0.018095
7 0.425000 0.308571 0.010000 0.026667
7 0.437143 0.316190 0.010000 0.024762
7 0.436071 0.370952 0.009286 0.023810
7 0.417857 0.461429 0.008571 0.020000
7 0.395357 0.451429 0.009286 0.022857
7 0.406071 0.453333 0.009286 0.020952
10 0.373929 0.147143 0.095000 0.082857
10 0.377857 0.113333 0.084286 0.078095
