7 0.022500 0.622381 0.023571 0.021905
7 0.050000 0.616190 0.027143 0.022857
7 0.042857 0.600952 0.030000 0.024762
7 0.070714 0.602857 0.028571 0.028571
7 0.075000 0.585238 0.028571 0.023810
7 0.135357 0.631905 0.022143 0.023810
7 0.153571 0.679524 0.028571 0.023810
7 0.278214 0.704762 0.023571 0.022857
7 0.264643 0.724762 0.022143 0.022857
7 0.267143 0.750000 0.025714 0.025714
7 0.015357 0.582381 0.030714 0.031429
7 0.128214 0.512381 0.023571 0.022857
7 0.142143 0.490476 0.025714 0.024762
7 0.187857 0.567619 0.020000 0.022857
7 0.194286 0.553333 0.017143 0.024762
7 0.190000 0.538095 0.018571 0.022857
7 0.230000 0.491429 0.020000 0.024762
7 0.276786 0.490476 0.016429 0.022857
7 0.276786 0.485714 0.013571 0.020952
5 0.198214 0.448095 0.033571 0.033333
8 0.194643 0.440476 0.016429 0.020000
8 0.189286 0.445714 0.018571 0.017143
8 0.186071 0.449524 0.020714 0.020952
7 0.203929 0.383333 0.012143 0.027619
7 0.195000 0.382381 0.014286 0.025714
7 0.332500 0.590000 0.017857 0.023810
7 0.335000 0.564762 0.017143 0.028571
7 0.322857 0.555238 0.014286 0.024762
7 0.323214 0.541905 0.016429 0.026667
7 0.388929 0.498095 0.010714 0.022857
7 0.389286 0.489048 0.012857 0.021905
7 0.418214 0.553333 0.015000 0.024762
7 0.430357 0.571905 0.016429 0.029524
7 0.421429 0.583810 0.020000 0.024762
7 0.419643 0.667143 0.017857 0.023810
7 0.545714 0.674286 0.022857 0.024762
7 0.546786 0.704762 0.016429 0.022857
7 0.544643 0.736667 0.013571 0.018095
7 0.623214 0.850000 0.015000 0.029524
7 0.605714 0.914286 0.014286 0.032381
7 0.603214 0.992381 0.012143 0.013333
7 0.517143 0.328095 0.008571 0.027619
8 0.545357 0.282857 0.015000 0.026667
1 0.543929 0.286190 0.020714 0.023810
7 0.628571 0.256667 0.012857 0.027619
7 0.518571 0.163333 0.005714 0.027619
7 0.647857 0.211905 0.011429 0.031429
7 0.649286 0.200476 0.007143 0.023810
7 0.677857 0.194762 0.010000 0.029524
7 0.683571 0.293333 0.014286 0.032381
7 0.686071 0.260952 0.013571 0.028571
7 0.683929 0.254286 0.013571 0.028571
7 0.738929 0.298095 0.013571 0.030476
7 0.726071 0.294286 0.013571 0.026667
7 0.728214 0.280000 0.010714 0.024762
7 0.715000 0.282381 0.014286 0.027619
7 0.708929 0.274762 0.012143 0.027619
7 0.706071 0.267143 0.012143 0.029524
7 0.761071 0.240000 0.013571 0.030476
7 0.772143 0.251905 0.017143 0.029524
7 0.790000 0.263333 0.018571 0.029524
7 0.820357 0.206667 0.016429 0.024762
7 0.822857 0.215238 0.012857 0.024762
7 0.823929 0.222857 0.013571 0.024762
7 0.831429 0.230000 0.014286 0.025714
7 0.835357 0.236667 0.015000 0.027619
7 0.855357 0.249048 0.015000 0.021905
7 0.853214 0.245714 0.015000 0.026667
7 0.889286 0.827143 0.038571 0.025714
7 0.881786 0.755238 0.030714 0.022857
7 0.881429 0.741905 0.031429 0.019048
7 0.930714 0.718571 0.037143 0.023810
7 0.942500 0.760000 0.030714 0.019048
7 0.971429 0.810952 0.035714 0.021905
7 0.965714 0.791429 0.034286 0.022857
7 0.964286 0.712381 0.031429 0.026667
