7 0.508929 0.582381 0.027857 0.071429
7 0.421429 0.565238 0.035714 0.082857
7 0.362500 0.574286 0.026429 0.087619
7 0.422857 0.517619 0.018571 0.079048
7 0.287500 0.118571 0.009286 0.018095
7 0.288214 0.124286 0.009286 0.021905
7 0.271429 0.107143 0.005714 0.018095
7 0.330357 0.085238 0.010714 0.029524
7 0.255357 0.085714 0.009286 0.026667
7 0.130714 0.160476 0.011429 0.035238
7 0.061786 0.210000 0.016429 0.042857
7 0.007143 0.271429 0.014286 0.047619
7 0.247500 0.050476 0.009286 0.022857
7 0.476429 0.229524 0.014286 0.045714
7 0.313214 0.020476 0.005000 0.014286
7 0.361429 0.025238 0.005714 0.018095
7 0.428571 0.024762 0.004286 0.015238
8 0.300714 0.016190 0.004286 0.011429
8 0.296786 0.017143 0.005000 0.009524
7 0.422500 0.007143 0.003571 0.010476
7 0.415357 0.007143 0.003571 0.010476
7 0.418571 0.007143 0.002857 0.010476
7 0.394643 0.016667 0.003571 0.012381
1 0.141786 0.668095 0.079286 0.079048
1 0.273571 0.592381 0.068571 0.072381
5 0.052857 0.672381 0.102857 0.074286
8 0.346786 0.592381 0.042143 0.070476
8 0.905714 0.599048 0.045714 0.066667
7 0.785357 0.638571 0.042143 0.079048
7 0.763214 0.606667 0.023571 0.087619
7 0.719643 0.582381 0.030714 0.086667
7 0.722857 0.486667 0.024286 0.081905
7 0.748571 0.497143 0.031429 0.078095
7 0.670357 0.647143 0.036429 0.077143
7 0.638571 0.641429 0.030000 0.082857
7 0.664643 0.618095 0.023571 0.078095
7 0.686786 0.580476 0.022143 0.084762
7 0.660714 0.584286 0.022857 0.067619
7 0.928571 0.274762 0.018571 0.050476
7 0.958214 0.234286 0.017857 0.055238
7 0.993214 0.125714 0.012143 0.028571
7 0.954286 0.087619 0.014286 0.026667
7 0.892500 0.054762 0.007857 0.020000
7 0.727143 0.082381 0.008571 0.018095
7 0.695000 0.096190 0.011429 0.026667
7 0.638929 0.219524 0.010714 0.035238
7 0.658214 0.209524 0.012143 0.030476
8 0.657857 0.222381 0.012857 0.023810
8 0.590357 0.242857 0.013571 0.030476
7 0.655714 0.028095 0.005714 0.016190
7 0.679643 0.036667 0.005000 0.014286
7 0.627143 0.021429 0.004286 0.012381
7 0.318571 0.021905 0.002857 0.005714
7 0.320714 0.018571 0.002857 0.008571
7 0.507500 0.040952 0.006429 0.015238
7 0.513929 0.042857 0.005000 0.015238
7 0.514286 0.031429 0.002857 0.013333
8 0.494286 0.043810 0.004286 0.007619
7 0.520714 0.022381 0.002857 0.012381
7 0.503214 0.020000 0.005000 0.015238
7 0.534286 0.035714 0.004286 0.016190
7 0.553214 0.031905 0.005000 0.012381
7 0.533214 0.015238 0.003571 0.013333
7 0.542500 0.031905 0.003571 0.014286
7 0.546071 0.022381 0.003571 0.012381
8 0.341429 0.012381 0.002857 0.005714
8 0.337143 0.013333 0.002857 0.005714
8 0.451786 0.013810 0.003571 0.010476
7 0.549643 0.014286 0.003571 0.011429
7 0.565000 0.018095 0.002857 0.011429
7 0.551429 0.021905 0.002857 0.011429
8 0.538929 0.027619 0.002143 0.005714
