8 0.520000 0.646667 0.020000 0.034286
8 0.518929 0.634762 0.015000 0.037143
5 0.521429 0.658095 0.022857 0.060952
8 0.505714 0.463333 0.012857 0.033333
5 0.504643 0.471905 0.012143 0.035238
7 0.583571 0.475714 0.011429 0.037143
7 0.590714 0.467619 0.010000 0.036190
7 0.584643 0.442857 0.010714 0.036190
7 0.572500 0.447143 0.009286 0.037143
7 0.576071 0.443810 0.007857 0.036190
8 0.512143 0.393810 0.010000 0.025714
5 0.511071 0.399524 0.012143 0.029524
7 0.537143 0.363810 0.008571 0.028571
9 0.605000 0.371429 0.038571 0.049524
3 0.448571 0.414762 0.038571 0.061905
11 0.401429 0.331905 0.032857 0.063810
8 0.392143 0.295714 0.005714 0.018095
8 0.396071 0.295238 0.005000 0.013333
5 0.395357 0.300952 0.013571 0.011429
5 0.410000 0.238571 0.008571 0.014286
8 0.408929 0.230476 0.003571 0.013333
8 0.410357 0.229048 0.005000 0.012381
8 0.408571 0.227143 0.005714 0.014286
7 0.451786 0.222857 0.006429 0.022857
7 0.445000 0.213810 0.004286 0.023810
7 0.452143 0.209524 0.005714 0.015238
7 0.450714 0.203333 0.004286 0.016190
7 0.438929 0.199524 0.006429 0.018095
5 0.440357 0.176667 0.006429 0.021905
8 0.445357 0.179048 0.006429 0.011429
5 0.397500 0.175714 0.006429 0.016190
8 0.397857 0.170476 0.004286 0.013333
8 0.397143 0.168571 0.004286 0.015238
7 0.417143 0.139048 0.004286 0.015238
7 0.355714 0.145238 0.004286 0.016190
7 0.352143 0.141905 0.004286 0.017143
5 0.291786 0.088095 0.009286 0.008571
8 0.291786 0.085714 0.003571 0.011429
3 0.278571 0.076667 0.012857 0.012381
7 0.250000 0.070952 0.004286 0.012381
7 0.251786 0.070476 0.003571 0.011429
7 0.229643 0.076667 0.005000 0.014286
7 0.225000 0.076190 0.004286 0.013333
7 0.221071 0.077143 0.003571 0.013333
7 0.218571 0.077619 0.004286 0.014286
7 0.215357 0.078095 0.005000 0.013333
7 0.208929 0.079524 0.006429 0.012381
7 0.201071 0.080000 0.005000 0.013333
7 0.197857 0.080000 0.004286 0.013333
7 0.157500 0.086190 0.003571 0.010476
7 0.163929 0.082381 0.003571 0.008571
7 0.167857 0.081905 0.005714 0.009524
7 0.129643 0.089048 0.005000 0.012381
7 0.123571 0.090000 0.004286 0.012381
7 0.112500 0.091429 0.006429 0.015238
7 0.106786 0.092381 0.006429 0.013333
7 0.102857 0.092381 0.005714 0.015238
7 0.098571 0.093333 0.007143 0.017143
7 0.092143 0.098571 0.008571 0.016190
4 0.070714 0.096190 0.030000 0.028571
7 0.017500 0.103810 0.009286 0.015238
4 0.228571 0.048571 0.044286 0.026667
7 0.360714 0.046190 0.002857 0.008571
7 0.365357 0.042857 0.003571 0.009524
7 0.368214 0.042857 0.002143 0.009524
7 0.420000 0.036190 0.002857 0.007619
7 0.423571 0.036190 0.002857 0.009524
