3 0.385714 0.251269 0.037143 0.073604
3 0.430714 0.235406 0.035714 0.074873
3 0.498214 0.036802 0.032143 0.065990
3 0.798929 0.158629 0.030714 0.076142
2 0.761786 0.970178 0.040714 0.054569
3 0.733571 0.893401 0.040000 0.101523
3 0.913214 0.893401 0.057857 0.083756
3 0.927143 0.838832 0.061429 0.081218
3 0.943571 0.788706 0.068571 0.085025
3 0.964643 0.685914 0.059286 0.079949
3 0.969643 0.629442 0.040714 0.076142
3 0.988571 0.540609 0.021429 0.058376
3 0.812500 0.792513 0.037857 0.095178
11 0.780000 0.737310 0.044286 0.104061
3 0.861071 0.608503 0.036429 0.092640
3 0.816786 0.579315 0.040714 0.097716
3 0.708929 0.619289 0.036429 0.081218
11 0.868571 0.362310 0.037143 0.097716
11 0.961071 0.284264 0.042143 0.088832
11 0.989286 0.169416 0.020000 0.087563
3 0.907500 0.238579 0.039286 0.088832
3 0.973571 0.036802 0.034286 0.071066
3 0.947143 0.017132 0.025714 0.034264
11 0.922857 0.120558 0.031429 0.071066
