3 0.800714 0.260787 0.040000 0.072335
7 0.480357 0.062817 0.005000 0.026650
7 0.489643 0.055838 0.003571 0.012690
7 0.495357 0.083756 0.006429 0.027919
7 0.500714 0.084391 0.005714 0.024112
7 0.489286 0.335660 0.004286 0.026650
7 0.495000 0.340736 0.007143 0.026650
7 0.554286 0.257614 0.007143 0.020305
7 0.569643 0.286802 0.003571 0.020305
7 0.462857 0.246827 0.008571 0.013959
7 0.475357 0.184010 0.005000 0.022843
7 0.481429 0.185914 0.004286 0.021574
7 0.490714 0.185914 0.004286 0.021574
7 0.492500 0.182107 0.003571 0.024112
7 0.457143 0.651015 0.008571 0.038071
7 0.498571 0.687817 0.005714 0.020305
8 0.630714 0.677030 0.017143 0.024112
8 0.637500 0.666244 0.009286 0.025381
8 0.632857 0.436548 0.011429 0.015228
7 0.676429 0.430203 0.007143 0.032995
8 0.587500 0.083122 0.006429 0.013959
8 0.594286 0.086929 0.005714 0.011421
7 0.602857 0.059010 0.005714 0.021574
8 0.543214 0.073604 0.015000 0.007614
8 0.541786 0.063452 0.006429 0.012690
4 0.651786 0.924492 0.032143 0.102792
4 0.524286 0.031726 0.020000 0.027919
4 0.543214 0.006980 0.023571 0.013959
4 0.590357 0.041244 0.016429 0.029188
