3 0.314643 0.970476 0.030714 0.057143
3 0.343571 0.947143 0.027143 0.067619
3 0.417500 0.860476 0.029286 0.063810
3 0.469643 0.792381 0.030714 0.064762
0 0.289286 0.852857 0.020000 0.037143
3 0.309643 0.830952 0.020714 0.052381
3 0.333929 0.804762 0.019286 0.045714
3 0.358929 0.778095 0.019286 0.047619
3 0.380000 0.751905 0.021429 0.044762
7 0.386071 0.716190 0.013571 0.017143
11 0.493571 0.758571 0.025714 0.058095
3 0.418929 0.698571 0.019286 0.037143
3 0.453929 0.666190 0.023571 0.046667
11 0.521786 0.593810 0.046429 0.054286
3 0.418571 0.502857 0.018571 0.026667
3 0.467500 0.526190 0.022143 0.031429
3 0.462857 0.520952 0.028571 0.032381
3 0.459286 0.513333 0.025714 0.026667
3 0.455357 0.502381 0.020714 0.023810
10 0.452143 0.475238 0.034286 0.036190
3 0.441786 0.422381 0.013571 0.016190
3 0.418929 0.491429 0.016429 0.019048
3 0.418929 0.480000 0.019286 0.020952
3 0.412500 0.462381 0.013571 0.016190
3 0.410000 0.452381 0.015714 0.017143
3 0.406071 0.451905 0.013571 0.020000
3 0.441429 0.418571 0.011429 0.016190
3 0.440000 0.419048 0.010000 0.015238
3 0.435714 0.420000 0.011429 0.015238
11 0.438571 0.411429 0.012857 0.015238
3 0.434286 0.413333 0.010000 0.013333
3 0.404643 0.386190 0.006429 0.008571
3 0.401786 0.418095 0.006429 0.009524
11 0.393929 0.424286 0.006429 0.008571
7 0.441786 0.360476 0.003571 0.004762
3 0.463929 0.328095 0.007857 0.008571
3 0.476071 0.313810 0.007857 0.008571
3 0.517500 0.262381 0.009286 0.010476
3 0.526071 0.266190 0.009286 0.008571
3 0.519643 0.277143 0.009286 0.009524
3 0.510357 0.272857 0.007857 0.006667
3 0.508571 0.277143 0.010000 0.011429
3 0.499286 0.291905 0.010000 0.010476
7 0.532500 0.287619 0.003571 0.007619
7 0.537857 0.280952 0.002857 0.005714
3 0.507857 0.325238 0.007143 0.010476
3 0.507857 0.300476 0.008571 0.010476
3 0.510357 0.300000 0.009286 0.013333
3 0.514286 0.297619 0.011429 0.012381
3 0.516786 0.298095 0.010714 0.011429
3 0.520714 0.295714 0.012857 0.014286
11 0.524286 0.295714 0.011429 0.014286
3 0.526429 0.307143 0.012857 0.014286
3 0.528929 0.308571 0.010714 0.015238
3 0.534643 0.305714 0.012143 0.017143
3 0.536071 0.308571 0.013571 0.015238
3 0.539286 0.308095 0.012857 0.014286
3 0.557857 0.268095 0.012857 0.012381
3 0.559643 0.271905 0.015000 0.014286
3 0.583571 0.270476 0.017143 0.017143
3 0.594643 0.263333 0.016429 0.018095
3 0.604643 0.263333 0.016429 0.018095
3 0.615357 0.255238 0.016429 0.022857
3 0.632500 0.250000 0.020714 0.020000
3 0.563214 0.308571 0.013571 0.020952
3 0.571786 0.304286 0.013571 0.021905
3 0.576786 0.306190 0.012143 0.020000
11 0.582500 0.305238 0.015000 0.020000
11 0.590357 0.301905 0.017857 0.020952
3 0.566786 0.337143 0.012143 0.015238
3 0.624643 0.285714 0.017857 0.020952
3 0.633929 0.281429 0.017857 0.023810
3 0.642143 0.281429 0.020000 0.025714
3 0.657500 0.272381 0.020714 0.026667
3 0.667500 0.268571 0.019286 0.020952
3 0.671786 0.275714 0.023571 0.027619
3 0.686071 0.274762 0.025000 0.033333
3 0.708571 0.272381 0.021429 0.024762
3 0.675357 0.308571 0.025000 0.028571
7 0.732500 0.218095 0.006429 0.011429
7 0.847500 0.225714 0.007857 0.019048
1 0.844643 0.223333 0.013571 0.018095
3 0.806786 0.275238 0.036429 0.026667
7 0.874286 0.179048 0.011429 0.019048
7 0.882857 0.177143 0.010000 0.019048
7 0.885357 0.169524 0.009286 0.019048
3 0.883214 0.222857 0.052143 0.049524
3 0.935714 0.106190 0.050000 0.029524
3 0.957143 0.071905 0.041429 0.029524
3 0.936786 0.443810 0.089286 0.062857
3 0.806071 0.450000 0.055000 0.039048
3 0.679286 0.566667 0.042857 0.051429
3 0.721429 0.547143 0.048571 0.050476
3 0.739286 0.483333 0.048571 0.046667
3 0.669286 0.501429 0.040000 0.040952
3 0.696429 0.467619 0.041429 0.034286
3 0.678929 0.411905 0.035000 0.031429
8 0.668571 0.445714 0.008571 0.009524
0 0.668214 0.447619 0.023571 0.026667
3 0.605000 0.493810 0.031429 0.035238
3 0.623214 0.472857 0.027857 0.029524
3 0.619286 0.395238 0.025714 0.026667
3 0.629286 0.362381 0.025714 0.023810
3 0.597857 0.457619 0.025714 0.027619
3 0.538929 0.456190 0.020714 0.024762
3 0.520357 0.447143 0.015000 0.020000
10 0.573929 0.441429 0.026429 0.027619
3 0.558571 0.431429 0.020000 0.022857
3 0.541786 0.423333 0.019286 0.020000
3 0.527857 0.415714 0.015714 0.018095
3 0.518214 0.406190 0.015000 0.016190
3 0.507857 0.407619 0.014286 0.015238
3 0.513929 0.383333 0.015000 0.014286
3 0.536786 0.352857 0.010714 0.014286
3 0.546071 0.368095 0.015000 0.016190
3 0.586786 0.376667 0.019286 0.021905
