3 0.436429 0.732234 0.020000 0.048223
3 0.487143 0.754442 0.018571 0.052030
3 0.473214 0.643401 0.016429 0.040609
3 0.432500 0.362944 0.007857 0.020305
3 0.466071 0.283629 0.007857 0.016497
3 0.497143 0.272208 0.005714 0.013959
3 0.504643 0.385787 0.010714 0.020305
3 0.423571 0.245558 0.004286 0.011421
3 0.435714 0.246193 0.005714 0.012690
3 0.424643 0.217640 0.005000 0.011421
3 0.458214 0.186548 0.003571 0.012690
3 0.448214 0.187183 0.003571 0.006345
3 0.460000 0.214467 0.005714 0.012690
3 0.432500 0.194797 0.005000 0.011421
3 0.460714 0.116117 0.004286 0.008883
3 0.451071 0.099619 0.003571 0.008883
3 0.444643 0.102792 0.003571 0.005076
3 0.434286 0.111675 0.004286 0.005076
3 0.448571 0.076142 0.004286 0.007614
2 0.454286 0.065990 0.004286 0.020305
2 0.436429 0.031091 0.034286 0.059645
3 0.445714 0.117386 0.002857 0.006345
11 0.432857 0.298223 0.007143 0.015228
11 0.414286 0.178934 0.005714 0.012690
11 0.434643 0.162437 0.005000 0.012690
11 0.493571 0.238579 0.015714 0.015228
11 0.581786 0.208756 0.015000 0.013959
11 0.636071 0.203680 0.013571 0.013959
11 0.666786 0.201142 0.013571 0.011421
3 0.568214 0.472716 0.022143 0.021574
3 0.568214 0.460025 0.025000 0.019036
3 0.560714 0.430203 0.021429 0.012690
11 0.566071 0.444797 0.027857 0.019036
11 0.560357 0.420051 0.023571 0.022843
2 0.397857 0.307741 0.012857 0.057107
2 0.358929 0.545685 0.036429 0.106599
11 0.520000 0.546320 0.015714 0.039340
7 0.295357 0.690990 0.005000 0.019036
