3 0.042857 0.175238 0.014286 0.011429
3 0.481429 0.133333 0.014286 0.007619
3 0.496429 0.125714 0.010000 0.005714
3 0.453214 0.129048 0.012143 0.006667
3 0.462143 0.126667 0.014286 0.007619
3 0.467143 0.120476 0.008571 0.008571
3 0.452857 0.122381 0.012857 0.004762
7 0.485357 0.321429 0.003571 0.020000
7 0.489286 0.323810 0.004286 0.017143
7 0.516429 0.363810 0.002857 0.015238
7 0.512857 0.370000 0.004286 0.010476
7 0.540714 0.366190 0.004286 0.018095
7 0.535714 0.368095 0.004286 0.010476
7 0.711429 0.485714 0.008571 0.028571
7 0.622857 0.416190 0.007143 0.024762
7 0.610000 0.413810 0.007143 0.023810
8 0.459286 0.392857 0.007143 0.020000
8 0.469643 0.390000 0.006429 0.018095
8 0.521071 0.385714 0.007857 0.019048
8 0.643929 0.419524 0.005000 0.012381
7 0.650357 0.425238 0.006429 0.021905
6 0.643571 0.428095 0.012857 0.014286
7 0.830000 0.961905 0.021429 0.047619
