11 0.042857 0.915714 0.038571 0.021905
3 0.196429 0.874762 0.025714 0.042857
3 0.010000 0.706667 0.020000 0.022857
3 0.212143 0.421905 0.030000 0.017143
11 0.342143 0.524286 0.028571 0.018095
11 0.414286 0.558095 0.037143 0.022857
11 0.565714 0.263333 0.011429 0.035238
3 0.511429 0.195238 0.011429 0.036190
3 0.550714 0.047143 0.011429 0.027619
3 0.560714 0.442381 0.012857 0.035238
3 0.420357 0.467619 0.033571 0.020952
3 0.452143 0.264762 0.027143 0.026667
3 0.624643 0.287619 0.027857 0.020952
3 0.616429 0.504762 0.030000 0.034286
3 0.613571 0.558571 0.032857 0.023810
3 0.611786 0.650476 0.015000 0.047619
3 0.370357 0.916667 0.037857 0.023810
7 0.559286 0.910476 0.005714 0.015238
7 0.537857 0.502381 0.004286 0.008571
7 0.478929 0.312857 0.005000 0.016190
7 0.596429 0.304762 0.004286 0.013333
3 0.780000 0.324762 0.030000 0.019048
3 0.788214 0.214762 0.013571 0.037143
3 0.679286 0.770476 0.034286 0.026667
3 0.785000 0.718095 0.022857 0.041905
3 0.809643 0.714762 0.020714 0.046667
3 0.829286 0.711905 0.020000 0.046667
3 0.848214 0.714762 0.019286 0.042857
3 0.866786 0.716667 0.017857 0.050476
3 0.882857 0.700476 0.017143 0.046667
3 0.902857 0.728095 0.015714 0.048571
3 0.927857 0.720000 0.020000 0.049524
3 0.952143 0.724286 0.018571 0.048571
3 0.973214 0.731905 0.017857 0.046667
3 0.768214 0.705714 0.022143 0.043810
3 0.765357 0.660476 0.033571 0.039048
3 0.675357 0.680476 0.023571 0.040952
3 0.701071 0.701905 0.023571 0.045714
3 0.591429 0.630476 0.014286 0.043810
3 0.652857 0.667143 0.020000 0.037143
3 0.641786 0.901905 0.039286 0.028571
3 0.625357 0.935238 0.037857 0.024762
3 0.621429 0.451429 0.014286 0.038095
3 0.619286 0.402381 0.014286 0.040952
3 0.630357 0.616667 0.030714 0.025714
3 0.725714 0.704286 0.024286 0.048571
11 0.750357 0.710476 0.020714 0.040000
11 0.590714 0.684762 0.014286 0.043810
11 0.618571 0.721905 0.031429 0.030476
11 0.628214 0.669048 0.016429 0.048571
11 0.631429 0.823810 0.018571 0.049524
10 0.580000 0.812381 0.015714 0.059048
10 0.720357 0.658095 0.046429 0.028571
10 0.888571 0.790952 0.045714 0.025714
11 0.943929 0.781905 0.045000 0.022857
3 0.631071 0.870000 0.036429 0.025714
3 0.639643 0.976190 0.040714 0.028571
5 0.420357 0.860476 0.006429 0.025714
5 0.425357 0.871429 0.006429 0.024762
