7 0.293214 0.635238 0.010714 0.041905
3 0.313571 0.795238 0.122857 0.135238
7 0.414286 0.584286 0.008571 0.023810
7 0.675714 0.606667 0.008571 0.032381
7 0.688571 0.611429 0.004286 0.022857
7 0.705357 0.560000 0.003571 0.015238
7 0.618571 0.530952 0.001429 0.006667
7 0.614286 0.530952 0.001429 0.006667
7 0.465714 0.547143 0.002857 0.012381
7 0.463571 0.544762 0.002857 0.015238
7 0.776786 0.583810 0.006429 0.024762
3 0.385000 0.611429 0.037143 0.034286
3 0.437143 0.632857 0.047143 0.058095
3 0.446786 0.602857 0.033571 0.034286
3 0.487500 0.577619 0.019286 0.021905
3 0.487857 0.552857 0.011429 0.012381
3 0.495357 0.544286 0.010714 0.010476
2 0.457857 0.530952 0.011429 0.014286
3 0.497143 0.527143 0.011429 0.006667
3 0.515357 0.544286 0.009286 0.010476
3 0.556071 0.546190 0.010714 0.010476
3 0.537500 0.537143 0.007857 0.009524
3 0.528214 0.531905 0.006429 0.006667
3 0.513929 0.539048 0.009286 0.007619
3 0.509643 0.533333 0.006429 0.005714
3 0.503929 0.526190 0.010714 0.004762
3 0.518929 0.528571 0.006429 0.005714
3 0.519643 0.523810 0.003571 0.003810
3 0.531429 0.522857 0.004286 0.003810
3 0.540714 0.521905 0.004286 0.003810
3 0.544286 0.518095 0.002857 0.003810
11 0.550000 0.532381 0.005714 0.009524
3 0.550357 0.527143 0.005000 0.004762
3 0.551786 0.523810 0.003571 0.003810
3 0.551786 0.521429 0.003571 0.004762
3 0.550714 0.516667 0.002857 0.002857
3 0.935000 0.741905 0.128571 0.074286
3 0.899643 0.708571 0.127857 0.055238
3 0.970000 0.634762 0.058571 0.048571
3 0.945714 0.621429 0.087143 0.040952
3 0.897857 0.611905 0.072857 0.039048
3 0.874286 0.603333 0.070000 0.033333
3 0.846429 0.592857 0.057143 0.027619
3 0.821786 0.587143 0.047857 0.025714
3 0.810714 0.583333 0.048571 0.025714
3 0.800357 0.577619 0.047857 0.025714
3 0.785714 0.573810 0.048571 0.025714
3 0.780000 0.570000 0.048571 0.025714
3 0.862857 0.680476 0.120000 0.054286
3 0.824286 0.665714 0.110000 0.053333
3 0.802500 0.645238 0.089286 0.048571
3 0.786429 0.631905 0.072857 0.046667
3 0.730714 0.606667 0.062857 0.032381
3 0.643214 0.594762 0.053571 0.025714
3 0.633571 0.587619 0.048571 0.019048
3 0.631071 0.585714 0.043571 0.020952
3 0.630714 0.580952 0.047143 0.020952
3 0.606071 0.574762 0.037857 0.018095
3 0.596429 0.558095 0.031429 0.013333
3 0.598571 0.554762 0.032857 0.012381
3 0.660357 0.571905 0.037857 0.021905
3 0.656429 0.565238 0.038571 0.014286
3 0.651429 0.562381 0.038571 0.014286
3 0.649286 0.559524 0.038571 0.014286
3 0.642143 0.557619 0.034286 0.014286
3 0.637500 0.555238 0.032143 0.015238
3 0.633214 0.553810 0.030714 0.016190
3 0.725714 0.557619 0.034286 0.014286
3 0.717857 0.553810 0.028571 0.014286
3 0.711429 0.552857 0.030000 0.010476
3 0.709286 0.551905 0.022857 0.014286
3 0.578929 0.539524 0.020714 0.008571
3 0.601786 0.538095 0.019286 0.009524
3 0.662143 0.539048 0.021429 0.005714
3 0.656071 0.538095 0.019286 0.007619
3 0.653929 0.534286 0.019286 0.007619
3 0.649643 0.535238 0.019286 0.007619
3 0.643214 0.533333 0.019286 0.007619
3 0.646071 0.532381 0.019286 0.007619
3 0.633214 0.531429 0.019286 0.007619
3 0.636786 0.530476 0.019286 0.007619
3 0.627500 0.528571 0.019286 0.007619
3 0.628929 0.528571 0.019286 0.007619
3 0.625357 0.527619 0.019286 0.007619
3 0.616786 0.525714 0.019286 0.007619
3 0.617500 0.525714 0.019286 0.007619
3 0.599643 0.534286 0.019286 0.007619
3 0.597500 0.532381 0.019286 0.007619
3 0.594643 0.529524 0.019286 0.007619
3 0.592500 0.528571 0.019286 0.007619
3 0.577500 0.535238 0.019286 0.007619
3 0.574643 0.533333 0.019286 0.007619
3 0.573929 0.531429 0.019286 0.007619
3 0.571071 0.528571 0.019286 0.007619
3 0.581786 0.519048 0.003571 0.003810
3 0.590357 0.520476 0.003571 0.004762
7 0.586429 0.519048 0.001429 0.003810
