7 0.732857 0.588095 0.017143 0.029524
7 0.938571 0.611905 0.025714 0.033333
7 0.930000 0.617619 0.017143 0.031429
3 0.820357 0.485238 0.040714 0.058095
7 0.492500 0.551905 0.005000 0.008571
7 0.452500 0.553333 0.003571 0.005714
3 0.650357 0.385714 0.019286 0.022857
3 0.593214 0.413810 0.016429 0.020000
3 0.573929 0.458571 0.016429 0.021905
3 0.586429 0.417143 0.011429 0.015238
3 0.583214 0.420476 0.015000 0.018095
3 0.577857 0.422381 0.012857 0.020000
3 0.567500 0.427619 0.012143 0.019048
3 0.565000 0.426667 0.011429 0.015238
11 0.554643 0.434286 0.010714 0.019048
3 0.550357 0.437619 0.009286 0.012381
3 0.545357 0.436190 0.009286 0.015238
3 0.565357 0.462381 0.015000 0.020000
3 0.561429 0.465238 0.014286 0.021905
3 0.556786 0.465238 0.013571 0.021905
3 0.532857 0.473333 0.012857 0.017143
7 0.410357 0.545238 0.002143 0.002857
7 0.447857 0.491905 0.001429 0.002857
7 0.446786 0.492857 0.002143 0.002857
3 0.460357 0.480000 0.005000 0.007619
3 0.457857 0.480952 0.004286 0.009524
3 0.456429 0.480952 0.004286 0.009524
3 0.452500 0.484286 0.005000 0.008571
3 0.883214 0.809524 0.075000 0.059048
3 0.560714 0.703810 0.025714 0.028571
7 0.367143 0.613333 0.002857 0.003810
3 0.359286 0.632857 0.004286 0.008571
3 0.348571 0.652857 0.004286 0.006667
3 0.365000 0.647619 0.005714 0.007619
3 0.371071 0.655238 0.006429 0.009524
3 0.349643 0.661429 0.005000 0.004762
3 0.350000 0.664762 0.004286 0.005714
3 0.350000 0.669048 0.004286 0.004762
3 0.350357 0.674286 0.005000 0.005714
3 0.351071 0.678095 0.005000 0.005714
3 0.351786 0.682857 0.006429 0.007619
3 0.352857 0.688571 0.005714 0.007619
3 0.353571 0.694286 0.005714 0.011429
3 0.350714 0.707143 0.008571 0.016190
3 0.355000 0.721905 0.008571 0.013333
11 0.341786 0.721429 0.015000 0.016190
3 0.376786 0.735238 0.009286 0.017143
3 0.382500 0.743333 0.010714 0.016190
3 0.379643 0.761905 0.010714 0.020952
3 0.372143 0.785238 0.015714 0.016190
7 0.402143 0.797143 0.007143 0.009524
3 0.389643 0.772381 0.012143 0.019048
3 0.377143 0.795238 0.014286 0.022857
3 0.390714 0.793810 0.014286 0.029524
3 0.421786 0.759524 0.015000 0.023810
3 0.377143 0.817143 0.014286 0.024762
3 0.380714 0.837143 0.015714 0.022857
3 0.398214 0.826667 0.016429 0.028571
3 0.415000 0.810952 0.015714 0.029524
3 0.425000 0.839048 0.017143 0.032381
3 0.440714 0.808571 0.017143 0.030476
3 0.384643 0.859048 0.017857 0.028571
3 0.410357 0.882857 0.019286 0.038095
11 0.401786 0.853810 0.019286 0.037143
11 0.388214 0.888571 0.020714 0.040000
3 0.448571 0.841905 0.021429 0.038095
3 0.460357 0.880476 0.025000 0.046667
3 0.441071 0.913333 0.022143 0.047619
3 0.418214 0.913810 0.022143 0.039048
3 0.390714 0.929048 0.024286 0.044762
3 0.398571 0.972857 0.025714 0.052381
3 0.420357 0.959524 0.029286 0.058095
3 0.432857 0.987619 0.031429 0.022857
3 0.456071 0.957619 0.027857 0.056190
3 0.480000 0.921429 0.031429 0.058095
3 0.503571 0.972381 0.035714 0.053333
3 0.471429 0.984286 0.028571 0.029524
7 0.246429 0.830952 0.004286 0.004762
7 0.266786 0.801429 0.003571 0.004762
7 0.268929 0.799048 0.003571 0.005714
