7 0.750250 0.562000 0.041500 0.094667
1 0.684000 0.543000 0.065000 0.071333
8 0.689250 0.530667 0.035500 0.084000
5 0.611250 0.506000 0.076500 0.066667
7 0.618000 0.481667 0.023000 0.086000
7 0.759500 0.435000 0.021000 0.060667
7 0.777750 0.428333 0.036500 0.084667
1 0.817000 0.406333 0.039000 0.047333
8 0.821500 0.395667 0.026000 0.050000
5 0.733750 0.384667 0.041500 0.053333
8 0.738500 0.368000 0.030000 0.061333
5 0.945000 0.438000 0.068000 0.056000
7 0.958250 0.430333 0.023500 0.056667
8 0.952750 0.422333 0.040500 0.075333
11 0.924750 0.364667 0.149500 0.105333
5 0.839750 0.325333 0.026500 0.050667
1 0.780000 0.334000 0.016000 0.052000
7 0.758500 0.319333 0.023000 0.058667
7 0.664000 0.313667 0.022000 0.058000
7 0.660750 0.315000 0.011500 0.044667
7 0.640250 0.307333 0.018500 0.060000
5 0.581500 0.433333 0.065000 0.069333
8 0.585000 0.429333 0.034000 0.084000
7 0.417750 0.554333 0.036500 0.107333
7 0.486000 0.483333 0.034000 0.100000
7 0.359750 0.530333 0.026500 0.100667
7 0.374500 0.512667 0.027000 0.101333
7 0.360750 0.485000 0.033500 0.094000
7 0.336750 0.555667 0.027500 0.103333
7 0.535250 0.398667 0.026500 0.084000
5 0.526000 0.398000 0.033000 0.058667
1 0.494250 0.375000 0.046500 0.055333
8 0.490000 0.361000 0.028000 0.068667
7 0.436750 0.373000 0.018500 0.082000
7 0.457750 0.337333 0.018500 0.066667
1 0.467250 0.342667 0.048500 0.046667
5 0.381750 0.366333 0.021500 0.052667
8 0.385000 0.352333 0.029000 0.066000
7 0.449000 0.304333 0.019000 0.058000
5 0.456000 0.309667 0.018000 0.052667
1 0.469000 0.282000 0.014000 0.045333
8 0.464750 0.279333 0.015500 0.024000
5 0.400750 0.299000 0.027500 0.044667
8 0.397750 0.292667 0.018500 0.054667
8 0.354750 0.334000 0.018500 0.058667
7 0.418000 0.240333 0.009000 0.032667
7 0.408750 0.234000 0.010500 0.042667
7 0.408750 0.229000 0.012500 0.043333
7 0.422750 0.227333 0.009500 0.042667
5 0.431750 0.215333 0.030500 0.025333
8 0.431000 0.210000 0.012000 0.033333
11 0.420000 0.198000 0.028000 0.044000
11 0.359250 0.203000 0.053500 0.038000
11 0.352500 0.196000 0.055000 0.038667
7 0.196500 0.486000 0.016000 0.073333
7 0.105500 0.468000 0.034000 0.088000
7 0.060750 0.465000 0.040500 0.086000
7 0.030500 0.509333 0.036000 0.101333
7 0.023750 0.489333 0.037500 0.096000
3 0.250750 0.398000 0.182500 0.090667
11 0.178750 0.240667 0.088500 0.050667
5 0.228500 0.229667 0.028000 0.027333
8 0.218750 0.226000 0.011500 0.028000
11 0.223500 0.206333 0.068000 0.043333
11 0.223000 0.176333 0.037000 0.032667
7 0.297250 0.209333 0.009500 0.029333
7 0.305250 0.209333 0.008500 0.026667
9 0.292250 0.210333 0.026500 0.031333
7 0.295250 0.189333 0.011500 0.030667
8 0.304750 0.182667 0.009500 0.014667
7 0.263750 0.178667 0.013500 0.030667
7 0.077500 0.211333 0.012000 0.025333
7 0.104750 0.203667 0.011500 0.028667
7 0.087750 0.197000 0.012500 0.031333
7 0.122000 0.188333 0.009000 0.027333
7 0.133250 0.187000 0.008500 0.027333
11 0.110000 0.185000 0.066000 0.039333
3 0.157000 0.170667 0.045000 0.024000
11 0.163750 0.163333 0.042500 0.026667
7 0.194000 0.167000 0.009000 0.030000
7 0.221750 0.158667 0.006500 0.021333
7 0.229750 0.159333 0.007500 0.024000
7 0.249250 0.151667 0.007500 0.023333
3 0.255000 0.162333 0.020000 0.024667
3 0.283000 0.155333 0.028000 0.030667
3 0.297250 0.148667 0.020500 0.022667
11 0.227750 0.142333 0.044500 0.030000
3 0.196750 0.157000 0.045500 0.020667
10 0.204000 0.149333 0.050000 0.036000
3 0.134000 0.126667 0.032000 0.014667
3 0.155000 0.141000 0.035000 0.019333
3 0.222500 0.124333 0.032000 0.015333
3 0.246250 0.136000 0.037500 0.017333
3 0.275750 0.131667 0.039500 0.018000
3 0.267000 0.124667 0.027000 0.016000
11 0.341250 0.151333 0.041500 0.030667
