3 0.526429 0.858503 0.018571 0.082487
10 0.556429 0.766497 0.025714 0.126904
3 0.521786 0.741117 0.017857 0.073604
3 0.432857 0.758249 0.021429 0.062183
3 0.524643 0.624365 0.017857 0.060914
2 0.553571 0.536168 0.022857 0.138325
3 0.527857 0.528553 0.014286 0.044416
3 0.479286 0.527919 0.015714 0.043147
2 0.460357 0.464467 0.019286 0.068528
3 0.619286 0.592640 0.020000 0.060914
3 0.528929 0.435279 0.013571 0.043147
3 0.550714 0.413071 0.011429 0.036802
3 0.527857 0.380076 0.012857 0.029188
3 0.491071 0.382614 0.012143 0.029188
3 0.551429 0.361041 0.014286 0.041878
3 0.529286 0.338832 0.011429 0.030457
3 0.549643 0.320431 0.012143 0.029188
3 0.532857 0.291244 0.012857 0.036802
3 0.550357 0.260152 0.012143 0.035533
10 0.530714 0.230330 0.012857 0.041878
3 0.500357 0.243020 0.007857 0.021574
3 0.496071 0.130076 0.009286 0.013959
3 0.477857 0.132614 0.008571 0.019036
3 0.484286 0.088832 0.010000 0.020305
3 0.497500 0.069797 0.009286 0.027919
3 0.511786 0.053299 0.006429 0.012690
3 0.500357 0.038706 0.006429 0.013959
3 0.488214 0.059010 0.007857 0.019036
10 0.532857 0.160533 0.012857 0.049492
4 0.555000 0.095178 0.027143 0.159898
3 0.533214 0.116751 0.009286 0.017766
10 0.533214 0.074873 0.006429 0.022843
3 0.510714 0.082487 0.007143 0.015228
10 0.535000 0.014594 0.008571 0.029188
3 0.515714 0.024746 0.005714 0.011421
3 0.504286 0.019036 0.005714 0.015228
