4 0.529250 0.566000 0.005500 0.038667
4 0.550250 0.563667 0.013500 0.028667
3 0.535750 0.557000 0.005500 0.006000
11 0.552750 0.589667 0.008500 0.008667
3 0.556000 0.594000 0.008000 0.009333
3 0.555500 0.600000 0.010000 0.012000
3 0.559000 0.628000 0.010000 0.013333
3 0.544750 0.645667 0.012500 0.016667
3 0.550250 0.697000 0.017500 0.024667
3 0.488250 0.627667 0.010500 0.011333
3 0.577750 0.681000 0.015500 0.020667
3 0.572750 0.635333 0.011500 0.014667
7 0.576250 0.688333 0.004500 0.020667
3 0.591000 0.716333 0.021000 0.026000
3 0.597250 0.736667 0.022500 0.025333
3 0.604500 0.762000 0.025000 0.034667
3 0.610000 0.806000 0.032000 0.040000
3 0.572750 0.836333 0.032500 0.059333
3 0.479750 0.853333 0.030500 0.048000
7 0.311500 0.878000 0.015000 0.038667
3 0.339750 0.812333 0.067500 0.032667
3 0.350000 0.795667 0.064000 0.030000
3 0.360500 0.781667 0.061000 0.030000
3 0.432000 0.667333 0.027000 0.017333
3 0.690250 0.697333 0.026500 0.022667
3 0.648250 0.650667 0.019500 0.017333
8 0.622250 0.633333 0.004500 0.013333
1 0.622500 0.636333 0.004000 0.007333
7 0.539000 0.620000 0.004000 0.012000
7 0.541000 0.577333 0.002000 0.009333
3 0.523250 0.723333 0.020500 0.029333
