3 0.185357 0.592857 0.083571 0.058095
3 0.231429 0.490476 0.060000 0.078095
3 0.256429 0.504762 0.067143 0.089524
10 0.281786 0.539524 0.083571 0.134286
3 0.327857 0.575238 0.070000 0.093333
3 0.357500 0.608571 0.072143 0.091429
11 0.391786 0.630000 0.079286 0.101905
3 0.428214 0.665238 0.069286 0.094286
3 0.454286 0.720476 0.077143 0.113333
3 0.477143 0.775714 0.077143 0.113333
3 0.344643 0.770952 0.079286 0.101905
3 0.567857 0.823333 0.072857 0.086667
11 0.583929 0.767143 0.080714 0.101905
3 0.587857 0.716667 0.077143 0.084762
3 0.666786 0.660952 0.040714 0.106667
7 0.719286 0.523810 0.014286 0.041905
5 0.613214 0.110476 0.015000 0.034286
5 0.932500 0.947619 0.036429 0.032381
7 0.952143 0.973333 0.021429 0.028571
7 0.906071 0.908571 0.025000 0.030476
5 0.830357 0.584762 0.039286 0.032381
5 0.823214 0.620476 0.036429 0.033333
5 0.825714 0.650476 0.037143 0.024762
7 0.858929 0.443333 0.013571 0.025714
7 0.831071 0.372857 0.015000 0.029524
7 0.735000 0.314286 0.012857 0.030476
7 0.745714 0.320952 0.012857 0.030476
7 0.759643 0.327143 0.013571 0.031429
7 0.770714 0.326667 0.011429 0.028571
7 0.773214 0.146190 0.012143 0.040952
7 0.859643 0.125714 0.010714 0.030476
7 0.802143 0.062381 0.010000 0.023810
7 0.759643 0.058095 0.009286 0.022857
7 0.855714 0.042857 0.011429 0.028571
7 0.858929 0.017619 0.012143 0.025714
