0 0.350731 0.176252 0.016701 0.024119
5 0.359603 0.230056 0.011482 0.012987
9 0.360386 0.224954 0.019311 0.015770
7 0.122129 0.909091 0.016701 0.044527
7 0.131785 0.907236 0.015136 0.053803
9 0.210073 0.973562 0.029749 0.049165
7 0.323591 0.950371 0.014614 0.049165
8 0.347860 0.965677 0.019311 0.040816
5 0.346033 0.967532 0.021921 0.051948
0 0.371086 0.807050 0.028184 0.072356
7 0.390397 0.831169 0.014614 0.044527
7 0.399791 0.821429 0.010438 0.043599
5 0.391962 0.724490 0.024008 0.027829
5 0.400574 0.713822 0.017223 0.034323
5 0.403967 0.704082 0.014614 0.029685
5 0.407620 0.691095 0.013570 0.031540
1 0.478079 0.721243 0.021921 0.030612
5 0.442328 0.700371 0.018267 0.022263
5 0.434499 0.690631 0.018267 0.017625
5 0.436848 0.678108 0.021921 0.024119
5 0.450157 0.669295 0.020355 0.021336
5 0.422756 0.633581 0.009395 0.031540
5 0.448591 0.651670 0.017223 0.026902
9 0.481211 0.685065 0.038622 0.049165
9 0.446764 0.621058 0.027140 0.026902
9 0.457724 0.584879 0.034447 0.026902
9 0.459551 0.562152 0.034969 0.033395
9 0.460334 0.544991 0.036534 0.030612
0 0.499739 0.619202 0.037056 0.049165
0 0.501044 0.580705 0.030271 0.038961
0 0.577505 0.548701 0.019311 0.051020
8 0.529228 0.634972 0.007307 0.017625
8 0.544102 0.656772 0.012004 0.035250
5 0.544624 0.662801 0.010960 0.038033
1 0.529489 0.640074 0.006785 0.025974
0 0.531054 0.741187 0.024530 0.072356
7 0.520877 0.832096 0.009395 0.044527
2 0.552192 0.835343 0.050104 0.197588
3 0.622390 0.758813 0.033925 0.103896
5 0.472077 0.446660 0.013048 0.017625
10 0.597599 0.417440 0.032359 0.068646
8 0.634656 0.406308 0.005219 0.018553
5 0.634395 0.411410 0.007829 0.023191
7 0.872129 0.974026 0.011482 0.040816
7 0.788622 0.702226 0.011482 0.040816
1 0.789144 0.705009 0.018789 0.038961
0 0.633873 0.309833 0.010960 0.037106
9 0.672234 0.262523 0.011482 0.025974
9 0.647965 0.276438 0.019311 0.024119
5 0.669885 0.237477 0.008873 0.014842
8 0.575939 0.266698 0.004697 0.015770
5 0.575939 0.269944 0.005741 0.018553
9 0.572286 0.230983 0.007829 0.025974
8 0.572025 0.232839 0.004175 0.014842
10 0.659186 0.223562 0.018789 0.022263
3 0.568372 0.163729 0.014614 0.021336
3 0.517484 0.282931 0.023486 0.022263
7 0.523747 0.202690 0.003653 0.017625
3 0.546712 0.166048 0.016180 0.016698
3 0.642484 0.166048 0.024008 0.020408
5 0.643528 0.128942 0.008351 0.009276
5 0.646660 0.148423 0.006263 0.007421
5 0.652662 0.154917 0.005741 0.009276
5 0.618998 0.179035 0.004175 0.012987
8 0.618998 0.175788 0.003132 0.012059
0 0.613779 0.091373 0.009395 0.013915
7 0.639353 0.089054 0.003132 0.009276
8 0.603862 0.087662 0.003132 0.010204
5 0.603601 0.089054 0.002610 0.009276
8 0.584029 0.093692 0.002088 0.009276
5 0.584029 0.096475 0.003132 0.009276
3 0.575157 0.082560 0.012526 0.014842
8 0.606211 0.061688 0.002610 0.006494
8 0.600992 0.062152 0.001566 0.007421
5 0.605950 0.064471 0.002088 0.006494
5 0.600992 0.064471 0.001566 0.006494
0 0.581942 0.055659 0.005219 0.011132
0 0.590031 0.027365 0.003653 0.008349
3 0.579593 0.025510 0.003653 0.010204
8 0.595251 0.026438 0.001566 0.004638
8 0.586117 0.012523 0.002088 0.004638
8 0.588987 0.008813 0.001566 0.004638
8 0.586900 0.001855 0.001566 0.003711
8 0.598643 0.001391 0.001044 0.002783
5 0.587161 0.002783 0.001044 0.003711
5 0.598643 0.002783 0.001044 0.003711
5 0.586378 0.013915 0.001566 0.003711
5 0.588987 0.011132 0.001566 0.005566
0 0.604906 0.010668 0.002088 0.008349
7 0.597860 0.015306 0.001566 0.006494
7 0.605428 0.017625 0.002088 0.007421
8 0.600470 0.015770 0.001566 0.005566
8 0.602818 0.016234 0.001044 0.004638
5 0.603079 0.018089 0.001566 0.004638
5 0.600731 0.018089 0.002088 0.004638
9 0.599687 0.023655 0.003132 0.008349
8 0.599426 0.020408 0.002610 0.003711
4 0.584812 0.028293 0.004697 0.012059
4 0.601775 0.038497 0.007307 0.008349
