7 0.479286 0.664762 0.008571 0.013333
7 0.473214 0.680476 0.009286 0.012381
7 0.465000 0.744762 0.011429 0.009524
7 0.475714 0.736190 0.012857 0.011429
7 0.552857 0.781429 0.007143 0.012381
7 0.474643 0.787619 0.012143 0.013333
3 0.442500 0.773333 0.037857 0.114286
7 0.510000 0.977619 0.010000 0.014286
7 0.528571 0.948571 0.010000 0.015238
7 0.522143 0.904286 0.010000 0.012381
5 0.607857 0.900952 0.018571 0.055238
4 0.641786 0.930952 0.032143 0.021905
1 0.773571 0.823810 0.012857 0.024762
8 0.786429 0.810000 0.014286 0.018095
3 0.847857 0.814286 0.062857 0.112381
3 0.966071 0.780476 0.063571 0.117143
9 0.964286 0.564286 0.037143 0.065714
9 0.688571 0.703810 0.057143 0.041905
7 0.554286 0.653333 0.015714 0.024762
9 0.441071 0.685714 0.029286 0.028571
5 0.441071 0.666190 0.029286 0.020000
1 0.437857 0.646190 0.027143 0.014286
1 0.431786 0.563333 0.022143 0.020000
3 0.496429 0.313333 0.040000 0.106667
7 0.461429 0.132381 0.008571 0.028571
