6 0.117500 0.867143 0.125000 0.237143
7 0.176429 0.936190 0.060000 0.125714
7 0.103571 0.572381 0.035714 0.089524
7 0.390357 0.543810 0.029286 0.083810
1 0.541071 0.570952 0.032143 0.098095
7 0.397143 0.485238 0.021429 0.063810
9 0.433571 0.469524 0.020000 0.070476
7 0.433571 0.462381 0.017143 0.052381
7 0.463214 0.466190 0.023571 0.071429
7 0.356071 0.416667 0.020714 0.060000
7 0.250000 0.448095 0.020000 0.067619
7 0.464286 0.374286 0.012857 0.047619
7 0.909286 0.709048 0.045714 0.132381
7 0.970000 0.735714 0.038571 0.120952
7 0.927143 0.664286 0.021429 0.126667
6 0.891786 0.557143 0.120714 0.177143
3 0.936071 0.512857 0.126429 0.115238
3 0.913929 0.381905 0.080714 0.047619
3 0.516429 0.484762 0.060000 0.078095
3 0.505357 0.428571 0.050714 0.057143
1 0.300000 0.451905 0.041429 0.035238
5 0.308929 0.438571 0.042143 0.046667
5 0.391071 0.420000 0.020714 0.038095
5 0.398571 0.393810 0.015714 0.031429
7 0.423929 0.378571 0.013571 0.042857
7 0.436071 0.348571 0.009286 0.034286
7 0.422500 0.358571 0.010714 0.031429
7 0.404643 0.361429 0.010714 0.039048
7 0.387143 0.376190 0.012857 0.036190
4 0.386429 0.345714 0.028571 0.064762
3 0.800000 0.480476 0.071429 0.088571
11 0.062857 0.703333 0.125714 0.155238
11 0.033214 0.818571 0.065000 0.204762
7 0.266071 0.386667 0.015000 0.055238
7 0.105714 0.491429 0.020000 0.064762
7 0.414286 0.339048 0.010000 0.034286
7 0.989643 0.708571 0.019286 0.127619
4 0.483571 0.330952 0.027143 0.031429
7 0.193929 0.435238 0.015000 0.074286
8 0.540714 0.565238 0.028571 0.080952
