3 0.049643 0.513333 0.015000 0.009524
3 0.065714 0.494762 0.015714 0.008571
3 0.070000 0.484286 0.012857 0.010476
3 0.106429 0.506667 0.014286 0.009524
10 0.111071 0.497619 0.016429 0.010476
3 0.116429 0.491905 0.015714 0.008571
3 0.120714 0.484762 0.015714 0.009524
3 0.128929 0.474286 0.015000 0.009524
3 0.135000 0.463810 0.014286 0.007619
3 0.138571 0.458095 0.014286 0.007619
3 0.141429 0.450000 0.014286 0.006667
3 0.148214 0.444286 0.012143 0.008571
11 0.148214 0.435714 0.012143 0.008571
3 0.158929 0.424762 0.013571 0.007619
3 0.166429 0.415238 0.015714 0.007619
3 0.193571 0.380952 0.014286 0.007619
4 0.181429 0.350000 0.011429 0.012381
3 0.415714 0.503333 0.010000 0.016190
3 0.408571 0.542381 0.012857 0.014286
3 0.416071 0.550000 0.012143 0.016190
11 0.423214 0.553810 0.009286 0.014286
3 0.434643 0.554762 0.012143 0.014286
11 0.443571 0.560476 0.012857 0.014286
3 0.423214 0.507619 0.009286 0.013333
3 0.433571 0.512857 0.011429 0.014286
3 0.447143 0.517143 0.008571 0.015238
3 0.456071 0.523810 0.013571 0.015238
3 0.464286 0.529048 0.012857 0.014286
3 0.472500 0.532381 0.009286 0.015238
0 0.491786 0.597619 0.010714 0.010476
3 0.296429 0.684286 0.015714 0.018095
3 0.281786 0.670000 0.015000 0.016190
11 0.356786 0.742857 0.007857 0.022857
11 0.383214 0.755714 0.013571 0.025714
3 0.338929 0.794762 0.007857 0.021905
3 0.382857 0.801905 0.017143 0.024762
3 0.397143 0.777619 0.015714 0.023810
3 0.415357 0.751429 0.016429 0.020952
3 0.364643 0.835714 0.015000 0.029524
3 0.337857 0.860476 0.014286 0.031429
3 0.354286 0.870476 0.012857 0.028571
3 0.339643 0.903810 0.016429 0.026667
3 0.318929 0.967143 0.016429 0.035238
7 0.342500 0.814286 0.005000 0.011429
7 0.308929 0.809524 0.003571 0.009524
7 0.314286 0.710000 0.002857 0.006667
7 0.316786 0.708571 0.002143 0.007619
10 0.339286 0.688571 0.011429 0.020952
7 0.350000 0.692857 0.002857 0.004762
7 0.346429 0.692381 0.001429 0.005714
7 0.344643 0.694762 0.002143 0.004762
7 0.413571 0.678095 0.001429 0.005714
7 0.415357 0.681429 0.002143 0.006667
7 0.452143 0.672857 0.002857 0.006667
7 0.474286 0.655714 0.001429 0.006667
7 0.477143 0.653333 0.001429 0.005714
4 0.509643 0.600000 0.019286 0.028571
7 0.532857 0.567143 0.001429 0.006667
7 0.535000 0.568571 0.001429 0.005714
7 0.555714 0.527143 0.001429 0.004762
7 0.557143 0.528095 0.001429 0.004762
7 0.560714 0.525714 0.001429 0.005714
7 0.595714 0.460952 0.001429 0.005714
7 0.598571 0.461905 0.001429 0.005714
7 0.600714 0.455714 0.001429 0.006667
7 0.603571 0.456667 0.001429 0.006667
7 0.606071 0.455238 0.002143 0.005714
10 0.530357 0.430476 0.015000 0.028571
7 0.618214 0.435238 0.002143 0.005714
7 0.621429 0.436667 0.001429 0.004762
7 0.628929 0.421905 0.000714 0.005714
7 0.630357 0.422857 0.002143 0.005714
7 0.640000 0.393810 0.001429 0.004762
7 0.644643 0.394762 0.002143 0.006667
7 0.646429 0.395714 0.001429 0.006667
3 0.645357 0.378571 0.009286 0.010476
3 0.621429 0.362381 0.005714 0.010476
3 0.607857 0.247619 0.008571 0.005714
3 0.605357 0.241429 0.009286 0.004762
3 0.592857 0.240476 0.007143 0.006667
3 0.615714 0.245714 0.007143 0.005714
11 0.647857 0.240952 0.005714 0.007619
2 0.632857 0.237143 0.012857 0.015238
2 0.628214 0.233333 0.012143 0.015238
2 0.609643 0.236667 0.017857 0.016190
10 0.890714 0.514286 0.011429 0.017143
10 0.874286 0.483333 0.017143 0.012381
