11 0.006786 0.098095 0.013571 0.019048
3 0.013929 0.195714 0.025000 0.020000
7 0.288214 0.214286 0.007857 0.015238
11 0.302857 0.253810 0.025714 0.029524
3 0.234286 0.275714 0.044286 0.023810
3 0.250357 0.294762 0.035000 0.025714
3 0.256071 0.302381 0.039286 0.029524
3 0.271429 0.317619 0.041429 0.027619
3 0.311786 0.372857 0.045000 0.037143
3 0.340714 0.386667 0.040000 0.030476
3 0.371071 0.420476 0.059286 0.037143
3 0.409643 0.457619 0.059286 0.048571
3 0.148929 0.304762 0.042143 0.034286
3 0.161429 0.317143 0.051429 0.030476
3 0.171071 0.324762 0.052143 0.022857
3 0.176786 0.340000 0.056429 0.030476
3 0.242857 0.440000 0.062857 0.043810
3 0.258214 0.456190 0.059286 0.041905
3 0.273214 0.479524 0.066429 0.050476
3 0.287500 0.498095 0.063571 0.049524
3 0.300000 0.526190 0.070000 0.054286
3 0.448571 0.498571 0.065714 0.048571
3 0.186429 0.353810 0.050000 0.033333
3 0.316786 0.544762 0.066429 0.057143
3 0.373214 0.551429 0.060714 0.057143
3 0.464643 0.522857 0.059286 0.053333
3 0.512143 0.526667 0.047143 0.038095
5 0.451429 0.389524 0.015714 0.015238
5 0.425714 0.365238 0.015714 0.023810
5 0.440357 0.375238 0.015000 0.024762
3 0.365000 0.673333 0.075714 0.074286
11 0.066071 0.710000 0.107857 0.094286
3 0.076071 0.749048 0.103571 0.103810
3 0.720000 0.794762 0.094286 0.119048
3 0.799286 0.692381 0.080000 0.087619
3 0.778571 0.749524 0.094286 0.106667
3 0.727857 0.617143 0.060000 0.053333
3 0.793929 0.567619 0.056429 0.053333
3 0.906071 0.165238 0.017857 0.025714
3 0.711071 0.459524 0.046429 0.044762
3 0.762857 0.427143 0.044286 0.037143
3 0.947500 0.257143 0.043571 0.022857
3 0.970357 0.246667 0.040714 0.024762
3 0.987143 0.237619 0.024286 0.018095
3 0.967857 0.421429 0.035714 0.035238
3 0.840000 0.241429 0.024286 0.023810
3 0.852857 0.196667 0.017143 0.025714
5 0.897500 0.432381 0.020714 0.022857
5 0.693929 0.575238 0.022143 0.022857
8 0.698571 0.568571 0.012857 0.017143
8 0.896071 0.432381 0.010714 0.019048
8 0.902143 0.428571 0.005714 0.017143
3 0.885714 0.489524 0.044286 0.034286
3 0.846429 0.523333 0.045714 0.039048
5 0.941786 0.599524 0.017857 0.031429
5 0.973929 0.597619 0.013571 0.035238
5 0.863571 0.636190 0.018571 0.026667
3 0.953214 0.667143 0.067857 0.079048
