3 0.528929 0.168571 0.013571 0.036190
3 0.621786 0.265238 0.015000 0.035238
3 0.562857 0.314286 0.014286 0.034286
3 0.586071 0.321905 0.013571 0.038095
3 0.605714 0.329524 0.012857 0.032381
3 0.635714 0.238571 0.014286 0.033333
3 0.683571 0.272381 0.024286 0.015238
3 0.677143 0.309524 0.025714 0.015238
11 0.553571 0.180000 0.011429 0.032381
5 0.585714 0.075238 0.005714 0.017143
5 0.594286 0.122857 0.005714 0.015238
5 0.596071 0.010952 0.003571 0.014286
5 0.597500 0.073810 0.005000 0.012381
5 0.470714 0.280952 0.005714 0.015238
5 0.432143 0.264286 0.005714 0.012381
4 0.680714 0.161429 0.024286 0.050476
8 0.597857 0.072857 0.004286 0.006667
8 0.431429 0.265238 0.005714 0.008571
7 0.481071 0.206667 0.003571 0.007619
7 0.435000 0.425238 0.004286 0.012381
3 0.406071 0.541905 0.012143 0.036190
3 0.407143 0.580476 0.010000 0.033333
5 0.386429 0.518095 0.008571 0.007619
5 0.373929 0.523333 0.009286 0.006667
5 0.360000 0.524762 0.011429 0.007619
5 0.384643 0.540000 0.009286 0.007619
5 0.437500 0.809524 0.005000 0.015238
3 0.263214 0.522857 0.027857 0.017143
11 0.293214 0.686667 0.023571 0.017143
3 0.294643 0.663810 0.025000 0.015238
7 0.471786 0.869524 0.005000 0.009524
3 0.704286 0.590000 0.025714 0.021905
3 0.702500 0.619048 0.023571 0.034286
