7 0.511429 0.079524 0.007143 0.023810
7 0.694286 0.023810 0.012857 0.022857
7 0.685357 0.061429 0.010714 0.027619
11 0.712143 0.086190 0.025714 0.063810
11 0.490000 0.180476 0.024286 0.077143
3 0.645357 0.259048 0.030714 0.112381
11 0.725000 0.380000 0.030000 0.080000
3 0.726786 0.482857 0.033571 0.080000
11 0.501786 0.348095 0.029286 0.086667
5 0.806071 0.494762 0.010714 0.031429
11 0.782143 0.710476 0.034286 0.102857
3 0.732500 0.911429 0.032143 0.078095
7 0.754286 0.960476 0.014286 0.016190
11 0.973571 0.634762 0.051429 0.033333
11 0.972143 0.509524 0.054286 0.040000
10 0.560714 0.291429 0.030000 0.144762
