8 0.394286 0.916878 0.007143 0.031726
11 0.450714 0.762690 0.015714 0.055838
11 0.195000 0.757614 0.022857 0.017766
11 0.193214 0.713832 0.022143 0.034264
11 0.205357 0.694797 0.025000 0.036802
3 0.218214 0.684645 0.020714 0.029188
3 0.231071 0.667513 0.020714 0.027919
11 0.241429 0.650381 0.022857 0.034264
11 0.313571 0.578046 0.028571 0.034264
3 0.374286 0.625000 0.024286 0.019036
3 0.383571 0.597081 0.025714 0.021574
11 0.383929 0.524746 0.010714 0.026650
3 0.381429 0.500000 0.010000 0.020305
7 0.377500 0.485406 0.002143 0.011421
7 0.390714 0.494924 0.004286 0.007614
3 0.382500 0.474619 0.007857 0.020305
3 0.383929 0.444162 0.009286 0.020305
11 0.381786 0.421954 0.009286 0.019036
8 0.180714 0.531726 0.004286 0.007614
7 0.166786 0.553299 0.005000 0.015228
8 0.157857 0.539975 0.004286 0.006345
8 0.206071 0.446066 0.006429 0.006345
8 0.219286 0.434645 0.004286 0.006345
8 0.297500 0.373096 0.003571 0.010152
11 0.373929 0.293147 0.007857 0.015228
11 0.387143 0.289975 0.008571 0.016497
3 0.375714 0.156091 0.004286 0.010152
3 0.413571 0.172589 0.005714 0.010152
7 0.347143 0.089467 0.001429 0.008883
7 0.348929 0.092005 0.000714 0.008883
11 0.394286 0.093274 0.008571 0.011421
11 0.468214 0.282995 0.007857 0.017766
11 0.471071 0.315355 0.007857 0.016497
3 0.455714 0.345812 0.015714 0.016497
3 0.444643 0.378173 0.017857 0.015228
3 0.546071 0.340102 0.010714 0.017766
10 0.590714 0.298858 0.011429 0.024112
2 0.553571 0.302665 0.012857 0.054569
2 0.885357 0.539975 0.053571 0.039340
8 0.969286 0.336294 0.001429 0.005076
8 0.914286 0.352157 0.002857 0.011421
8 0.861786 0.256980 0.005000 0.003807
8 0.869643 0.263959 0.005000 0.005076
8 0.907500 0.335025 0.006429 0.005076
8 0.896071 0.340102 0.005000 0.002538
7 0.895000 0.303299 0.002857 0.007614
