7 0.130000 0.523810 0.014286 0.043810
7 0.622143 0.732857 0.018571 0.065714
8 0.208929 0.746667 0.027857 0.047619
7 0.237143 0.638571 0.012857 0.040952
5 0.226786 0.639048 0.035000 0.028571
5 0.056786 0.416667 0.020714 0.010476
8 0.053929 0.449048 0.006429 0.016190
7 0.415000 0.388571 0.007143 0.015238
7 0.453214 0.388095 0.005000 0.016190
7 0.792857 0.452381 0.005714 0.024762
7 0.695000 0.415714 0.005714 0.020000
7 0.508214 0.430476 0.006429 0.020952
7 0.501429 0.431429 0.004286 0.019048
7 0.504643 0.429524 0.005000 0.019048
7 0.520357 0.430000 0.006429 0.016190
7 0.515357 0.422857 0.005000 0.015238
7 0.518929 0.423333 0.003571 0.014286
7 0.483929 0.432857 0.005000 0.018095
7 0.469643 0.429524 0.005000 0.019048
7 0.464643 0.430000 0.005000 0.018095
7 0.462143 0.433810 0.004286 0.018095
7 0.450714 0.430000 0.004286 0.021905
7 0.493929 0.422857 0.005000 0.019048
7 0.487857 0.420476 0.004286 0.016190
7 0.484286 0.421905 0.004286 0.015238
7 0.475357 0.410000 0.005000 0.016190
7 0.455000 0.430952 0.004286 0.016190
8 0.455357 0.427143 0.002143 0.008571
8 0.486786 0.410000 0.005000 0.010476
7 0.500357 0.386667 0.003571 0.013333
8 0.504643 0.385714 0.003571 0.009524
3 0.522857 0.364762 0.011429 0.009524
8 0.525000 0.382857 0.002857 0.011429
7 0.880000 0.390476 0.004286 0.017143
8 0.898214 0.388571 0.005000 0.009524
8 0.924643 0.455714 0.003571 0.010476
8 0.927143 0.455238 0.004286 0.009524
7 0.972857 0.345714 0.002857 0.009524
7 0.967857 0.344762 0.002857 0.009524
7 0.987500 0.347619 0.003571 0.009524
8 0.993214 0.345238 0.002143 0.008571
1 0.993571 0.348095 0.005714 0.004762
