7 0.449000 0.749667 0.023000 0.044667
7 0.450500 0.737333 0.021000 0.049333
10 0.414000 0.754667 0.083000 0.236000
10 0.402500 0.553667 0.059000 0.139333
11 0.491250 0.536000 0.059500 0.129333
5 0.367750 0.421000 0.021500 0.038000
7 0.368500 0.379667 0.011000 0.038000
7 0.402250 0.372667 0.013500 0.040000
7 0.408750 0.354333 0.013500 0.038000
11 0.321250 0.311000 0.085500 0.063333
3 0.367750 0.253000 0.029500 0.054000
8 0.340250 0.217000 0.007500 0.022000
7 0.352750 0.211333 0.007500 0.033333
3 0.331750 0.207000 0.064500 0.040667
3 0.300500 0.169333 0.028000 0.041333
5 0.289000 0.153667 0.016000 0.020667
7 0.363750 0.144667 0.007500 0.026667
7 0.367750 0.127333 0.007500 0.025333
7 0.301000 0.107000 0.009000 0.026000
7 0.293000 0.119333 0.007000 0.020000
7 0.288750 0.112000 0.008500 0.025333
7 0.289500 0.110000 0.007000 0.025333
3 0.346500 0.118667 0.022000 0.029333
7 0.382500 0.065333 0.006000 0.021333
11 0.300750 0.024333 0.013500 0.024667
11 0.302000 0.045000 0.013000 0.026000
7 0.346500 0.049000 0.005000 0.019333
5 0.341250 0.033000 0.004500 0.012667
8 0.342000 0.029000 0.006000 0.015333
11 0.552500 0.462333 0.053000 0.096667
8 0.495250 0.309667 0.014500 0.027333
10 0.476500 0.274333 0.043000 0.070000
3 0.611500 0.927333 0.095000 0.140000
8 0.600000 0.695667 0.009000 0.022000
7 0.597500 0.669667 0.015000 0.024667
7 0.626750 0.626000 0.025500 0.058667
7 0.598250 0.643667 0.016500 0.048667
10 0.626500 0.533333 0.098000 0.125333
7 0.438250 0.184667 0.006500 0.026667
7 0.439750 0.179000 0.006500 0.028667
8 0.455250 0.099000 0.009500 0.018000
8 0.454250 0.095667 0.007500 0.018000
10 0.436500 0.141667 0.025000 0.043333
3 0.408250 0.121333 0.023500 0.032000
3 0.404250 0.084000 0.019500 0.024000
7 0.375000 0.007667 0.006000 0.015333
8 0.391750 0.024000 0.006500 0.009333
