3 0.954286 0.661429 0.067143 0.065714
3 0.940357 0.040952 0.013571 0.024762
3 0.948929 0.050476 0.013571 0.026667
10 0.925357 0.111905 0.029286 0.054286
3 0.975714 0.122381 0.017143 0.029524
3 0.980714 0.152857 0.014286 0.031429
3 0.976071 0.195238 0.020714 0.034286
2 0.960357 0.246667 0.039286 0.091429
3 0.961071 0.311429 0.025000 0.043810
3 0.996429 0.281429 0.005714 0.035238
3 0.715714 0.464762 0.028571 0.032381
3 0.697143 0.696667 0.038571 0.029524
3 0.704643 0.658095 0.032143 0.026667
3 0.704286 0.619524 0.037143 0.025714
3 0.634286 0.577143 0.025714 0.020952
3 0.661429 0.625714 0.031429 0.024762
3 0.645000 0.654286 0.031429 0.026667
3 0.653571 0.689524 0.032857 0.026667
3 0.616786 0.683333 0.030714 0.025714
3 0.610000 0.648571 0.028571 0.024762
3 0.626071 0.618571 0.027857 0.021905
3 0.589286 0.618095 0.027143 0.022857
3 0.577500 0.647619 0.022143 0.020952
3 0.586071 0.676667 0.029286 0.025714
3 0.559286 0.675714 0.022857 0.021905
3 0.567857 0.619048 0.020000 0.019048
3 0.553571 0.647143 0.020000 0.016190
3 0.539643 0.667143 0.022143 0.020000
3 0.519286 0.660476 0.018571 0.016190
10 0.528214 0.640000 0.025000 0.017143
3 0.541786 0.617619 0.017857 0.016190
3 0.547143 0.584762 0.017143 0.017143
3 0.571786 0.545714 0.019286 0.015238
3 0.507857 0.639524 0.017143 0.014286
3 0.522857 0.618571 0.017143 0.016190
3 0.490714 0.637143 0.014286 0.015238
3 0.497143 0.617143 0.015714 0.017143
3 0.482500 0.617619 0.015000 0.014286
3 0.475000 0.634762 0.014286 0.014286
3 0.463571 0.616667 0.012857 0.014286
7 0.457500 0.689524 0.007857 0.009524
7 0.468214 0.545238 0.005000 0.006667
3 0.457857 0.576190 0.010000 0.009524
3 0.413929 0.589524 0.007857 0.009524
3 0.370714 0.593810 0.005714 0.006667
3 0.367143 0.620476 0.007143 0.006667
3 0.352500 0.648571 0.006429 0.007619
3 0.337857 0.629048 0.004286 0.006667
2 0.336429 0.588571 0.008571 0.009524
7 0.340000 0.584286 0.002857 0.004762
3 0.321786 0.601429 0.003571 0.004762
3 0.305357 0.617619 0.003571 0.004762
3 0.308571 0.599524 0.002857 0.004762
3 0.301786 0.623810 0.002143 0.003810
4 0.246429 0.727143 0.115714 0.176190
3 0.266071 0.678095 0.005000 0.009524
3 0.254286 0.682857 0.002857 0.003810
3 0.294286 0.619524 0.002857 0.002857
3 0.296071 0.613810 0.002143 0.002857
3 0.290000 0.601429 0.001429 0.002857
3 0.286429 0.599048 0.002857 0.003810
10 0.276786 0.601429 0.005000 0.004762
10 0.271071 0.605238 0.005000 0.004762
3 0.286071 0.613333 0.002143 0.003810
3 0.290000 0.619048 0.002857 0.003810
3 0.286071 0.617619 0.002143 0.002857
3 0.278929 0.617143 0.002143 0.003810
3 0.295357 0.657143 0.006429 0.011429
3 0.292857 0.655714 0.005714 0.012381
3 0.289643 0.652857 0.006429 0.012381
3 0.300714 0.660000 0.007143 0.013333
