3 0.300500 0.960333 0.142000 0.075333
7 0.438750 0.772000 0.018500 0.058667
3 0.459750 0.816000 0.110500 0.149333
3 0.545000 0.702000 0.078000 0.096000
3 0.608750 0.629000 0.091500 0.079333
3 0.656750 0.568667 0.069500 0.074667
8 0.648500 0.504667 0.015000 0.028000
11 0.648000 0.425000 0.080000 0.056667
1 0.704500 0.427000 0.012000 0.026000
1 0.728000 0.427667 0.025000 0.026000
3 0.752750 0.444667 0.046500 0.044000
7 0.764750 0.467000 0.011500 0.036667
11 0.770000 0.402667 0.039000 0.056000
3 0.791500 0.382000 0.035000 0.040000
11 0.809750 0.345667 0.027500 0.042000
11 0.826750 0.325333 0.027500 0.041333
11 0.839250 0.305667 0.024500 0.035333
7 0.919000 0.533333 0.012000 0.041333
7 0.924750 0.529333 0.016500 0.042667
7 0.968500 0.533000 0.019000 0.038000
8 0.911500 0.227333 0.005000 0.013333
5 0.912250 0.231667 0.007500 0.014000
3 0.797250 0.200333 0.032500 0.016667
3 0.687500 0.187667 0.030000 0.018000
11 0.924750 0.191000 0.015500 0.018000
3 0.943000 0.194000 0.014000 0.013333
11 0.974500 0.182000 0.020000 0.016000
11 0.964500 0.193000 0.013000 0.020667
3 0.944250 0.162667 0.011500 0.012000
3 0.948000 0.159000 0.010000 0.011333
8 0.977500 0.156333 0.004000 0.011333
1 0.977750 0.158333 0.002500 0.008667
3 0.987250 0.164667 0.012500 0.010667
3 0.989500 0.155667 0.012000 0.010000
3 0.995000 0.139667 0.009000 0.008667
11 0.994500 0.137000 0.009000 0.008667
3 0.961500 0.129333 0.008000 0.008000
3 0.962500 0.125000 0.008000 0.007333
3 0.976250 0.122667 0.008500 0.009333
11 0.988750 0.121333 0.008500 0.012000
11 0.985500 0.117667 0.008000 0.008667
