3 0.402143 0.964762 0.122857 0.068571
11 0.201429 0.979524 0.118571 0.039048
3 0.166786 0.652381 0.119286 0.102857
3 0.263214 0.390476 0.067857 0.139048
11 0.386429 0.238095 0.071429 0.135238
3 0.616071 0.321429 0.073571 0.151429
3 0.680000 0.348095 0.071429 0.149524
3 0.738571 0.381429 0.072857 0.141905
3 0.778571 0.161429 0.111429 0.084762
3 0.516429 0.071429 0.097143 0.091429
3 0.939643 0.445238 0.079286 0.157143
7 0.842143 0.440476 0.024286 0.029524
7 0.592500 0.508095 0.020714 0.025714
7 0.692857 0.145238 0.021429 0.039048
7 0.823929 0.094286 0.017857 0.040000
5 0.673571 0.247143 0.037143 0.044762
1 0.733214 0.283810 0.035000 0.034286
1 0.782857 0.308571 0.038571 0.034286
3 0.516429 0.271429 0.058571 0.106667
3 0.461429 0.258571 0.067143 0.132381
7 0.650000 0.554762 0.020000 0.020000
5 0.972857 0.322857 0.040000 0.041905
8 0.146071 0.366190 0.022143 0.025714
7 0.134286 0.297619 0.031429 0.029524
8 0.030000 0.369524 0.041429 0.024762
1 0.155000 0.368095 0.041429 0.027619
1 0.030714 0.377143 0.037143 0.045714
