4 0.021921 0.391002 0.043841 0.012059
7 0.081420 0.498609 0.004175 0.019481
7 0.100992 0.488868 0.004697 0.022263
7 0.117432 0.489796 0.006263 0.022263
7 0.074635 0.648423 0.011482 0.048237
7 0.254697 0.593692 0.013570 0.042672
7 0.435804 0.585343 0.009395 0.033395
7 0.616388 0.602041 0.005219 0.035250
7 0.621608 0.597403 0.008351 0.033395
7 0.558716 0.674397 0.012004 0.063080
7 0.549843 0.670223 0.008873 0.060297
7 0.567328 0.666048 0.009395 0.057514
7 0.579332 0.671150 0.009395 0.049165
8 0.585595 0.660946 0.008351 0.038033
7 0.588727 0.674397 0.010438 0.061224
7 0.804802 0.636827 0.009395 0.034323
7 0.706159 0.585807 0.006263 0.038033
7 0.670929 0.606215 0.007829 0.041744
7 0.777401 0.506957 0.008873 0.021336
7 0.767223 0.478664 0.004175 0.014842
7 0.775835 0.474026 0.004697 0.016698
7 0.772965 0.467532 0.002088 0.012987
7 0.777662 0.464286 0.002088 0.008349
8 0.781837 0.460575 0.003132 0.013915
5 0.781576 0.462894 0.003653 0.011132
