10 0.975357 0.770939 0.047857 0.097716
10 0.909286 0.802665 0.071429 0.120558
3 0.581429 0.949873 0.034286 0.069797
10 0.607143 0.918147 0.060000 0.130711
3 0.510357 0.927665 0.035000 0.071066
3 0.535000 0.913706 0.035714 0.071066
10 0.522857 0.788706 0.067143 0.161168
2 0.496071 0.816624 0.042143 0.092640
3 0.460357 0.735406 0.032143 0.059645
2 0.464286 0.668147 0.041429 0.090102
3 0.435000 0.665609 0.030000 0.059645
3 0.402857 0.604061 0.030000 0.055838
2 0.412857 0.539340 0.060000 0.144670
3 0.286429 0.640863 0.028571 0.058376
