3 0.013929 0.933810 0.019286 0.042857
3 0.032857 0.951429 0.020000 0.049524
3 0.046786 0.965238 0.019286 0.044762
3 0.061786 0.980476 0.023571 0.037143
3 0.080000 0.978095 0.028571 0.041905
7 0.193214 0.959048 0.007857 0.007619
8 0.215714 0.963810 0.005714 0.005714
7 0.185000 0.650952 0.005714 0.004762
5 0.437500 0.685238 0.007857 0.006667
5 0.440357 0.689048 0.006429 0.006667
5 0.444286 0.693333 0.007143 0.007619
5 0.447857 0.700000 0.007143 0.007619
1 0.163214 0.487619 0.009286 0.003810
1 0.162857 0.482857 0.008571 0.001905
5 0.159643 0.477619 0.009286 0.002857
5 0.159286 0.459048 0.008571 0.001905
5 0.162143 0.452857 0.008571 0.004762
9 0.167857 0.439048 0.014286 0.011429
1 0.170000 0.452857 0.007143 0.002857
7 0.885000 0.391429 0.004286 0.005714
7 0.864286 0.485238 0.004286 0.006667
7 0.857500 0.486190 0.006429 0.006667
7 0.599286 0.439524 0.002857 0.006667
7 0.600357 0.433333 0.002143 0.005714
7 0.597500 0.429524 0.002143 0.005714
3 0.677143 0.325714 0.010000 0.024762
11 0.665714 0.326190 0.012857 0.029524
3 0.716786 0.325714 0.012143 0.020952
3 0.746786 0.324762 0.012143 0.022857
3 0.678571 0.276667 0.010000 0.027619
3 0.714286 0.273333 0.011429 0.026667
3 0.730000 0.274286 0.012857 0.026667
11 0.743571 0.272857 0.018571 0.029524
3 0.755357 0.271429 0.012143 0.022857
3 0.768929 0.270952 0.012143 0.021905
3 0.792857 0.271429 0.012857 0.024762
3 0.832857 0.269524 0.012857 0.026667
3 0.849643 0.270000 0.013571 0.023810
3 0.868214 0.322857 0.016429 0.024762
11 0.855357 0.326190 0.015000 0.023810
3 0.840000 0.326667 0.014286 0.024762
3 0.822500 0.327143 0.013571 0.023810
3 0.962143 0.267619 0.015714 0.026667
3 0.976786 0.270000 0.013571 0.025714
3 0.990000 0.269524 0.012857 0.026667
3 0.958571 0.322381 0.017143 0.027619
3 0.973571 0.323810 0.012857 0.020952
3 0.988214 0.322857 0.016429 0.026667
10 0.437857 0.118571 0.018571 0.014286
3 0.462143 0.119524 0.018571 0.012381
3 0.487143 0.120000 0.018571 0.011429
3 0.510000 0.119048 0.018571 0.011429
3 0.533929 0.119048 0.017857 0.011429
10 0.559286 0.113810 0.025714 0.021905
3 0.582857 0.118095 0.015714 0.011429
3 0.607857 0.118095 0.020000 0.011429
3 0.632143 0.117143 0.018571 0.013333
3 0.653571 0.117619 0.020000 0.012381
3 0.681429 0.117143 0.020000 0.013333
3 0.706071 0.117143 0.020714 0.013333
3 0.733214 0.117143 0.017857 0.011429
3 0.760000 0.116190 0.020000 0.013333
3 0.781786 0.116190 0.019286 0.011429
3 0.807143 0.116190 0.020000 0.011429
3 0.832500 0.115714 0.020714 0.012381
11 0.856429 0.113810 0.020000 0.014286
11 0.881786 0.113333 0.023571 0.013333
11 0.905714 0.113810 0.021429 0.012381
3 0.931071 0.112381 0.022143 0.013333
3 0.954286 0.112857 0.021429 0.012381
11 0.980357 0.109524 0.025000 0.017143
3 0.878571 0.056667 0.011429 0.014286
3 0.865357 0.011905 0.017857 0.014286
3 0.865714 0.004762 0.018571 0.009524
3 0.721071 0.028571 0.019286 0.011429
3 0.721786 0.018571 0.017857 0.008571
3 0.716429 0.010952 0.018571 0.012381
3 0.715714 0.003333 0.018571 0.006667
3 0.516071 0.045238 0.012143 0.018095
3 0.571429 0.036667 0.018571 0.012381
3 0.560000 0.062381 0.008571 0.020000
3 0.570357 0.017143 0.016429 0.013333
3 0.398571 0.004286 0.014286 0.008571
3 0.392143 0.060476 0.015714 0.010476
3 0.394643 0.050952 0.019286 0.010476
3 0.357143 0.072857 0.018571 0.010476
3 0.356786 0.062381 0.019286 0.010476
3 0.359643 0.053810 0.016429 0.008571
3 0.370714 0.075714 0.005714 0.014286
11 0.285714 0.036190 0.014286 0.013333
3 0.245714 0.014762 0.020000 0.012381
3 0.247143 0.005238 0.018571 0.010476
3 0.066786 0.016190 0.019286 0.013333
3 0.124286 0.030476 0.008571 0.020952
11 0.134643 0.030000 0.009286 0.020000
3 0.117500 0.012381 0.010714 0.017143
3 0.127500 0.010476 0.010714 0.019048
