2 0.015000 0.850888 0.030000 0.118020
2 0.028214 0.858503 0.033571 0.110406
2 0.038571 0.908629 0.024286 0.076142
8 0.054286 0.266497 0.007143 0.007614
8 0.007857 0.305203 0.007143 0.006345
7 0.056071 0.521574 0.006429 0.005076
7 0.055357 0.534264 0.005000 0.005076
7 0.053571 0.539975 0.004286 0.003807
11 0.112500 0.641497 0.012143 0.034264
11 0.105000 0.694797 0.012857 0.039340
3 0.097143 0.740482 0.014286 0.036802
3 0.326786 0.715736 0.012143 0.038071
6 0.346429 0.718274 0.012857 0.027919
10 0.306786 0.698604 0.016429 0.046954
11 0.353929 0.668147 0.022143 0.019036
3 0.293929 0.528553 0.010714 0.036802
7 0.287143 0.569162 0.004286 0.006345
3 0.318571 0.484137 0.011429 0.039340
11 0.345357 0.504442 0.013571 0.039340
11 0.333214 0.496827 0.013571 0.039340
6 0.361786 0.421320 0.012143 0.027919
10 0.329643 0.350888 0.026429 0.102792
10 0.344286 0.244924 0.021429 0.073604
6 0.356071 0.166878 0.016429 0.062183
11 0.366071 0.390228 0.016429 0.036802
11 0.370357 0.363579 0.016429 0.039340
11 0.372143 0.329949 0.017143 0.043147
11 0.376071 0.300761 0.013571 0.035533
3 0.380714 0.275381 0.015714 0.038071
11 0.383214 0.241751 0.017857 0.039340
3 0.401786 0.142766 0.019286 0.016497
3 0.402500 0.121827 0.019286 0.015228
11 0.403571 0.100888 0.021429 0.016497
3 0.408929 0.062817 0.015000 0.016497
3 0.406786 0.041244 0.020714 0.016497
3 0.406429 0.004442 0.020000 0.008883
11 0.454643 0.013959 0.007857 0.027919
11 0.439643 0.032360 0.007857 0.031726
3 0.519643 0.095178 0.007857 0.035533
3 0.455357 0.114213 0.007857 0.035533
11 0.437143 0.135787 0.008571 0.030457
11 0.458214 0.196066 0.007857 0.036802
11 0.615714 0.066624 0.010000 0.039340
3 0.643571 0.045051 0.010000 0.044416
7 0.760000 0.230330 0.002857 0.008883
11 0.660714 0.327411 0.011429 0.040609
11 0.433571 0.226523 0.010000 0.041878
3 0.541429 0.319797 0.011429 0.040609
3 0.431429 0.375000 0.008571 0.034264
11 0.461429 0.324239 0.008571 0.039340
3 0.466071 0.435914 0.009286 0.039340
11 0.433571 0.479061 0.010000 0.039340
11 0.454643 0.517766 0.007857 0.038071
11 0.470000 0.545051 0.008571 0.039340
5 0.550000 0.555203 0.004286 0.019036
7 0.550000 0.557741 0.002857 0.008883
3 0.585714 0.661168 0.011429 0.043147
11 0.520357 0.744924 0.009286 0.045685
11 0.474286 0.821701 0.010000 0.039340
11 0.472500 0.981599 0.010714 0.031726
3 0.520000 0.853426 0.008571 0.039340
3 0.459286 0.913706 0.008571 0.040609
3 0.437143 0.966371 0.011429 0.041878
10 0.573929 0.975888 0.015000 0.043147
3 0.837500 0.987310 0.013571 0.020305
11 0.813571 0.891497 0.020000 0.041878
11 0.786786 0.837563 0.016429 0.035533
2 0.770357 0.784264 0.026429 0.068528
3 0.727857 0.796320 0.012857 0.039340
3 0.751429 0.719543 0.015714 0.043147
3 0.736071 0.654822 0.015000 0.043147
11 0.723214 0.598350 0.015000 0.041878
2 0.710357 0.524112 0.022143 0.065990
7 0.725357 0.459391 0.003571 0.005076
7 0.942857 0.604695 0.005714 0.003807
7 0.940357 0.637056 0.006429 0.005076
7 0.948929 0.618655 0.006429 0.003807
7 0.948571 0.642132 0.004286 0.002538
7 0.950000 0.647208 0.004286 0.002538
7 0.958929 0.642132 0.005000 0.005076
7 0.964286 0.637690 0.005714 0.003807
7 0.968214 0.595812 0.005000 0.006345
7 0.973929 0.440990 0.005000 0.003807
7 0.972500 0.414340 0.006429 0.003807
7 0.992143 0.421320 0.007143 0.005076
7 0.985357 0.404822 0.006429 0.005076
7 0.988214 0.402284 0.006429 0.005076
8 0.926071 0.420051 0.006429 0.007614
8 0.926786 0.411802 0.003571 0.003807
8 0.930357 0.416878 0.003571 0.006345
8 0.931786 0.424492 0.005000 0.006345
5 0.830000 0.461294 0.008571 0.011421
5 0.795000 0.505076 0.007143 0.010152
