10 0.427500 0.649048 0.077857 0.124762
10 0.422500 0.741905 0.022143 0.038095
10 0.220000 0.333810 0.027143 0.031429
10 0.135357 0.284762 0.009286 0.015238
3 0.230000 0.402381 0.010000 0.014286
3 0.233214 0.389524 0.009286 0.011429
4 0.060357 0.203810 0.022143 0.011429
4 0.046071 0.174286 0.020714 0.026667
4 0.017500 0.150000 0.013571 0.020000
10 0.063929 0.184286 0.007857 0.008571
10 0.071786 0.188571 0.005000 0.009524
3 0.071429 0.214286 0.005714 0.007619
3 0.078214 0.220952 0.003571 0.003810
3 0.088571 0.235714 0.004286 0.004762
3 0.098214 0.242857 0.005000 0.005714
3 0.112143 0.257619 0.004286 0.006667
3 0.139286 0.278571 0.005714 0.008571
3 0.154643 0.297143 0.006429 0.005714
10 0.087143 0.206190 0.004286 0.006667
10 0.100000 0.215714 0.011429 0.012381
6 0.428929 0.298571 0.112143 0.065714
6 0.565714 0.363333 0.148571 0.082857
4 0.580714 0.300000 0.080000 0.024762
4 0.515714 0.290000 0.032857 0.010476
3 0.676429 0.572381 0.024286 0.022857
3 0.690357 0.563810 0.025000 0.024762
3 0.640714 0.525714 0.020000 0.019048
3 0.694643 0.506667 0.020714 0.017143
