3 0.424286 0.770952 0.131429 0.088571
3 0.430714 0.546667 0.045714 0.093333
3 0.370000 0.555714 0.051429 0.086667
3 0.698214 0.417143 0.045000 0.047619
3 0.404286 0.253810 0.041429 0.025714
3 0.231786 0.675714 0.130714 0.077143
3 0.065357 0.690952 0.130714 0.080952
3 0.225000 0.548095 0.070000 0.101905
3 0.094286 0.552857 0.115714 0.094286
3 0.302500 0.546667 0.073571 0.099048
3 0.075357 0.443333 0.077857 0.058095
3 0.163929 0.441905 0.073571 0.070476
3 0.223929 0.426190 0.062143 0.063810
3 0.270714 0.400476 0.077143 0.063810
3 0.298571 0.389524 0.058571 0.045714
3 0.329643 0.373810 0.063571 0.046667
3 0.362857 0.365714 0.052857 0.041905
3 0.383214 0.352857 0.052143 0.040952
3 0.411071 0.342857 0.059286 0.041905
3 0.412500 0.324762 0.050714 0.041905
3 0.562500 0.410476 0.039286 0.041905
3 0.554643 0.369048 0.033571 0.031429
3 0.524286 0.310000 0.027143 0.033333
2 0.640714 0.328571 0.070000 0.102857
4 0.380357 0.051429 0.005000 0.020952
4 0.387500 0.079524 0.007857 0.027619
4 0.396786 0.116667 0.016429 0.040952
4 0.376071 0.109048 0.009286 0.039048
4 0.374286 0.073333 0.004286 0.009524
4 0.433929 0.125238 0.013571 0.029524
4 0.447143 0.072381 0.022857 0.022857
3 0.448214 0.091905 0.006429 0.006667
3 0.478214 0.091905 0.005000 0.006667
11 0.407143 0.148571 0.020000 0.015238
3 0.407143 0.202381 0.034286 0.018095
3 0.398929 0.188095 0.027857 0.014286
3 0.391786 0.181905 0.029286 0.017143
3 0.390714 0.176667 0.030000 0.018095
3 0.402500 0.167143 0.026429 0.014286
7 0.374643 0.157619 0.003571 0.014286
7 0.367500 0.160000 0.003571 0.015238
7 0.370714 0.161905 0.002857 0.013333
7 0.369643 0.153333 0.005000 0.015238
5 0.390000 0.279524 0.018571 0.016190
1 0.382143 0.304762 0.012857 0.020952
1 0.380000 0.212857 0.012857 0.010476
1 0.376071 0.202381 0.009286 0.010476
3 0.503571 0.122857 0.008571 0.007619
3 0.501429 0.109048 0.007143 0.008571
3 0.481429 0.102381 0.007143 0.006667
3 0.490357 0.102381 0.005000 0.008571
3 0.577143 0.154762 0.018571 0.014286
2 0.542500 0.139524 0.022143 0.031429
11 0.594286 0.131429 0.008571 0.013333
3 0.597857 0.289048 0.021429 0.031429
7 0.723214 0.247143 0.003571 0.016190
7 0.760714 0.268571 0.007143 0.022857
3 0.896429 0.193810 0.025714 0.020000
8 0.952500 0.443810 0.010714 0.024762
9 0.957500 0.453810 0.042143 0.033333
10 0.961786 0.413810 0.053571 0.050476
7 0.982143 0.447619 0.008571 0.034286
7 0.993929 0.452381 0.010714 0.028571
7 0.347143 0.770952 0.020000 0.056190
