3 0.435714 0.563452 0.017143 0.060914
3 0.357143 0.918147 0.027143 0.077411
3 0.324643 0.847716 0.022143 0.058376
3 0.396786 0.059645 0.013571 0.025381
3 0.432857 0.017766 0.010000 0.020305
3 0.282143 0.152919 0.027143 0.016497
3 0.447500 0.122462 0.010714 0.026650
3 0.450357 0.092005 0.009286 0.024112
3 0.430000 0.061548 0.008571 0.021574
3 0.487143 0.078046 0.008571 0.024112
3 0.489286 0.342005 0.012857 0.041878
3 0.490357 0.663071 0.019286 0.069797
11 0.410357 0.924492 0.022143 0.085025
11 0.339643 0.489848 0.019286 0.048223
11 0.447857 0.331853 0.015714 0.041878
11 0.482500 0.265228 0.012143 0.035533
11 0.470357 0.216371 0.013571 0.036802
11 0.471786 0.125000 0.013571 0.036802
11 0.469643 0.062183 0.010714 0.032995
3 0.488929 0.470812 0.016429 0.045685
11 0.905714 0.421954 0.055714 0.039340
2 0.962857 0.441624 0.072857 0.055838
7 0.606429 0.072335 0.005714 0.020305
7 0.586786 0.071066 0.003571 0.017766
