11 0.292143 0.305838 0.031429 0.063452
11 0.375357 0.060279 0.016429 0.031726
3 0.349286 0.013325 0.014286 0.019036
3 0.295357 0.209391 0.022143 0.038071
3 0.186071 0.342005 0.033571 0.041878
3 0.257143 0.190990 0.022857 0.031726
3 0.180357 0.222081 0.029286 0.030457
10 0.276786 0.097081 0.030714 0.057107
10 0.391786 0.079315 0.023571 0.064721
3 0.265714 0.085025 0.014286 0.017766
7 0.310714 0.983503 0.011429 0.027919
7 0.323929 0.990482 0.010714 0.013959
7 0.716429 0.973350 0.012857 0.045685
7 0.729286 0.935914 0.010000 0.041878
7 0.722857 0.810279 0.010000 0.036802
7 0.733571 0.809645 0.007143 0.038071
7 0.715357 0.764594 0.007857 0.036802
7 0.723929 0.753173 0.006429 0.036802
7 0.700357 0.748096 0.010714 0.036802
7 0.480714 0.581218 0.005714 0.022843
7 0.621429 0.585025 0.005714 0.030457
7 0.628929 0.595178 0.005000 0.025381
7 0.461429 0.551396 0.008571 0.021574
7 0.462500 0.573604 0.005000 0.017766
7 0.465357 0.595178 0.003571 0.025381
7 0.461429 0.604695 0.002857 0.021574
3 0.843214 0.916878 0.067857 0.059645
3 0.533214 0.947335 0.033571 0.100254
3 0.510714 0.701777 0.022857 0.055838
10 0.515714 0.795685 0.042857 0.134518
2 0.546429 0.699239 0.045714 0.159898
10 0.551786 0.270939 0.025000 0.069797
3 0.488929 0.136421 0.010714 0.016497
3 0.493929 0.123731 0.010714 0.019036
3 0.498214 0.111675 0.007857 0.015228
11 0.501429 0.097081 0.008571 0.019036
11 0.501786 0.079949 0.009286 0.027919
11 0.553214 0.102157 0.009286 0.024112
3 0.538214 0.049492 0.007857 0.015228
11 0.535000 0.036802 0.007143 0.020305
11 0.527857 0.016497 0.008571 0.015228
10 0.502500 0.055838 0.015000 0.032995
10 0.517857 0.044416 0.014286 0.043147
10 0.491071 0.029822 0.012143 0.031726
3 0.496071 0.013959 0.006429 0.015228
3 0.503571 0.041244 0.008571 0.019036
7 0.005000 0.391497 0.008571 0.024112
7 0.002143 0.389594 0.004286 0.022843
7 0.005357 0.361675 0.007857 0.020305
7 0.008214 0.357234 0.006429 0.024112
7 0.012143 0.352792 0.007143 0.020305
7 0.070714 0.284898 0.005714 0.021574
7 0.127143 0.204949 0.005714 0.019036
7 0.108571 0.248096 0.004286 0.019036
7 0.163214 0.173223 0.003571 0.019036
7 0.172857 0.163071 0.002857 0.016497
7 0.175000 0.161802 0.002857 0.016497
7 0.178214 0.162437 0.002143 0.015228
7 0.180357 0.160533 0.003571 0.016497
7 0.224643 0.102792 0.003571 0.015228
7 0.220357 0.116751 0.003571 0.012690
7 0.215714 0.116751 0.002857 0.012690
7 0.117143 0.243020 0.008571 0.026650
