11 0.124643 0.157360 0.016429 0.012690
3 0.147143 0.126904 0.015714 0.012690
3 0.130714 0.272843 0.014286 0.020305
3 0.131786 0.339467 0.017857 0.034264
3 0.272500 0.028553 0.009286 0.016497
11 0.234286 0.229061 0.011429 0.024112
11 0.230714 0.288071 0.011429 0.040609
3 0.151429 0.118655 0.012857 0.008883
3 0.154286 0.114213 0.017143 0.010152
3 0.158571 0.107234 0.014286 0.011421
3 0.161786 0.101523 0.012143 0.010152
3 0.166786 0.093274 0.012143 0.013959
3 0.172500 0.081853 0.015000 0.008883
3 0.177500 0.076142 0.013571 0.010152
3 0.187857 0.053934 0.014286 0.006345
10 0.023571 0.446066 0.031429 0.052030
3 0.070000 0.580584 0.025714 0.019036
2 0.236786 0.689086 0.040714 0.030457
10 0.293571 0.678299 0.040000 0.036802
7 0.027857 0.876904 0.005714 0.012690
1 0.047500 0.849619 0.012143 0.008883
3 0.427857 0.015863 0.008571 0.019036
3 0.436786 0.039975 0.007857 0.013959
10 0.448929 0.068528 0.015000 0.032995
3 0.476786 0.142132 0.010714 0.017766
1 0.512857 0.598985 0.008571 0.010152
7 0.513214 0.595812 0.003571 0.008883
3 0.724643 0.029822 0.013571 0.011421
3 0.705000 0.029822 0.011429 0.011421
3 0.696786 0.025381 0.010714 0.010152
3 0.693929 0.020305 0.012143 0.010152
3 0.691429 0.013325 0.012857 0.008883
3 0.718214 0.024746 0.010714 0.008883
3 0.713214 0.019670 0.010714 0.008883
3 0.707857 0.008883 0.011429 0.010152
3 0.739286 0.026015 0.012857 0.011421
3 0.733929 0.021574 0.012143 0.007614
3 0.728571 0.013325 0.014286 0.011421
3 0.725714 0.006980 0.011429 0.008883
3 0.720357 0.004442 0.012143 0.008883
11 0.760357 0.147208 0.013571 0.025381
3 0.747143 0.110406 0.014286 0.012690
3 0.743571 0.103426 0.015714 0.011421
3 0.754286 0.117386 0.012857 0.013959
3 0.757143 0.126269 0.014286 0.011421
3 0.765357 0.133883 0.012143 0.011421
10 0.778214 0.296954 0.039286 0.043147
2 0.937857 0.097081 0.035714 0.049492
10 0.983571 0.144036 0.024286 0.039340
10 0.984286 0.190355 0.018571 0.043147
11 0.943214 0.226523 0.019286 0.024112
11 0.890714 0.230330 0.021429 0.019036
7 0.910000 0.470178 0.004286 0.011421
7 0.883214 0.578046 0.003571 0.008883
7 0.938929 0.553934 0.003571 0.011421
7 0.943929 0.539975 0.003571 0.011421
4 0.087500 0.829949 0.007857 0.012690
