7 0.178214 0.693333 0.020714 0.057143
7 0.108929 0.970000 0.033571 0.058095
7 0.373571 0.460000 0.008571 0.024762
7 0.372857 0.652857 0.014286 0.048571
7 0.370357 0.643810 0.013571 0.053333
8 0.576071 0.471905 0.007857 0.016190
8 0.645357 0.433810 0.006429 0.012381
8 0.704286 0.427619 0.005714 0.009524
8 0.765000 0.410952 0.004286 0.008571
8 0.769286 0.409048 0.002857 0.008571
7 0.596429 0.360000 0.002857 0.007619
7 0.590357 0.366190 0.002143 0.006667
7 0.587857 0.365714 0.002857 0.009524
8 0.466429 0.399048 0.004286 0.009524
7 0.484643 0.398571 0.003571 0.010476
7 0.495357 0.398095 0.005000 0.013333
7 0.475714 0.418571 0.005714 0.016190
7 0.484286 0.418571 0.004286 0.016190
7 0.502857 0.407143 0.005714 0.014286
8 0.503214 0.405714 0.003571 0.007619
7 0.518214 0.400952 0.003571 0.013333
7 0.532500 0.399524 0.005000 0.014286
7 0.537500 0.400476 0.003571 0.014286
7 0.511071 0.398571 0.003571 0.010476
7 0.545714 0.401905 0.002857 0.009524
7 0.547857 0.393810 0.002857 0.014286
7 0.551786 0.394286 0.005000 0.013333
7 0.550000 0.405238 0.001429 0.006667
7 0.562500 0.391905 0.003571 0.012381
7 0.561071 0.385714 0.003571 0.011429
8 0.544286 0.378095 0.002857 0.007619
8 0.507500 0.397619 0.003571 0.012381
7 0.671429 0.411429 0.004286 0.015238
