5 0.010000 0.102381 0.008571 0.016190
7 0.037143 0.079048 0.007143 0.019048
7 0.041786 0.079048 0.010714 0.019048
7 0.050000 0.081905 0.010000 0.019048
7 0.061429 0.076667 0.010000 0.014286
7 0.079643 0.067143 0.009286 0.018095
7 0.065714 0.072857 0.008571 0.018095
7 0.058571 0.071429 0.007143 0.017143
8 0.213929 0.057143 0.005000 0.015238
8 0.220000 0.055714 0.005714 0.014286
8 0.215000 0.055714 0.002857 0.008571
8 0.240714 0.040952 0.004286 0.011429
8 0.248571 0.035238 0.004286 0.011429
1 0.266429 0.038095 0.008571 0.007619
1 0.403571 0.040476 0.002857 0.014286
1 0.414643 0.048571 0.003571 0.013333
1 0.418571 0.054762 0.002857 0.012381
8 0.526786 0.036190 0.003571 0.009524
1 0.527500 0.042381 0.005000 0.008571
1 0.608214 0.012381 0.005000 0.011429
8 0.653571 0.035238 0.005714 0.007619
8 0.689643 0.030952 0.002143 0.008571
5 0.691071 0.035714 0.012143 0.008571
7 0.829286 0.056667 0.004286 0.018095
7 0.857143 0.026190 0.004286 0.016190
7 0.861071 0.028095 0.003571 0.012381
7 0.930357 0.073333 0.007857 0.017143
7 0.628214 0.173333 0.005000 0.019048
8 0.492857 0.139048 0.004286 0.015238
1 0.493929 0.145714 0.012143 0.011429
7 0.378571 0.261905 0.010000 0.022857
7 0.392500 0.258571 0.007857 0.023810
8 0.390000 0.245714 0.008571 0.017143
7 0.352143 0.331905 0.008571 0.021905
7 0.365000 0.354286 0.008571 0.019048
7 0.338214 0.368571 0.009286 0.020952
8 0.337143 0.367619 0.005714 0.007619
7 0.361786 0.390000 0.007857 0.023810
1 0.383214 0.418571 0.013571 0.025714
1 0.371786 0.553333 0.020714 0.020952
1 0.375000 0.540952 0.024286 0.020952
1 0.346071 0.593810 0.020714 0.014286
7 0.338929 0.573810 0.012143 0.025714
7 0.415000 0.711905 0.011429 0.042857
7 0.083571 0.561429 0.015714 0.037143
7 0.505357 0.664286 0.010714 0.027619
7 0.731786 0.594762 0.015000 0.037143
7 0.567500 0.459524 0.006429 0.021905
7 0.548571 0.457619 0.007143 0.033333
7 0.457143 0.292381 0.011429 0.026667
1 0.234643 0.052857 0.010714 0.008571
7 0.448571 0.299524 0.007143 0.025714
7 0.521071 0.310952 0.006429 0.021905
7 0.462143 0.487143 0.014286 0.029524
7 0.457857 0.574762 0.014286 0.033333
7 0.525714 0.579048 0.017143 0.040000
7 0.648214 0.225714 0.007857 0.022857
7 0.764286 0.272381 0.008571 0.024762
7 0.741071 0.475714 0.012143 0.027619
8 0.855357 0.317619 0.010714 0.016190
8 0.844643 0.341429 0.006429 0.016190
7 0.895000 0.315714 0.010000 0.025714
8 0.855357 0.321905 0.010714 0.017143
5 0.845000 0.345714 0.007143 0.022857
5 0.917143 0.425714 0.010000 0.024762
7 0.776786 0.820000 0.012143 0.032381
7 0.787143 0.857143 0.015714 0.030476
7 0.791071 0.815714 0.012143 0.029524
8 0.792143 0.841905 0.017143 0.024762
8 0.812143 0.863810 0.018571 0.036190
8 0.831071 0.867143 0.015000 0.025714
8 0.828214 0.847619 0.010714 0.015238
8 0.823929 0.849524 0.012143 0.036190
8 0.811071 0.826190 0.020714 0.021905
1 0.682143 0.214286 0.010000 0.015238
