3 0.487143 0.703046 0.025714 0.060914
11 0.485357 0.625635 0.026429 0.063452
3 0.467143 0.489213 0.022857 0.046954
3 0.566786 0.392766 0.025000 0.054569
11 0.680714 0.055203 0.022857 0.054569
3 0.808571 0.498731 0.018571 0.050761
3 0.820000 0.428934 0.020000 0.050761
3 0.803571 0.394036 0.017143 0.041878
3 0.834643 0.356599 0.016429 0.045685
7 0.798571 0.782995 0.007143 0.012690
7 0.860714 0.855330 0.007143 0.007614
3 0.917143 0.980330 0.038571 0.034264
3 0.168214 0.642132 0.022143 0.045685
11 0.148214 0.626904 0.029286 0.060914
3 0.192143 0.267766 0.031429 0.035533
11 0.204286 0.236675 0.032857 0.039340
3 0.168571 0.212563 0.031429 0.034264
3 0.161071 0.241117 0.025000 0.030457
