11 0.380000 0.782360 0.030000 0.102792
11 0.469643 0.269670 0.020714 0.059645
11 0.452143 0.045685 0.017143 0.045685
11 0.414286 0.793147 0.034286 0.104061
10 0.414286 0.489848 0.032857 0.116751
10 0.451786 0.428934 0.033571 0.131980
3 0.398214 0.649112 0.026429 0.079949
3 0.425714 0.661802 0.027143 0.082487
3 0.445000 0.565990 0.024286 0.065990
3 0.421071 0.404188 0.020714 0.046954
3 0.430714 0.326142 0.018571 0.055838
3 0.464643 0.337563 0.020714 0.060914
3 0.440714 0.256345 0.018571 0.050761
3 0.474643 0.194797 0.016429 0.046954
3 0.440714 0.189086 0.018571 0.040609
2 0.446786 0.106599 0.020714 0.073604
10 0.476429 0.111041 0.024286 0.097716
3 0.480357 0.050761 0.016429 0.030457
3 0.534286 0.152919 0.017143 0.062183
3 0.109643 0.306472 0.025000 0.057107
3 0.143571 0.302030 0.045714 0.032995
3 0.143571 0.268401 0.041429 0.029188
3 0.176786 0.076142 0.033571 0.025381
3 0.311786 0.031091 0.017857 0.036802
3 0.327500 0.059010 0.036429 0.026650
3 0.353571 0.099619 0.021429 0.039340
3 0.084643 0.263325 0.040714 0.031726
3 0.091429 0.310279 0.027143 0.062183
3 0.040357 0.119924 0.037857 0.031726
3 0.046071 0.150381 0.040714 0.034264
3 0.032857 0.175127 0.031429 0.025381
3 0.063571 0.179569 0.034286 0.034264
3 0.101071 0.199239 0.055000 0.045685
3 0.085000 0.222716 0.055714 0.046954
3 0.042500 0.225254 0.036429 0.026650
3 0.041071 0.253173 0.040714 0.034264
3 0.091071 0.162437 0.040714 0.032995
3 0.358929 0.063452 0.037857 0.027919
3 0.366786 0.045685 0.033571 0.022843
3 0.334286 0.041244 0.031429 0.024112
3 0.374643 0.020305 0.035000 0.027919
10 0.166071 0.154188 0.049286 0.049492
10 0.158929 0.116751 0.083571 0.063452
3 0.066786 0.305203 0.029286 0.057107
11 0.951429 0.074873 0.045714 0.040609
