11 0.484286 0.622462 0.017143 0.074873
11 0.547857 0.953680 0.018571 0.087563
11 0.422143 0.157360 0.011429 0.030457
11 0.922500 0.557741 0.042143 0.029188
3 0.614286 0.573604 0.042857 0.040609
3 0.542500 0.493655 0.020714 0.060914
3 0.511429 0.428299 0.014286 0.052030
3 0.537143 0.378173 0.014286 0.053299
3 0.782857 0.587563 0.047143 0.025381
3 0.760000 0.624365 0.055714 0.030457
3 0.812857 0.623096 0.048571 0.030457
11 0.868929 0.625000 0.053571 0.041878
3 0.922500 0.618020 0.056429 0.038071
3 0.533929 0.192893 0.012143 0.035533
3 0.494643 0.152284 0.012143 0.038071
3 0.533929 0.109772 0.012143 0.034264
3 0.451786 0.036802 0.010714 0.030457
3 0.982143 0.556472 0.034286 0.031726
7 0.942143 0.830584 0.005714 0.013959
7 0.972857 0.885152 0.012857 0.024112
7 0.938214 0.810914 0.007857 0.017766
