3 0.968929 0.812857 0.056429 0.048571
3 0.968214 0.779524 0.060714 0.039048
3 0.958929 0.751905 0.076429 0.039048
3 0.885714 0.716667 0.081429 0.039048
7 0.788214 0.588571 0.005000 0.015238
3 0.668571 0.594286 0.015714 0.017143
3 0.631786 0.601905 0.020714 0.017143
3 0.649643 0.592857 0.017857 0.016190
3 0.621071 0.590000 0.019286 0.016190
3 0.390357 0.567619 0.023571 0.011429
3 0.403929 0.565714 0.020714 0.011429
11 0.141071 0.540000 0.016429 0.009524
3 0.033214 0.534286 0.012143 0.007619
3 0.069643 0.522381 0.012143 0.008571
3 0.007143 0.525238 0.012857 0.006667
4 0.022857 0.520476 0.018571 0.016190
3 0.076429 0.520952 0.011429 0.007619
4 0.802143 0.517143 0.035714 0.020952
