3 0.134643 0.085238 0.027857 0.021905
11 0.256429 0.100952 0.031429 0.026667
3 0.477143 0.086667 0.014286 0.038095
3 0.442500 0.274286 0.013571 0.034286
3 0.454643 0.397619 0.012143 0.039048
3 0.486429 0.390952 0.012857 0.039048
3 0.489286 0.498095 0.012857 0.038095
3 0.538929 0.947143 0.015000 0.037143
11 0.514643 0.845238 0.015000 0.037143
11 0.450714 0.346190 0.014286 0.035238
2 0.477500 0.239524 0.017857 0.105714
11 0.172500 0.567619 0.020714 0.040000
3 0.143929 0.683810 0.017857 0.036190
3 0.193929 0.696667 0.013571 0.037143
3 0.209286 0.699524 0.017143 0.042857
3 0.193929 0.616190 0.032143 0.022857
10 0.174286 0.691905 0.030000 0.058095
10 0.117857 0.669048 0.025714 0.046667
5 0.257143 0.595714 0.014286 0.008571
5 0.267857 0.600000 0.012857 0.011429
5 0.257857 0.609524 0.014286 0.009524
5 0.432857 0.698571 0.010000 0.008571
5 0.434286 0.730952 0.012857 0.008571
5 0.434643 0.738095 0.013571 0.005714
5 0.435000 0.765714 0.014286 0.007619
5 0.431429 0.950000 0.005714 0.020000
5 0.424286 0.960952 0.005714 0.017143
9 0.392857 0.903810 0.008571 0.026667
9 0.433571 0.904762 0.011429 0.026667
0 0.435357 0.874286 0.006429 0.024762
0 0.436429 0.840476 0.012857 0.029524
5 0.766429 0.236667 0.005714 0.016190
11 0.898571 0.447143 0.021429 0.035238
3 0.935357 0.639524 0.027857 0.031429
5 0.771429 0.879048 0.005714 0.017143
7 0.449286 0.973333 0.002857 0.009524
7 0.471786 0.992381 0.003571 0.009524
7 0.473214 0.967619 0.003571 0.009524
5 0.498929 0.965714 0.005000 0.017143
7 0.477500 0.950476 0.003571 0.011429
5 0.485000 0.901905 0.005714 0.017143
7 0.469643 0.912381 0.003571 0.009524
7 0.466786 0.916667 0.002143 0.010476
7 0.465357 0.853333 0.003571 0.009524
7 0.464286 0.873333 0.002857 0.009524
7 0.469286 0.868095 0.002857 0.008571
7 0.472857 0.874286 0.002857 0.007619
7 0.468929 0.878571 0.002143 0.006667
7 0.472500 0.892381 0.002143 0.011429
7 0.468571 0.895238 0.002857 0.009524
7 0.422857 0.903810 0.004286 0.009524
7 0.401786 0.904762 0.003571 0.009524
7 0.451071 0.757619 0.003571 0.006667
7 0.454643 0.756190 0.003571 0.005714
7 0.441429 0.522857 0.002857 0.005714
7 0.445000 0.521905 0.002857 0.005714
7 0.422500 0.260000 0.003571 0.007619
7 0.425357 0.259048 0.002143 0.005714
7 0.390000 0.170476 0.005714 0.007619
7 0.411071 0.140952 0.003571 0.007619
7 0.412857 0.138095 0.002857 0.005714
7 0.239643 0.127143 0.006429 0.012381
7 0.238214 0.117143 0.009286 0.011429
7 0.217143 0.072857 0.005714 0.008571
7 0.228929 0.093810 0.003571 0.004762
7 0.242500 0.108095 0.006429 0.008571
7 0.238214 0.106667 0.002143 0.005714
7 0.285357 0.163333 0.003571 0.008571
5 0.150357 0.151429 0.007857 0.013333
5 0.156429 0.148095 0.007143 0.012381
5 0.171786 0.152857 0.005000 0.010476
5 0.177857 0.152381 0.007143 0.011429
7 0.950714 0.614286 0.010000 0.007619
7 0.938214 0.697619 0.010714 0.006667
7 0.891429 0.808095 0.008571 0.012381
7 0.881786 0.885714 0.006429 0.007619
7 0.883571 0.886667 0.010000 0.009524
7 0.822500 0.933333 0.006429 0.009524
7 0.823929 0.935238 0.007857 0.013333
4 0.778571 0.985714 0.028571 0.026667
