3 0.417143 0.928299 0.107143 0.138325
5 0.295000 0.961929 0.045714 0.071066
8 0.290000 0.955584 0.028571 0.048223
3 0.324286 0.731599 0.098571 0.178934
11 0.232857 0.802665 0.107143 0.219543
3 0.143214 0.895939 0.100714 0.203046
7 0.245714 0.464467 0.017143 0.050761
7 0.467857 0.307741 0.008571 0.052030
7 0.512143 0.337563 0.011429 0.050761
7 0.735357 0.456218 0.016429 0.054569
7 0.500357 0.062183 0.009286 0.040609
7 0.593571 0.022208 0.010000 0.044416
7 0.590357 0.020939 0.007857 0.041878
7 0.893929 0.282360 0.016429 0.046954
3 0.087143 0.033629 0.038571 0.057107
11 0.132500 0.025381 0.039286 0.050761
3 0.176786 0.015228 0.037857 0.030457
