11 0.586071 0.043810 0.032143 0.043810
3 0.595714 0.014762 0.021429 0.029524
3 0.670714 0.029524 0.024286 0.034286
11 0.662143 0.069524 0.031429 0.062857
3 0.719286 0.057619 0.027143 0.039048
11 0.699286 0.136667 0.031429 0.063810
11 0.805357 0.014286 0.023571 0.028571
3 0.855714 0.029048 0.024286 0.033333
3 0.813929 0.054762 0.025000 0.035238
3 0.787143 0.063810 0.028571 0.038095
11 0.826071 0.079048 0.033571 0.057143
11 0.846429 0.141429 0.040000 0.052381
7 0.671429 0.135238 0.010000 0.032381
3 0.657500 0.122857 0.032143 0.055238
3 0.653571 0.166667 0.034286 0.053333
3 0.647857 0.216667 0.037143 0.065714
5 0.566071 0.095714 0.026429 0.023810
7 0.521071 0.077619 0.006429 0.031429
7 0.516429 0.111905 0.005714 0.033333
5 0.502500 0.099524 0.006429 0.023810
5 0.526429 0.191429 0.011429 0.028571
5 0.562500 0.200000 0.029286 0.017143
5 0.565000 0.190952 0.022857 0.020000
8 0.443214 0.148095 0.010714 0.029524
3 0.516786 0.236190 0.050714 0.055238
5 0.397857 0.292857 0.017143 0.035238
5 0.485357 0.279048 0.020714 0.045714
11 0.471071 0.337619 0.057857 0.098095
7 0.322143 0.309524 0.012857 0.043810
5 0.216429 0.534762 0.047143 0.073333
7 0.200357 0.791429 0.033571 0.080000
7 0.215000 0.821905 0.031429 0.062857
7 0.175714 0.868571 0.031429 0.045714
11 0.078214 0.915714 0.156429 0.164762
3 0.247500 0.948571 0.119286 0.099048
3 0.584643 0.740952 0.083571 0.211429
11 0.967500 0.600952 0.063571 0.146667
3 0.884286 0.484286 0.078571 0.111429
3 0.944643 0.456190 0.082143 0.112381
3 0.909286 0.344286 0.064286 0.080952
3 0.875000 0.247619 0.052857 0.066667
3 0.827500 0.274286 0.050714 0.066667
3 0.857143 0.192857 0.044286 0.052381
10 0.772143 0.259524 0.042857 0.071429
11 0.607500 0.502857 0.049286 0.137143
3 0.636429 0.282857 0.044286 0.064762
11 0.627857 0.378571 0.052857 0.088571
3 0.682143 0.310000 0.042857 0.086667
5 0.724286 0.317619 0.012857 0.044762
8 0.723571 0.307619 0.015714 0.034286
8 0.725000 0.305238 0.018571 0.048571
3 0.906071 0.015714 0.047857 0.031429
7 0.959286 0.069048 0.008571 0.021905
7 0.978571 0.074286 0.012857 0.030476
5 0.523571 0.014762 0.007143 0.020000
