3 0.051786 0.779188 0.032143 0.027919
3 0.194643 0.722081 0.027857 0.048223
3 0.220714 0.725254 0.027143 0.029188
3 0.256429 0.714467 0.028571 0.022843
3 0.327857 0.704949 0.027143 0.021574
3 0.381071 0.710660 0.027857 0.022843
10 0.427143 0.751904 0.040000 0.031726
3 0.467143 0.755076 0.025714 0.027919
3 0.601429 0.684010 0.014286 0.048223
3 0.578214 0.317259 0.015000 0.055838
3 0.568571 0.165609 0.015714 0.052030
10 0.579643 0.029188 0.017857 0.058376
10 0.710714 0.858503 0.062857 0.039340
3 0.758929 0.857868 0.027857 0.020305
3 0.795357 0.861675 0.025000 0.017766
3 0.810714 0.886421 0.031429 0.021574
3 0.760000 0.916244 0.030000 0.025381
3 0.788571 0.954315 0.034286 0.027919
3 0.823214 0.954315 0.030714 0.025381
3 0.857857 0.949239 0.030000 0.027919
3 0.893571 0.944797 0.027143 0.024112
3 0.843929 0.918147 0.026429 0.024112
3 0.912857 0.907995 0.030000 0.024112
3 0.925000 0.939086 0.031429 0.027919
11 0.961429 0.933376 0.032857 0.026650
3 0.988571 0.924492 0.021429 0.026650
3 0.949643 0.852792 0.022143 0.030457
3 0.980714 0.835660 0.031429 0.026650
