11 0.498214 0.316190 0.079286 0.091429
8 0.535357 0.483810 0.010714 0.013333
8 0.525357 0.510952 0.007857 0.010476
3 0.022857 0.775238 0.045714 0.095238
11 0.544643 0.763333 0.066429 0.073333
11 0.529286 0.700476 0.064286 0.069524
3 0.730714 0.850476 0.080000 0.091429
3 0.718214 0.774286 0.070714 0.080000
3 0.651429 0.628095 0.075714 0.082857
3 0.942143 0.790476 0.067143 0.062857
5 0.841429 0.594762 0.021429 0.023810
5 0.870357 0.373810 0.026429 0.023810
11 0.763929 0.301905 0.103571 0.087619
5 0.790714 0.107143 0.018571 0.020000
3 0.613571 0.012381 0.058571 0.024762
3 0.682500 0.018571 0.043571 0.037143
