7 0.423214 0.402381 0.007857 0.012381
7 0.533214 0.379524 0.009286 0.014286
7 0.546429 0.390000 0.008571 0.014286
5 0.563214 0.423333 0.010714 0.040952
8 0.562857 0.418571 0.010000 0.021905
9 0.533929 0.427143 0.019286 0.065714
9 0.517500 0.430952 0.019286 0.060000
7 0.585357 0.373333 0.007857 0.011429
4 0.590714 0.408571 0.018571 0.022857
7 0.547143 0.848571 0.011429 0.017143
7 0.596071 0.846667 0.010714 0.022857
7 0.611786 0.848571 0.009286 0.017143
5 0.535000 0.901429 0.022857 0.033333
8 0.532143 0.909524 0.008571 0.019048
7 0.499286 0.913810 0.010000 0.014286
5 0.461071 0.910476 0.016429 0.049524
11 0.501071 0.863810 0.062143 0.040000
1 0.562143 0.979524 0.025714 0.021905
8 0.565000 0.987619 0.012857 0.020952
3 0.621429 0.969048 0.034286 0.060000
7 0.477500 0.973333 0.009286 0.019048
7 0.793214 0.275238 0.015000 0.019048
7 0.649286 0.290000 0.010000 0.012381
