7 0.035000 0.374286 0.014286 0.034286
7 0.069643 0.378571 0.015000 0.031429
7 0.055000 0.360952 0.017143 0.032381
7 0.065000 0.352857 0.010000 0.023810
1 0.068929 0.399524 0.012143 0.021905
5 0.148929 0.391905 0.032143 0.020000
5 0.221786 0.384286 0.019286 0.025714
5 0.241429 0.379048 0.011429 0.024762
1 0.266071 0.368571 0.025000 0.017143
7 0.367143 0.370952 0.008571 0.023810
7 0.414643 0.385714 0.013571 0.028571
7 0.079286 0.427143 0.018571 0.033333
7 0.024286 0.463810 0.011429 0.022857
3 0.025000 0.519524 0.045714 0.079048
3 0.054286 0.458095 0.045714 0.049524
3 0.100714 0.459524 0.047143 0.052381
3 0.154643 0.451429 0.035000 0.043810
7 0.135714 0.464762 0.011429 0.020952
3 0.083571 0.520952 0.051429 0.074286
11 0.135714 0.508571 0.047143 0.087619
3 0.179643 0.504286 0.040714 0.069524
3 0.230357 0.443333 0.040714 0.054286
3 0.277500 0.444762 0.035000 0.051429
3 0.372500 0.429524 0.035000 0.043810
3 0.410357 0.427143 0.037857 0.061905
3 0.461429 0.420000 0.035714 0.049524
3 0.460000 0.464762 0.042857 0.059048
3 0.410357 0.474762 0.042143 0.054286
3 0.371786 0.477143 0.039286 0.068571
3 0.325000 0.480952 0.034286 0.070476
3 0.271786 0.496667 0.039286 0.058095
3 0.227500 0.499524 0.039286 0.061905
11 0.056786 0.707143 0.096429 0.103810
3 0.134286 0.702381 0.058571 0.090476
3 0.199643 0.682857 0.059286 0.099048
3 0.270714 0.682857 0.050000 0.114286
3 0.389286 0.659524 0.067143 0.109524
3 0.447143 0.650476 0.052857 0.099048
3 0.506071 0.632381 0.057857 0.102857
3 0.567143 0.621429 0.052857 0.094286
3 0.621071 0.620476 0.057857 0.103810
3 0.676429 0.607619 0.055714 0.093333
11 0.747857 0.536667 0.094286 0.056190
3 0.742500 0.502381 0.083571 0.048571
3 0.753571 0.470952 0.075714 0.040952
3 0.763571 0.447143 0.058571 0.033333
3 0.766429 0.427143 0.065714 0.044762
7 0.850357 0.276190 0.007857 0.020952
7 0.911786 0.248095 0.005000 0.018095
7 0.894643 0.244286 0.003571 0.020000
7 0.886786 0.240952 0.005000 0.020952
4 0.826429 0.315238 0.037143 0.043810
4 0.803571 0.380476 0.022857 0.079048
1 0.851071 0.470952 0.023571 0.020000
1 0.842857 0.460952 0.024286 0.013333
1 0.841786 0.445238 0.022143 0.016190
1 0.842143 0.429524 0.021429 0.017143
4 0.845000 0.377619 0.022857 0.071429
4 0.867143 0.318095 0.021429 0.040000
4 0.898571 0.279048 0.022857 0.028571
7 0.591786 0.390000 0.012143 0.031429
7 0.620000 0.379048 0.008571 0.024762
7 0.662857 0.392381 0.011429 0.026667
7 0.729286 0.310476 0.007143 0.019048
7 0.510000 0.335714 0.007143 0.025714
7 0.584286 0.292857 0.007143 0.021905
5 0.560357 0.344286 0.012143 0.016190
5 0.551071 0.345714 0.009286 0.020952
5 0.529286 0.347143 0.020000 0.016190
5 0.517857 0.355714 0.015714 0.021905
5 0.500357 0.351429 0.010714 0.026667
3 0.658571 0.347143 0.041429 0.044762
3 0.702143 0.385238 0.062857 0.046667
3 0.713214 0.363810 0.049286 0.028571
3 0.720357 0.353333 0.053571 0.030476
3 0.727500 0.343810 0.053571 0.028571
3 0.736786 0.330000 0.050714 0.027619
3 0.757857 0.296667 0.051429 0.025714
3 0.775357 0.288571 0.037857 0.022857
3 0.778571 0.282857 0.038571 0.022857
3 0.783571 0.278095 0.041429 0.024762
3 0.782500 0.266190 0.045000 0.025714
3 0.715714 0.221429 0.031429 0.016190
3 0.702857 0.215238 0.024286 0.015238
3 0.696429 0.209048 0.024286 0.018095
3 0.689643 0.203810 0.027857 0.017143
3 0.684643 0.197619 0.023571 0.012381
3 0.678929 0.196190 0.022143 0.011429
3 0.674643 0.193333 0.026429 0.015238
11 0.666429 0.186667 0.030000 0.013333
3 0.727500 0.228571 0.033571 0.022857
3 0.766071 0.226190 0.032143 0.023810
3 0.760357 0.188571 0.029286 0.017143
11 0.751786 0.181429 0.030714 0.014286
3 0.740357 0.176667 0.020714 0.012381
3 0.730714 0.172857 0.021429 0.012381
3 0.719286 0.165238 0.025714 0.016190
3 0.709286 0.176190 0.018571 0.017143
11 0.696429 0.184286 0.031429 0.021905
3 0.670357 0.170000 0.023571 0.012381
7 0.684643 0.168095 0.003571 0.014286
3 0.703214 0.161905 0.020714 0.011429
3 0.695714 0.156190 0.020000 0.015238
3 0.694286 0.128095 0.018571 0.020000
3 0.726786 0.144762 0.019286 0.015238
3 0.741429 0.158095 0.017143 0.017143
3 0.770714 0.153810 0.024286 0.020000
3 0.772143 0.164762 0.018571 0.015238
3 0.800714 0.169048 0.025714 0.020000
3 0.823929 0.191429 0.035000 0.028571
3 0.861786 0.193810 0.030714 0.029524
3 0.939643 0.233810 0.037857 0.031429
2 0.856071 0.232381 0.056429 0.036190
3 0.826786 0.217619 0.043571 0.025714
3 0.897857 0.227143 0.022857 0.021905
11 0.969643 0.255238 0.037857 0.030476
