3 0.298929 0.914286 0.146429 0.169524
3 0.355714 0.710952 0.087143 0.130476
3 0.406071 0.489048 0.053571 0.069524
3 0.653214 0.622381 0.163571 0.094286
3 0.608929 0.547143 0.125000 0.067619
3 0.600357 0.465714 0.099286 0.041905
3 0.573214 0.418571 0.080714 0.052381
3 0.544643 0.396667 0.032143 0.054286
3 0.736429 0.556667 0.085714 0.107619
3 0.684286 0.453333 0.060000 0.083810
3 0.415000 0.427619 0.044286 0.064762
3 0.431429 0.382381 0.041429 0.063810
3 0.436429 0.350000 0.028571 0.025714
3 0.437143 0.324286 0.027143 0.035238
3 0.495000 0.286190 0.022857 0.029524
3 0.569643 0.363810 0.077857 0.041905
3 0.552500 0.352857 0.062143 0.023810
3 0.547857 0.335238 0.060000 0.032381
3 0.554286 0.322381 0.061429 0.027619
3 0.551071 0.313810 0.059286 0.035238
3 0.553571 0.303333 0.055714 0.031429
3 0.604286 0.312381 0.030000 0.043810
3 0.158929 0.461905 0.053571 0.081905
3 0.102143 0.433333 0.070000 0.059048
3 0.032500 0.354762 0.065000 0.061905
3 0.090357 0.330000 0.049286 0.042857
3 0.130357 0.302381 0.045000 0.040952
3 0.206786 0.339524 0.045000 0.040952
3 0.203214 0.307143 0.043571 0.033333
3 0.460000 0.217619 0.011429 0.014286
4 0.465000 0.194286 0.011429 0.024762
3 0.451429 0.261905 0.015714 0.017143
3 0.453929 0.252381 0.015000 0.015238
3 0.455714 0.242857 0.014286 0.015238
3 0.310357 0.232381 0.013571 0.017143
4 0.320357 0.208571 0.077857 0.053333
7 0.504286 0.640952 0.015714 0.074286
7 0.522857 0.640476 0.015714 0.075238
7 0.505357 0.385714 0.010714 0.045714
7 0.482500 0.358571 0.006429 0.035238
7 0.474286 0.356667 0.008571 0.035238
7 0.475714 0.258571 0.005714 0.021905
7 0.468571 0.257143 0.005714 0.017143
7 0.474286 0.231905 0.004286 0.012381
7 0.483929 0.240952 0.005000 0.015238
7 0.488571 0.240000 0.004286 0.013333
7 0.498929 0.238571 0.005000 0.016190
7 0.771071 0.485714 0.016429 0.062857
5 0.835000 0.483810 0.025714 0.041905
7 0.877500 0.674286 0.032143 0.074286
5 0.747500 0.392857 0.019286 0.031429
7 0.666071 0.338571 0.007857 0.031429
7 0.675714 0.340476 0.008571 0.033333
1 0.663571 0.393810 0.024286 0.025714
4 0.658214 0.365714 0.035000 0.028571
3 0.532500 0.283810 0.049286 0.024762
3 0.565000 0.260476 0.017143 0.023810
3 0.526071 0.267143 0.042143 0.018095
3 0.530357 0.270952 0.039286 0.014286
3 0.605000 0.248095 0.032857 0.018095
3 0.589643 0.241429 0.029286 0.018095
3 0.578929 0.235714 0.023571 0.014286
3 0.527857 0.257619 0.034286 0.018095
4 0.536429 0.239524 0.048571 0.029524
2 0.160000 0.264762 0.071429 0.051429
2 0.161429 0.249048 0.121429 0.052381
11 0.579286 0.922381 0.105714 0.153333
11 0.580714 0.437143 0.080000 0.053333
2 0.313929 0.270000 0.043571 0.088571
11 0.601429 0.498095 0.111429 0.060952
3 0.123571 0.541905 0.057143 0.072381
7 0.966429 0.614286 0.025714 0.064762
7 0.989643 0.634286 0.016429 0.036190
5 0.760000 0.404286 0.010000 0.023810
