5 0.265714 0.196667 0.010000 0.039048
8 0.264643 0.187619 0.013571 0.028571
5 0.269643 0.123810 0.013571 0.051429
7 0.228571 0.144286 0.024286 0.031429
7 0.366071 0.175714 0.012143 0.033333
3 0.051786 0.510952 0.023571 0.050476
3 0.070000 0.578571 0.038571 0.020000
8 0.086786 0.505238 0.013571 0.016190
5 0.020000 0.566667 0.034286 0.020952
5 0.026429 0.653810 0.027143 0.018095
5 0.080357 0.680476 0.040714 0.025714
5 0.108571 0.650952 0.038571 0.018095
1 0.041786 0.736190 0.032143 0.020952
11 0.223214 0.937143 0.052143 0.121905
3 0.289643 0.969524 0.049286 0.057143
7 0.495714 0.967143 0.012857 0.027619
5 0.570714 0.902381 0.031429 0.031429
1 0.366786 0.735238 0.010714 0.053333
8 0.402857 0.690476 0.018571 0.015238
7 0.355714 0.361905 0.011429 0.024762
7 0.297857 0.713333 0.012857 0.013333
7 0.300357 0.691905 0.015000 0.018095
7 0.266786 0.661429 0.016429 0.016190
7 0.532143 0.113333 0.010000 0.034286
7 0.531786 0.218571 0.009286 0.027619
5 0.554643 0.194762 0.013571 0.044762
6 0.540000 0.258571 0.011429 0.031429
7 0.524286 0.325714 0.012857 0.022857
7 0.522857 0.405714 0.010000 0.024762
7 0.555357 0.456667 0.009286 0.021905
7 0.573214 0.454762 0.012143 0.031429
7 0.528571 0.769524 0.012857 0.019048
7 0.251786 0.239048 0.019286 0.032381
7 0.205357 0.217619 0.007857 0.020000
