7 0.711071 0.076667 0.005000 0.012381
3 0.724286 0.090952 0.015714 0.021905
3 0.733929 0.114286 0.016429 0.026667
3 0.755357 0.163810 0.017857 0.026667
3 0.765000 0.188571 0.020000 0.030476
3 0.792857 0.262857 0.022857 0.028571
3 0.727143 0.222381 0.017143 0.027619
3 0.717857 0.191905 0.015714 0.027619
3 0.708571 0.166190 0.017143 0.025714
3 0.698214 0.140000 0.016429 0.026667
3 0.689643 0.113810 0.016429 0.023810
7 0.815357 0.320000 0.006429 0.013333
11 0.808214 0.354286 0.025000 0.041905
11 0.825714 0.349048 0.021429 0.037143
11 0.977500 0.615714 0.043571 0.029524
9 0.987857 0.648095 0.022857 0.031429
3 0.873571 0.672857 0.051429 0.031429
3 0.882143 0.713810 0.048571 0.035238
3 0.017143 0.808095 0.034286 0.033333
3 0.012143 0.846190 0.024286 0.033333
3 0.112143 0.725238 0.032857 0.071429
2 0.203571 0.720000 0.071429 0.188571
5 0.060000 0.663810 0.022857 0.011429
3 0.072143 0.618095 0.050000 0.030476
3 0.083214 0.568571 0.042143 0.026667
10 0.103214 0.510952 0.057857 0.039048
5 0.125357 0.457143 0.019286 0.013333
5 0.498214 0.845238 0.009286 0.033333
3 0.506786 0.491429 0.016429 0.049524
7 0.602857 0.605714 0.007143 0.015238
7 0.604643 0.586667 0.005000 0.013333
7 0.610000 0.571429 0.007143 0.015238
7 0.604643 0.446190 0.005000 0.016190
7 0.598571 0.441905 0.004286 0.013333
7 0.586786 0.384762 0.006429 0.015238
10 0.588571 0.327619 0.028571 0.070476
3 0.466786 0.291429 0.015000 0.032381
2 0.469286 0.086190 0.018571 0.061905
3 0.087500 0.322381 0.040714 0.023810
3 0.277857 0.337619 0.022857 0.039048
3 0.317857 0.188095 0.015714 0.029524
3 0.250714 0.160952 0.015714 0.024762
11 0.284643 0.103810 0.025000 0.022857
3 0.284643 0.088095 0.026429 0.016190
3 0.285714 0.075238 0.022857 0.013333
3 0.292500 0.065238 0.026429 0.016190
3 0.295357 0.041429 0.023571 0.018095
3 0.298929 0.030476 0.022143 0.011429
3 0.301071 0.021429 0.022143 0.012381
3 0.307857 0.014762 0.021429 0.012381
3 0.074286 0.351905 0.040000 0.018095
10 0.064286 0.367143 0.045714 0.025714
7 0.130000 0.397143 0.008571 0.013333
7 0.117143 0.220000 0.005714 0.011429
7 0.120000 0.216190 0.007143 0.013333
3 0.916429 0.797143 0.060000 0.038095
3 0.917857 0.841905 0.072857 0.040000
4 0.101786 0.240476 0.046429 0.020000
4 0.107143 0.191905 0.021429 0.025714
4 0.091429 0.221429 0.014286 0.014286
