3 0.237857 0.780476 0.128571 0.256190
3 0.693214 0.596667 0.206429 0.124762
3 0.629643 0.435238 0.156429 0.095238
3 0.624643 0.358095 0.147857 0.081905
3 0.623571 0.283810 0.114286 0.068571
3 0.529286 0.202381 0.052857 0.063810
3 0.351786 0.253810 0.063571 0.088571
3 0.123571 0.412857 0.108571 0.119048
3 0.235357 0.237143 0.065000 0.093333
11 0.602500 0.241905 0.096429 0.072381
3 0.618929 0.221429 0.112143 0.063810
3 0.333929 0.130952 0.057857 0.071429
11 0.369286 0.090476 0.051429 0.062857
11 0.548214 0.150952 0.030714 0.060000
3 0.480357 0.097143 0.045000 0.051429
7 0.192857 0.167143 0.015714 0.039048
7 0.213929 0.161905 0.017857 0.045714
7 0.284643 0.210952 0.017857 0.048571
7 0.311429 0.206190 0.018571 0.050476
7 0.330357 0.066667 0.059286 0.036190
3 0.345357 0.026667 0.049286 0.040000
3 0.315714 0.026190 0.047143 0.039048
7 0.468571 0.050952 0.008571 0.035238
3 0.480357 0.041429 0.047857 0.039048
3 0.545357 0.075714 0.039286 0.040952
3 0.531429 0.055714 0.044286 0.039048
3 0.571071 0.053810 0.030714 0.039048
3 0.594286 0.032381 0.041429 0.040000
3 0.528929 0.016190 0.042143 0.032381
3 0.790357 0.091905 0.040714 0.046667
3 0.834643 0.098571 0.035000 0.050476
3 0.841786 0.046667 0.032143 0.051429
3 0.805714 0.039524 0.040000 0.048571
3 0.042500 0.550000 0.085000 0.170476
