3 0.333214 0.659524 0.049286 0.111429
3 0.481786 0.798571 0.045000 0.145714
3 0.427857 0.810952 0.041429 0.143810
3 0.483929 0.610952 0.033571 0.101905
3 0.667500 0.833333 0.053571 0.142857
3 0.594643 0.660476 0.040714 0.105714
3 0.651071 0.647619 0.042143 0.102857
3 0.603571 0.835714 0.047143 0.134286
3 0.753929 0.474762 0.040714 0.082857
3 0.886429 0.750000 0.077143 0.122857
3 0.914643 0.508095 0.053571 0.086667
3 0.620357 0.119524 0.059286 0.042857
3 0.532857 0.153810 0.060000 0.039048
3 0.377857 0.157619 0.061429 0.039048
3 0.540000 0.083810 0.054286 0.034286
3 0.432500 0.039524 0.059286 0.031429
3 0.631429 0.050476 0.060000 0.034286
3 0.710714 0.158571 0.058571 0.031429
11 0.156071 0.115714 0.060714 0.037143
11 0.372143 0.109048 0.057143 0.040952
11 0.536429 0.610000 0.034286 0.094286
3 0.424286 0.629524 0.035714 0.110476
3 0.943929 0.651429 0.085000 0.123810
11 0.868929 0.083810 0.056429 0.041905
11 0.276786 0.020476 0.057857 0.040952
3 0.015714 0.113333 0.031429 0.032381
3 0.010714 0.192857 0.021429 0.035238
3 0.982143 0.512857 0.034286 0.101905
3 0.191071 0.971429 0.040714 0.049524
2 0.461429 0.401429 0.201429 0.130476
7 0.804643 0.607143 0.013571 0.023810
7 0.861786 0.633333 0.015000 0.024762
7 0.805714 0.506667 0.015714 0.026667
7 0.648929 0.464286 0.015000 0.025714
7 0.819286 0.469048 0.010000 0.016190
7 0.799643 0.485714 0.012143 0.026667
7 0.708929 0.367619 0.012143 0.026667
7 0.658571 0.356667 0.010000 0.023810
7 0.594643 0.308095 0.009286 0.023810
7 0.580714 0.268571 0.008571 0.026667
7 0.633929 0.281905 0.010714 0.024762
7 0.301429 0.322381 0.011429 0.027619
7 0.212500 0.373810 0.017857 0.025714
7 0.121429 0.285714 0.014286 0.024762
7 0.199286 0.420000 0.014286 0.030476
7 0.404286 0.277143 0.010000 0.028571
7 0.444286 0.251429 0.010000 0.026667
7 0.476071 0.264286 0.009286 0.027619
7 0.486071 0.296667 0.010714 0.029524
7 0.785357 0.245714 0.009286 0.032381
7 0.920000 0.275238 0.014286 0.022857
7 0.834643 0.330476 0.013571 0.034286
7 0.835714 0.735714 0.018571 0.023810
7 0.083214 0.290476 0.017857 0.030476
7 0.105357 0.257143 0.017857 0.028571
7 0.082500 0.265714 0.019286 0.022857
7 0.249643 0.275238 0.016429 0.026667
7 0.256786 0.270476 0.010714 0.015238
7 0.232143 0.296190 0.014286 0.024762
7 0.213929 0.288571 0.013571 0.026667
7 0.213929 0.278571 0.009286 0.016190
7 0.222857 0.273810 0.015714 0.023810
7 0.107857 0.357619 0.018571 0.031429
7 0.118214 0.335714 0.013571 0.025714
7 0.267500 0.350000 0.015000 0.025714
7 0.275000 0.370476 0.011429 0.026667
0 0.136786 0.338095 0.035000 0.064762
8 0.083571 0.233333 0.015714 0.022857
8 0.162500 0.243810 0.013571 0.026667
8 0.352500 0.304762 0.007857 0.015238
8 0.346429 0.306190 0.008571 0.018095
5 0.357143 0.310000 0.025714 0.020000
5 0.165357 0.249048 0.023571 0.021905
5 0.085000 0.236190 0.027143 0.015238
7 0.864643 0.300476 0.009286 0.023810
7 0.852500 0.340476 0.013571 0.021905
7 0.844286 0.340952 0.008571 0.017143
7 0.815714 0.266190 0.011429 0.027619
7 0.868214 0.280476 0.010714 0.027619
8 0.863929 0.223810 0.007857 0.019048
8 0.820000 0.172381 0.008571 0.015238
1 0.861429 0.228095 0.024286 0.012381
1 0.861786 0.283333 0.022143 0.014286
5 0.817143 0.183810 0.021429 0.011429
7 0.870357 0.808571 0.010714 0.022857
7 0.875714 0.792381 0.010000 0.024762
8 0.745000 0.602857 0.010000 0.017143
5 0.743214 0.608095 0.013571 0.039048
5 0.101429 0.688571 0.012857 0.036190
5 0.112143 0.622381 0.017143 0.042857
5 0.030357 0.577619 0.032143 0.040952
