3 0.218214 0.029048 0.027857 0.020000
11 0.272500 0.120952 0.015000 0.036190
3 0.280000 0.164762 0.015714 0.036190
3 0.280714 0.244286 0.014286 0.037143
3 0.330714 0.121905 0.025714 0.019048
3 0.331786 0.161905 0.026429 0.017143
3 0.333571 0.180952 0.025714 0.015238
3 0.331786 0.201905 0.027857 0.017143
3 0.335357 0.220952 0.027857 0.019048
3 0.337857 0.255714 0.025714 0.018095
3 0.339286 0.278095 0.022857 0.015238
3 0.406071 0.340476 0.012143 0.037143
3 0.404286 0.291429 0.011429 0.038095
3 0.347857 0.351429 0.027143 0.017143
3 0.348929 0.372381 0.026429 0.017143
3 0.353214 0.416190 0.022143 0.019048
3 0.409643 0.395714 0.012143 0.037143
10 0.352857 0.434762 0.028571 0.018095
10 0.357143 0.477619 0.025714 0.016190
10 0.408571 0.428095 0.012857 0.031429
10 0.411071 0.484762 0.016429 0.045714
3 0.326786 0.592381 0.026429 0.017143
3 0.375000 0.627143 0.024286 0.020000
11 0.416071 0.597619 0.010714 0.031429
3 0.417500 0.648095 0.012143 0.037143
10 0.420000 0.700952 0.015714 0.040000
3 0.423214 0.752381 0.010714 0.036190
3 0.379286 0.768095 0.014286 0.031429
3 0.426071 0.799524 0.009286 0.031429
3 0.426071 0.842857 0.009286 0.036190
3 0.427500 0.885238 0.012143 0.039048
3 0.370714 0.806667 0.028571 0.020952
3 0.339643 0.886190 0.027857 0.023810
3 0.348929 0.925238 0.026429 0.021905
3 0.355000 0.942381 0.024286 0.023810
10 0.467857 0.917619 0.034286 0.027619
3 0.476786 0.934762 0.020714 0.014286
3 0.500357 0.911429 0.012143 0.030476
3 0.513929 0.911429 0.015000 0.036190
3 0.529643 0.907619 0.013571 0.038095
10 0.558214 0.905238 0.039286 0.023810
3 0.577857 0.841905 0.011429 0.036190
3 0.556071 0.989524 0.010714 0.019048
3 0.534643 0.987619 0.012143 0.020952
5 0.577857 0.987619 0.007143 0.015238
3 0.601786 0.789524 0.013571 0.038095
3 0.636786 0.773333 0.012143 0.036190
3 0.632500 0.689048 0.013571 0.039048
3 0.561071 0.619524 0.029286 0.025714
3 0.605714 0.552381 0.011429 0.030476
3 0.608571 0.491905 0.011429 0.033333
3 0.626786 0.429524 0.010714 0.030476
11 0.576786 0.437143 0.010714 0.041905
3 0.619286 0.344286 0.017143 0.037143
3 0.620357 0.245238 0.013571 0.037143
3 0.641071 0.225238 0.023571 0.021905
11 0.547143 0.197619 0.027143 0.029524
3 0.557500 0.236190 0.010714 0.028571
3 0.502143 0.012857 0.025714 0.016190
3 0.583571 0.037619 0.014286 0.037143
3 0.605714 0.015714 0.015714 0.031429
3 0.614286 0.103810 0.014286 0.038095
10 0.617857 0.143333 0.014286 0.046667
5 0.202143 0.066667 0.014286 0.009524
5 0.358214 0.034762 0.013571 0.010476
5 0.593929 0.067619 0.005000 0.015238
5 0.588929 0.339048 0.005000 0.015238
5 0.600714 0.291905 0.004286 0.012381
5 0.623214 0.281429 0.010714 0.008571
5 0.590714 0.519524 0.008571 0.023810
5 0.590000 0.602857 0.007143 0.019048
5 0.418571 0.910476 0.005714 0.015238
5 0.410357 0.808095 0.007857 0.018095
5 0.399643 0.498095 0.005000 0.017143
5 0.383929 0.200952 0.005000 0.013333
5 0.293214 0.375714 0.007857 0.008571
5 0.307500 0.390476 0.003571 0.017143
4 0.281429 0.564286 0.041429 0.046667
3 0.874643 0.986667 0.030714 0.017143
3 0.792500 0.980952 0.033571 0.019048
