3 0.032098 0.688312 0.022443 0.011132
7 0.041754 0.708720 0.003132 0.012987
7 0.035230 0.708720 0.002610 0.012987
7 0.031054 0.709647 0.002610 0.012987
7 0.019572 0.709184 0.002610 0.013915
7 0.017223 0.715213 0.002088 0.014842
7 0.010960 0.706865 0.005219 0.016698
7 0.011482 0.725417 0.004175 0.014842
7 0.023225 0.660482 0.003653 0.009276
3 0.006263 0.661874 0.012526 0.012059
11 0.059238 0.691558 0.021399 0.010204
3 0.064196 0.689239 0.024008 0.011132
5 0.051409 0.683210 0.007829 0.008349
7 0.052453 0.681354 0.002610 0.013915
7 0.032359 0.663729 0.003132 0.010204
7 0.055846 0.668367 0.002088 0.008349
5 0.055846 0.670686 0.005219 0.005566
3 0.082203 0.659091 0.013048 0.010204
10 0.100992 0.653525 0.016180 0.013915
3 0.116127 0.651206 0.014092 0.011132
9 0.108038 0.676716 0.011482 0.008349
7 0.105167 0.674861 0.003653 0.010204
3 0.099426 0.692950 0.021399 0.012987
3 0.127610 0.689239 0.021399 0.012987
7 0.137265 0.700835 0.004175 0.010204
7 0.143267 0.700835 0.003653 0.013915
7 0.161013 0.700371 0.003653 0.009276
7 0.188413 0.701763 0.004175 0.013915
7 0.194676 0.701299 0.003132 0.014842
7 0.122912 0.658627 0.003653 0.011132
7 0.168058 0.639147 0.003132 0.012987
7 0.146399 0.663265 0.002610 0.011132
7 0.151096 0.663265 0.002610 0.011132
7 0.162839 0.666048 0.003132 0.011132
2 0.157881 0.686920 0.049582 0.025046
7 0.201722 0.699443 0.002610 0.011132
7 0.186326 0.671150 0.003132 0.012059
3 0.077505 0.648887 0.017223 0.012059
3 0.335334 0.688776 0.016180 0.010204
7 0.393789 0.707792 0.003653 0.014842
7 0.408403 0.708720 0.003653 0.012987
7 0.412578 0.709184 0.002610 0.015770
7 0.416493 0.708720 0.002088 0.012987
7 0.419885 0.709184 0.001566 0.010204
7 0.376566 0.707792 0.002610 0.014842
7 0.369781 0.709184 0.003653 0.013915
7 0.334029 0.705937 0.003132 0.011132
7 0.306628 0.706401 0.002610 0.012059
7 0.300887 0.705473 0.002610 0.013915
3 0.399791 0.703154 0.018789 0.012987
3 0.395094 0.691095 0.017745 0.011132
3 0.453027 0.695269 0.016701 0.010204
7 0.432672 0.710575 0.003132 0.014842
7 0.453549 0.711039 0.003132 0.013915
3 0.440762 0.707328 0.018267 0.013915
3 0.500000 0.708720 0.018789 0.011132
3 0.510960 0.706401 0.019833 0.012059
3 0.503132 0.697588 0.017745 0.011132
7 0.443372 0.682282 0.002610 0.012059
7 0.431889 0.683210 0.003653 0.012059
7 0.476514 0.711967 0.002088 0.010204
7 0.478862 0.711503 0.002610 0.011132
7 0.483299 0.682746 0.004175 0.011132
9 0.491388 0.692022 0.010960 0.011132
7 0.489823 0.688312 0.003653 0.014842
7 0.499478 0.683673 0.002088 0.011132
7 0.609342 0.750464 0.002610 0.014842
7 0.621868 0.750000 0.003653 0.013915
7 0.629175 0.750000 0.002610 0.013915
7 0.645616 0.769017 0.003132 0.014842
7 0.666493 0.850649 0.005219 0.022263
7 0.591336 0.740724 0.003132 0.013915
7 0.605950 0.736085 0.003132 0.013915
7 0.612735 0.737477 0.003132 0.012987
7 0.601775 0.735622 0.002088 0.014842
7 0.600470 0.724954 0.003653 0.013915
7 0.596816 0.725881 0.002610 0.013915
7 0.594468 0.722635 0.003132 0.014842
7 0.588205 0.719388 0.003132 0.013915
7 0.613257 0.717532 0.003132 0.010204
3 0.657620 0.667440 0.010438 0.008349
2 0.638309 0.714750 0.036534 0.030612
2 0.612213 0.692486 0.039666 0.023191
3 0.587683 0.710575 0.018789 0.011132
3 0.555324 0.697588 0.018789 0.011132
7 0.581681 0.687848 0.002610 0.013915
7 0.566806 0.687848 0.003132 0.012059
7 0.560804 0.686456 0.002610 0.011132
7 0.555585 0.685993 0.002610 0.010204
7 0.543580 0.685993 0.004697 0.012059
7 0.536795 0.683673 0.002610 0.011132
7 0.604906 0.675788 0.002088 0.012059
7 0.714509 0.876623 0.004175 0.024119
7 0.674061 0.713822 0.003653 0.013915
11 0.688674 0.669295 0.010960 0.010204
7 0.709290 0.670686 0.002088 0.009276
3 0.713466 0.679035 0.011482 0.009276
3 0.728340 0.679499 0.013048 0.008349
7 0.754697 0.689703 0.003132 0.012059
3 0.766180 0.733302 0.012526 0.015770
11 0.744520 0.740724 0.012004 0.026902
3 0.741649 0.773191 0.012526 0.023191
3 0.755741 0.762987 0.010438 0.019481
3 0.764614 0.794991 0.013570 0.024119
2 0.753914 0.815863 0.026618 0.049165
7 0.799061 0.779221 0.003132 0.016698
7 0.802453 0.758813 0.002610 0.012987
7 0.798017 0.758349 0.002088 0.013915
3 0.792015 0.745826 0.017223 0.014842
7 0.776357 0.745362 0.003653 0.013915
3 0.813413 0.929499 0.028706 0.040816
3 0.808977 0.894712 0.022965 0.028757
3 0.799322 0.968460 0.031837 0.037106
11 0.774008 0.930891 0.027140 0.041744
3 0.757829 0.908163 0.020877 0.031540
3 0.731472 0.859462 0.021399 0.028757
11 0.726775 0.777829 0.012004 0.023191
7 0.859864 0.879870 0.004697 0.019481
2 0.811587 0.855288 0.044885 0.068646
10 0.927975 0.986549 0.037578 0.023191
7 0.800365 0.696197 0.002610 0.013915
7 0.796712 0.692950 0.002610 0.009276
7 0.793841 0.694341 0.002088 0.010204
7 0.803758 0.688312 0.002088 0.012987
7 0.807150 0.692486 0.002610 0.010204
7 0.787056 0.685993 0.003132 0.013915
9 0.785491 0.688776 0.010438 0.010204
11 0.770877 0.689239 0.019833 0.016698
5 0.712683 0.709184 0.004697 0.004638
7 0.711639 0.705009 0.001566 0.007421
5 0.721033 0.703154 0.006785 0.005566
7 0.720511 0.700835 0.002610 0.010204
5 0.744520 0.720315 0.009916 0.008349
7 0.743737 0.717532 0.003132 0.010204
7 0.658925 0.650742 0.002610 0.008349
7 0.570981 0.716605 0.002088 0.012059
7 0.568633 0.714750 0.002610 0.015770
7 0.565762 0.715677 0.003132 0.015770
7 0.558977 0.717069 0.003132 0.012987
7 0.532620 0.714750 0.002610 0.012059
7 0.540188 0.716141 0.002088 0.012987
7 0.508351 0.714286 0.003132 0.012987
7 0.499478 0.711967 0.002088 0.012059
7 0.517745 0.713822 0.003132 0.012059
7 0.567328 0.665121 0.002088 0.014842
3 0.490605 0.582096 0.003132 0.006494
3 0.494259 0.580241 0.003132 0.006494
3 0.251305 0.695269 0.021399 0.010204
7 0.246086 0.677644 0.003653 0.012059
7 0.215292 0.675788 0.002610 0.012059
7 0.284708 0.677180 0.001566 0.009276
7 0.282620 0.677644 0.003653 0.010204
7 0.277140 0.678108 0.003132 0.011132
7 0.270877 0.675788 0.003132 0.012059
7 0.265919 0.675325 0.002610 0.011132
7 0.281315 0.704545 0.002088 0.012059
7 0.270877 0.703618 0.002088 0.012059
7 0.278184 0.704082 0.003132 0.012987
