3 0.048214 0.593810 0.067857 0.040952
7 0.021071 0.644286 0.013571 0.012381
7 0.170714 0.647619 0.012857 0.013333
7 0.246786 0.645714 0.015000 0.013333
7 0.225357 0.659524 0.012143 0.012381
1 0.201429 0.656190 0.012857 0.024762
1 0.186429 0.633810 0.020000 0.018095
5 0.204286 0.640000 0.020000 0.026667
1 0.211429 0.635238 0.014286 0.026667
1 0.362500 0.664762 0.020714 0.011429
1 0.366786 0.655714 0.022143 0.016190
3 0.353571 0.612381 0.071429 0.040000
5 0.136071 0.646190 0.013571 0.029524
5 0.116429 0.647143 0.012857 0.033333
4 0.075357 0.652381 0.059286 0.030476
7 0.123571 0.510952 0.011429 0.008571
7 0.133214 0.503333 0.016429 0.012381
7 0.137857 0.459524 0.015714 0.010476
8 0.133214 0.463333 0.005000 0.004762
7 0.160000 0.453810 0.012857 0.012381
7 0.207857 0.463333 0.011429 0.012381
7 0.218571 0.452381 0.014286 0.011429
7 0.245714 0.446667 0.011429 0.009524
11 0.297857 0.410476 0.028571 0.074286
3 0.333929 0.414286 0.032143 0.089524
3 0.383214 0.398095 0.036429 0.087619
3 0.465714 0.362857 0.064286 0.059048
3 0.518214 0.389048 0.062143 0.058095
3 0.539643 0.326190 0.066429 0.046667
3 0.436071 0.242857 0.029286 0.080000
3 0.431071 0.147143 0.029286 0.092381
3 0.302857 0.234762 0.038571 0.077143
5 0.301071 0.276667 0.016429 0.023810
3 0.354643 0.208571 0.030714 0.081905
7 0.356429 0.070476 0.011429 0.017143
7 0.368929 0.060476 0.010714 0.018095
7 0.353929 0.050000 0.010714 0.020000
7 0.360714 0.034286 0.012857 0.024762
4 0.317143 0.041429 0.025714 0.042857
7 0.273571 0.111905 0.022857 0.033333
4 0.446071 0.050952 0.066429 0.080952
7 0.038214 0.492857 0.023571 0.014286
7 0.093571 0.462381 0.020000 0.016190
7 0.103571 0.431905 0.017143 0.012381
5 0.101071 0.373333 0.009286 0.030476
5 0.088214 0.370952 0.012143 0.027619
5 0.073929 0.369524 0.012143 0.026667
7 0.012857 0.407619 0.021429 0.013333
5 0.455000 0.704286 0.011429 0.027619
11 0.522143 0.704762 0.027143 0.078095
7 0.463571 0.630000 0.011429 0.012381
7 0.510000 0.555238 0.011429 0.011429
7 0.512857 0.569048 0.008571 0.016190
7 0.525000 0.564762 0.008571 0.017143
7 0.403929 0.555714 0.009286 0.014286
7 0.408571 0.529524 0.012857 0.009524
7 0.405357 0.507143 0.012143 0.012381
7 0.396071 0.489048 0.007857 0.014286
7 0.406429 0.492381 0.007143 0.009524
7 0.569286 0.529524 0.007143 0.009524
7 0.556786 0.537619 0.007857 0.010476
7 0.591071 0.504762 0.012143 0.011429
5 0.681071 0.367619 0.020714 0.030476
8 0.684643 0.364286 0.012143 0.014286
4 0.662143 0.354762 0.021429 0.025714
7 0.701429 0.273810 0.015714 0.018095
9 0.654643 0.270000 0.036429 0.054286
7 0.746071 0.210000 0.019286 0.025714
7 0.765714 0.211429 0.014286 0.017143
7 0.787143 0.175238 0.015714 0.020952
7 0.761429 0.171429 0.017143 0.026667
7 0.818571 0.149048 0.017143 0.018095
7 0.827143 0.062857 0.015714 0.019048
