3 0.615357 0.593333 0.063571 0.072381
3 0.763929 0.687143 0.086429 0.080952
3 0.391071 0.452857 0.065000 0.048571
3 0.540357 0.487143 0.027857 0.056190
3 0.091429 0.526190 0.074286 0.044762
3 0.098214 0.497143 0.069286 0.041905
3 0.547143 0.368095 0.027143 0.033333
3 0.078214 0.384286 0.053571 0.029524
5 0.186786 0.388571 0.019286 0.015238
5 0.221429 0.394762 0.021429 0.018095
5 0.175357 0.385714 0.019286 0.020952
5 0.126071 0.374762 0.019286 0.012381
5 0.165000 0.378571 0.022857 0.012381
5 0.149286 0.650000 0.025714 0.020000
5 0.141786 0.687143 0.029286 0.025714
5 0.105714 0.664762 0.031429 0.028571
5 0.112143 0.696190 0.025714 0.019048
5 0.128571 0.722381 0.042857 0.027619
1 0.067857 0.631429 0.024286 0.020952
8 0.065357 0.620952 0.015000 0.030476
8 0.146071 0.640952 0.013571 0.028571
8 0.101071 0.655238 0.016429 0.024762
8 0.138929 0.679048 0.016429 0.028571
8 0.110357 0.689524 0.016429 0.024762
8 0.122500 0.712857 0.012143 0.023810
5 0.492500 0.224286 0.009286 0.010476
5 0.506786 0.227143 0.009286 0.010476
5 0.515357 0.221905 0.009286 0.007619
3 0.552143 0.295714 0.020000 0.025714
3 0.558571 0.337619 0.022857 0.027619
3 0.588214 0.341905 0.022143 0.026667
0 0.386429 0.768571 0.071429 0.057143
5 0.443214 0.637619 0.022143 0.023810
8 0.440714 0.627619 0.010000 0.024762
8 0.400714 0.764762 0.015714 0.032381
3 0.952500 0.772857 0.093571 0.063810
3 0.728214 0.056667 0.003571 0.004762
3 0.733929 0.053810 0.003571 0.004762
3 0.728571 0.050952 0.002857 0.002857
3 0.733214 0.040476 0.003571 0.002857
3 0.733214 0.032857 0.003571 0.004762
3 0.687857 0.075714 0.005714 0.004762
3 0.688929 0.068095 0.005000 0.004762
3 0.699643 0.057619 0.005000 0.004762
3 0.701786 0.051905 0.005000 0.004762
3 0.670000 0.104286 0.007143 0.008571
3 0.665357 0.124762 0.009286 0.009524
3 0.648214 0.137143 0.009286 0.009524
2 0.646071 0.157143 0.016429 0.026667
3 0.658214 0.145714 0.006429 0.009524
3 0.681429 0.103333 0.007143 0.006667
3 0.688571 0.084762 0.007143 0.007619
3 0.680714 0.072857 0.004286 0.004762
3 0.697857 0.066667 0.004286 0.003810
3 0.737500 0.034286 0.003571 0.005714
3 0.693929 0.078095 0.003571 0.005714
7 0.658214 0.106190 0.002143 0.008571
7 0.670000 0.094762 0.001429 0.006667
3 0.664643 0.095238 0.005000 0.005714
3 0.612857 0.284286 0.015714 0.023810
3 0.733214 0.046190 0.003571 0.004762
7 0.680714 0.080476 0.001429 0.004762
