3 0.495714 0.512056 0.017143 0.057107
3 0.410000 0.781091 0.021429 0.074873
3 0.380000 0.783629 0.018571 0.064721
3 0.404286 0.925761 0.021429 0.087563
3 0.431429 0.160533 0.011429 0.029188
3 0.502500 0.078680 0.010714 0.027919
3 0.453929 0.059645 0.006429 0.020305
3 0.454286 0.123731 0.008571 0.026650
11 0.497857 0.276015 0.011429 0.044416
3 0.436429 0.411802 0.015714 0.041878
11 0.518571 0.420685 0.012857 0.054569
3 0.475714 0.086929 0.011429 0.026650
3 0.462857 0.022843 0.010000 0.020305
3 0.446429 0.004442 0.008571 0.008883
