3 0.325000 0.837563 0.040000 0.119289
3 0.487857 0.496193 0.022857 0.098985
3 0.506071 0.228426 0.022143 0.063452
3 0.434286 0.092640 0.022857 0.043147
3 0.818571 0.497462 0.030000 0.076142
3 0.857143 0.471447 0.031429 0.067259
3 0.878929 0.534264 0.039286 0.091371
3 0.899643 0.451142 0.045000 0.057107
3 0.854286 0.621193 0.037143 0.062183
3 0.680000 0.868655 0.025714 0.092640
3 0.637857 0.447335 0.027143 0.085025
3 0.630357 0.373731 0.023571 0.069797
11 0.621429 0.243020 0.020000 0.067259
3 0.071786 0.777284 0.046429 0.085025
3 0.292500 0.698604 0.036429 0.097716
3 0.193929 0.489213 0.043571 0.039340
10 0.263571 0.637056 0.037143 0.157360
10 0.358571 0.296320 0.051429 0.107868
3 0.095714 0.253173 0.018571 0.057107
3 0.073929 0.251269 0.022143 0.060914
3 0.212500 0.207487 0.026429 0.041878
3 0.041071 0.369289 0.033571 0.045685
3 0.068571 0.350888 0.030000 0.036802
3 0.089643 0.331853 0.032143 0.036802
2 0.201071 0.657360 0.070714 0.203046
7 0.620357 0.194797 0.005000 0.021574
7 0.625000 0.190990 0.005714 0.024112
3 0.900714 0.055203 0.018571 0.029188
3 0.947500 0.083122 0.020714 0.029188
3 0.965000 0.090736 0.021429 0.039340
3 0.980000 0.099619 0.018571 0.031726
3 0.968929 0.019036 0.020714 0.030457
3 0.937857 0.029822 0.021429 0.034264
3 0.982143 0.029822 0.018571 0.024112
3 0.970357 0.048223 0.017857 0.030457
3 0.920357 0.022208 0.017857 0.031726
3 0.794643 0.633883 0.053571 0.044416
3 0.832857 0.815355 0.058571 0.059645
3 0.690714 0.971447 0.027143 0.052030
