7 0.252000 0.839667 0.010000 0.023333
7 0.262500 0.793000 0.008000 0.016667
7 0.307250 0.819333 0.007500 0.018667
7 0.331750 0.748333 0.008500 0.016667
9 0.350250 0.741667 0.013500 0.039333
7 0.376000 0.747667 0.007000 0.019333
7 0.396000 0.764667 0.008000 0.022667
8 0.387250 0.791000 0.008500 0.016667
3 0.426250 0.972000 0.028500 0.054667
4 0.563250 0.059000 0.051500 0.022000
4 0.769250 0.033000 0.098500 0.039333
4 0.483250 0.063000 0.096500 0.032667
4 0.177000 0.058000 0.075000 0.024000
4 0.293750 0.046333 0.067500 0.020667
4 0.120000 0.085667 0.031000 0.018000
4 0.068750 0.045000 0.052500 0.036667
4 0.007250 0.107000 0.014500 0.038000
4 0.270000 0.099000 0.044000 0.010000
4 0.237000 0.224000 0.050000 0.021333
4 0.426500 0.117667 0.029000 0.015333
4 0.546000 0.215333 0.017000 0.014667
4 0.263750 0.123000 0.014500 0.016667
4 0.428250 0.317667 0.011500 0.062000
4 0.431750 0.266000 0.005500 0.040000
4 0.518500 0.270000 0.015000 0.036000
4 0.694500 0.486333 0.014000 0.020667
3 0.430750 0.886333 0.034500 0.086000
3 0.429000 0.793000 0.024000 0.071333
3 0.430500 0.714667 0.021000 0.056000
3 0.432000 0.653667 0.019000 0.043333
3 0.508250 0.742333 0.021500 0.055333
3 0.512500 0.826333 0.025000 0.068667
3 0.548250 0.831000 0.022500 0.066000
3 0.437750 0.593333 0.017500 0.041333
7 0.488250 0.666000 0.004500 0.018667
11 0.505750 0.665333 0.019500 0.052000
3 0.465000 0.541000 0.016000 0.038000
3 0.497500 0.613667 0.018000 0.047333
3 0.496750 0.569667 0.016500 0.040667
3 0.493750 0.530667 0.014500 0.033333
3 0.490750 0.496667 0.014500 0.033333
7 0.483000 0.526667 0.004000 0.016000
3 0.439500 0.485000 0.014000 0.031333
5 0.435250 0.454000 0.006500 0.016000
5 0.437250 0.413667 0.004500 0.011333
3 0.442000 0.395000 0.012000 0.024667
3 0.487250 0.440333 0.013500 0.023333
11 0.460250 0.444667 0.013500 0.033333
10 0.485250 0.410000 0.018500 0.034667
11 0.481250 0.361333 0.009500 0.022667
3 0.480250 0.344667 0.010500 0.017333
3 0.480000 0.324667 0.009000 0.017333
10 0.444750 0.343000 0.011500 0.027333
5 0.444500 0.316667 0.008000 0.006667
5 0.443000 0.310333 0.008000 0.007333
3 0.444750 0.300000 0.009500 0.014667
11 0.476750 0.302000 0.009500 0.018667
3 0.477750 0.289000 0.008500 0.012667
3 0.476750 0.278000 0.008500 0.012000
3 0.474500 0.264667 0.008000 0.013333
3 0.475000 0.253000 0.007000 0.012667
3 0.473750 0.241000 0.007500 0.010000
5 0.444250 0.274333 0.006500 0.006000
8 0.445000 0.272000 0.002000 0.006667
5 0.445250 0.266333 0.007500 0.007333
11 0.447250 0.246667 0.007500 0.016000
3 0.460500 0.224000 0.008000 0.010667
3 0.445750 0.235333 0.013500 0.010667
7 0.452750 0.234333 0.001500 0.008667
3 0.442500 0.227333 0.017000 0.010667
3 0.447250 0.220667 0.006500 0.010667
3 0.438000 0.221333 0.007000 0.010667
7 0.472750 0.220333 0.001500 0.008667
3 0.478000 0.213667 0.016000 0.010000
11 0.516750 0.211000 0.015500 0.010000
7 0.517250 0.206333 0.001500 0.008667
3 0.472750 0.207000 0.006500 0.010000
10 0.472250 0.196333 0.005500 0.012667
3 0.439000 0.201000 0.006000 0.008667
7 0.404250 0.191333 0.002500 0.008000
11 0.390250 0.173333 0.006500 0.012000
7 0.408500 0.192333 0.002000 0.008667
3 0.421500 0.200333 0.016000 0.007333
11 0.423250 0.195000 0.012500 0.007333
3 0.424750 0.192667 0.013500 0.008000
3 0.423750 0.185333 0.015500 0.008000
8 0.434500 0.185667 0.002000 0.004667
7 0.420500 0.186333 0.001000 0.008667
3 0.459500 0.174000 0.006000 0.008000
3 0.447750 0.193000 0.006500 0.010000
3 0.447500 0.184667 0.005000 0.006667
3 0.448250 0.177333 0.005500 0.008000
3 0.448500 0.168000 0.006000 0.008000
3 0.470250 0.183000 0.006500 0.008667
3 0.470750 0.175333 0.006500 0.009333
3 0.469750 0.169333 0.006500 0.009333
3 0.469250 0.160000 0.005500 0.008000
11 0.496250 0.179000 0.012500 0.008667
11 0.496000 0.175000 0.011000 0.008667
11 0.492000 0.170667 0.014000 0.012000
10 0.443750 0.139667 0.012500 0.014000
3 0.461750 0.144333 0.009500 0.006000
3 0.448750 0.126667 0.008500 0.006667
3 0.446500 0.115333 0.008000 0.005333
3 0.452000 0.116333 0.009000 0.006000
3 0.458000 0.117333 0.009000 0.006667
7 0.454000 0.130000 0.001000 0.006667
7 0.454750 0.127000 0.000500 0.006000
3 0.459500 0.131000 0.008000 0.007333
3 0.477250 0.148333 0.009500 0.007333
3 0.485500 0.149000 0.010000 0.006000
5 0.478250 0.143667 0.003500 0.003333
8 0.478250 0.142333 0.001500 0.006000
11 0.498250 0.145000 0.008500 0.007333
3 0.493250 0.126667 0.009500 0.006667
11 0.496500 0.119000 0.009000 0.008667
3 0.376000 0.147667 0.012000 0.007333
3 0.339250 0.156667 0.013500 0.006667
11 0.341000 0.151333 0.012000 0.008000
10 0.366000 0.121333 0.011000 0.010667
3 0.386750 0.141000 0.008500 0.007333
10 0.400500 0.139667 0.018000 0.015333
10 0.337500 0.138333 0.048000 0.016667
7 0.353750 0.233333 0.002500 0.009333
7 0.341000 0.234333 0.002000 0.008667
7 0.204250 0.217667 0.002500 0.008667
3 0.248250 0.139667 0.009500 0.006000
3 0.232750 0.133333 0.008500 0.005333
7 0.248250 0.126000 0.002500 0.005333
7 0.261750 0.135667 0.001500 0.006000
3 0.231000 0.117667 0.011000 0.006000
3 0.220000 0.108667 0.011000 0.005333
7 0.234500 0.103667 0.002000 0.004667
11 0.214000 0.110667 0.012000 0.006667
3 0.205000 0.110667 0.010000 0.005333
7 0.185500 0.251667 0.003000 0.010000
7 0.182000 0.256333 0.003000 0.008667
1 0.171750 0.234667 0.005500 0.006667
11 0.176250 0.226000 0.017500 0.012000
3 0.171000 0.221333 0.017000 0.009333
3 0.157000 0.220333 0.013000 0.011333
7 0.967000 0.937000 0.014000 0.018000
7 0.962500 0.895333 0.011000 0.020000
7 0.956000 0.911333 0.010000 0.010667
7 0.874750 0.726000 0.008500 0.020000
7 0.867500 0.662000 0.009000 0.017333
8 0.874750 0.678667 0.011500 0.010667
7 0.885500 0.661333 0.009000 0.014667
7 0.890500 0.625667 0.008000 0.016667
7 0.912250 0.651000 0.008500 0.016667
7 0.933750 0.641667 0.010500 0.014000
8 0.946000 0.662000 0.011000 0.010667
7 0.913750 0.610000 0.006500 0.008000
8 0.907000 0.611333 0.006000 0.009333
4 0.877000 0.602667 0.010000 0.009333
5 0.779250 0.484667 0.007500 0.014667
4 0.635250 0.443333 0.003500 0.006667
3 0.743000 0.438667 0.020000 0.024000
7 0.746250 0.475000 0.004500 0.008667
1 0.697000 0.366333 0.008000 0.007333
3 0.745750 0.279000 0.019500 0.016667
3 0.010250 0.368333 0.020500 0.022000
11 0.023500 0.346333 0.027000 0.020667
7 0.086000 0.348000 0.005000 0.012000
11 0.100000 0.287000 0.017000 0.020667
10 0.104000 0.277333 0.020000 0.016000
8 0.166250 0.264000 0.002500 0.005333
3 0.097000 0.256000 0.012000 0.017333
3 0.099500 0.236333 0.013000 0.010000
11 0.086250 0.223000 0.011500 0.011333
3 0.082750 0.211333 0.010500 0.010667
3 0.077000 0.256000 0.023000 0.012000
3 0.076500 0.247333 0.014000 0.014667
3 0.066250 0.241333 0.018500 0.014667
3 0.059500 0.239333 0.011000 0.012000
3 0.048500 0.226333 0.023000 0.010000
3 0.060000 0.214333 0.018000 0.007333
7 0.043250 0.198667 0.003500 0.009333
3 0.074750 0.201667 0.014500 0.007333
3 0.063750 0.199333 0.016500 0.010667
3 0.058500 0.197667 0.015000 0.008667
3 0.057250 0.192667 0.016500 0.009333
3 0.057000 0.211333 0.019000 0.010667
3 0.051500 0.209333 0.015000 0.010667
3 0.154000 0.258000 0.020000 0.013333
3 0.149750 0.251333 0.024500 0.013333
3 0.147750 0.247667 0.020500 0.011333
3 0.141250 0.246000 0.019500 0.012000
3 0.138750 0.242333 0.019500 0.010000
11 0.134250 0.238333 0.018500 0.012667
3 0.128000 0.237667 0.017000 0.011333
3 0.124500 0.233667 0.020000 0.011333
3 0.116250 0.226667 0.018500 0.010667
11 0.114750 0.221667 0.018500 0.012667
11 0.110250 0.218667 0.016500 0.010667
3 0.111250 0.193000 0.014500 0.010000
3 0.105500 0.183667 0.014000 0.010000
10 0.113750 0.178667 0.027500 0.010667
3 0.094750 0.195000 0.019500 0.010000
3 0.095000 0.191333 0.017000 0.006667
11 0.099250 0.206667 0.013500 0.012000
3 0.102750 0.209667 0.018500 0.011333
3 0.110000 0.213000 0.020000 0.010000
3 0.109250 0.216667 0.021500 0.008000
8 0.303750 0.472000 0.004500 0.005333
8 0.290250 0.473333 0.004500 0.009333
7 0.211750 0.499333 0.005500 0.017333
7 0.311500 0.458667 0.002000 0.008000
7 0.021250 0.651333 0.008500 0.016000
7 0.009000 0.647667 0.011000 0.020667
