4 0.285000 0.155457 0.018571 0.013959
11 0.138929 0.025381 0.007857 0.007614
3 0.235000 0.330584 0.011429 0.011421
3 0.242143 0.317893 0.012857 0.008883
3 0.246071 0.313452 0.012143 0.010152
3 0.248214 0.307107 0.012143 0.010152
3 0.252857 0.301396 0.014286 0.011421
3 0.260357 0.286168 0.015000 0.008883
3 0.265000 0.275381 0.012857 0.015228
3 0.310714 0.289340 0.010000 0.012690
3 0.105357 0.560914 0.017857 0.012690
3 0.110357 0.552030 0.020714 0.015228
3 0.117143 0.539340 0.018571 0.015228
3 0.121786 0.530457 0.016429 0.012690
3 0.129643 0.520305 0.016429 0.015228
3 0.135357 0.510787 0.013571 0.013959
3 0.139643 0.500635 0.016429 0.011421
3 0.146786 0.491751 0.015000 0.013959
3 0.149286 0.481599 0.018571 0.013959
3 0.161071 0.466371 0.016429 0.011421
3 0.163929 0.457487 0.017857 0.013959
11 0.060000 0.623096 0.021429 0.020305
11 0.130357 0.571701 0.017857 0.026650
3 0.098214 0.572970 0.020714 0.016497
2 0.225000 0.546954 0.035714 0.073604
3 0.048929 0.944797 0.029286 0.057107
10 0.335357 0.418782 0.026429 0.058376
3 0.540357 0.703046 0.012143 0.025381
3 0.526429 0.648477 0.012857 0.027919
10 0.491429 0.521574 0.020000 0.048223
3 0.474643 0.467640 0.009286 0.016497
3 0.465000 0.430838 0.008571 0.021574
3 0.400357 0.099619 0.007857 0.006345
3 0.390000 0.104695 0.005714 0.003807
10 0.376786 0.109137 0.017857 0.012690
3 0.415000 0.255711 0.011429 0.013959
2 0.421429 0.293782 0.015714 0.029188
3 0.482143 0.196066 0.007143 0.008883
3 0.542143 0.152919 0.008571 0.008883
3 0.570714 0.126904 0.010000 0.010152
3 0.580714 0.126904 0.012857 0.015228
3 0.585000 0.034898 0.005714 0.006345
11 0.645714 0.046954 0.008571 0.007614
3 0.690357 0.039340 0.007857 0.005076
3 0.707857 0.020305 0.005714 0.005076
3 0.707143 0.023477 0.007143 0.006345
3 0.703571 0.052030 0.008571 0.012690
3 0.685000 0.256980 0.010000 0.019036
3 0.648571 0.263959 0.010000 0.017766
11 0.635357 0.267766 0.007857 0.017766
11 0.628571 0.270305 0.010000 0.017766
3 0.622500 0.271574 0.007857 0.015228
3 0.611071 0.309010 0.009286 0.013959
3 0.580000 0.314721 0.010000 0.015228
3 0.572857 0.284264 0.008571 0.017766
3 0.566786 0.319162 0.009286 0.016497
11 0.562857 0.283629 0.008571 0.021574
3 0.606786 0.277919 0.009286 0.012690
3 0.626786 0.305203 0.009286 0.011421
3 0.619286 0.307741 0.007143 0.011421
3 0.718214 0.025381 0.007857 0.007614
3 0.736429 0.036168 0.008571 0.008883
3 0.719286 0.248731 0.008571 0.015228
3 0.726786 0.244289 0.007857 0.013959
3 0.733571 0.243020 0.007143 0.019036
3 0.746786 0.239848 0.010714 0.015228
3 0.711071 0.281726 0.010714 0.012690
3 0.718929 0.280457 0.009286 0.012690
3 0.726429 0.280457 0.010000 0.015228
3 0.733929 0.277284 0.007857 0.011421
3 0.740357 0.274746 0.009286 0.013959
3 0.747500 0.274746 0.009286 0.013959
3 0.753571 0.273477 0.010000 0.016497
3 0.760000 0.270305 0.010000 0.015228
3 0.780714 0.363579 0.015714 0.013959
3 0.753571 0.372462 0.017143 0.013959
3 0.770714 0.380076 0.017143 0.011421
10 0.592500 0.340736 0.027857 0.021574
3 0.791429 0.491751 0.017143 0.013959
3 0.820000 0.493020 0.015714 0.013959
3 0.807500 0.510152 0.016429 0.015228
3 0.819643 0.458122 0.015000 0.012690
3 0.807500 0.439086 0.015000 0.012690
3 0.830000 0.477792 0.015714 0.013959
3 0.810714 0.484772 0.015714 0.015228
3 0.804643 0.475254 0.017857 0.013959
3 0.799286 0.465102 0.017143 0.011421
3 0.775357 0.396574 0.017857 0.013959
3 0.781071 0.405457 0.017857 0.013959
3 0.786429 0.413706 0.017143 0.015228
3 0.794643 0.421954 0.016429 0.011421
3 0.800000 0.429569 0.015714 0.011421
3 0.838929 0.486675 0.015000 0.013959
3 0.857857 0.483503 0.017143 0.017766
3 0.848571 0.469543 0.017143 0.012690
3 0.845000 0.461294 0.014286 0.011421
3 0.838571 0.451777 0.017143 0.012690
3 0.831071 0.442259 0.015000 0.011421
3 0.818571 0.424492 0.014286 0.011421
3 0.812143 0.416244 0.015714 0.012690
3 0.804643 0.407995 0.017857 0.011421
3 0.798929 0.399112 0.015000 0.011421
3 0.793929 0.390863 0.017857 0.012690
3 0.867857 0.490482 0.018571 0.019036
3 0.847143 0.496193 0.018571 0.017766
3 0.870714 0.337563 0.014286 0.017766
3 0.885000 0.353426 0.014286 0.019036
3 0.898214 0.173223 0.007857 0.008883
3 0.887143 0.162437 0.008571 0.007614
3 0.908929 0.184010 0.007857 0.012690
3 0.862857 0.562183 0.015714 0.025381
3 0.911786 0.671954 0.020714 0.016497
3 0.906429 0.654822 0.020000 0.017766
3 0.894643 0.642766 0.019286 0.019036
3 0.888929 0.628173 0.022143 0.017766
3 0.880714 0.612944 0.017143 0.012690
3 0.872500 0.602792 0.020714 0.015228
3 0.862143 0.586929 0.020000 0.016497
3 0.853571 0.572970 0.018571 0.016497
11 0.921786 0.713832 0.023571 0.036802
3 0.927143 0.687817 0.022857 0.015228
3 0.949643 0.424492 0.019286 0.026650
2 0.977857 0.452411 0.027143 0.034264
11 0.827143 0.081853 0.007143 0.008883
