7 0.005750 0.476333 0.011500 0.027333
5 0.017000 0.486333 0.033000 0.039333
8 0.037000 0.551667 0.013000 0.032667
8 0.051500 0.557667 0.018000 0.030000
7 0.022000 0.590667 0.025000 0.069333
5 0.042000 0.597000 0.028000 0.059333
7 0.016500 0.687333 0.030000 0.097333
5 0.153750 0.680333 0.051500 0.064667
7 0.247500 0.610333 0.017000 0.076667
8 0.237250 0.593000 0.023500 0.063333
1 0.238500 0.614333 0.050000 0.058000
5 0.461250 0.746333 0.072500 0.071333
7 0.283500 0.545333 0.022000 0.058667
7 0.319000 0.563000 0.021000 0.063333
7 0.322750 0.537000 0.014500 0.058000
7 0.307500 0.545000 0.011000 0.044667
1 0.414500 0.542000 0.015000 0.048000
4 0.948000 0.379000 0.029000 0.024667
7 0.505500 0.631333 0.016000 0.064000
7 0.580500 0.620667 0.013000 0.046667
7 0.435000 0.508667 0.010000 0.049333
8 0.441250 0.540000 0.024500 0.050667
5 0.442000 0.546667 0.022000 0.052000
5 0.459000 0.520667 0.020000 0.040000
7 0.519000 0.580667 0.015000 0.066667
8 0.510500 0.569667 0.014000 0.048667
1 0.509000 0.585333 0.036000 0.046667
3 0.538500 0.538333 0.120000 0.095333
7 0.635750 0.577333 0.028500 0.052000
7 0.693500 0.553667 0.022000 0.052667
7 0.621750 0.537333 0.017500 0.054667
7 0.609000 0.531333 0.008000 0.033333
8 0.604000 0.552667 0.012000 0.022667
0 0.519000 0.501333 0.045000 0.036000
8 0.676000 0.533000 0.018000 0.056667
5 0.676750 0.540333 0.025500 0.042000
7 0.685500 0.497000 0.018000 0.052667
7 0.670750 0.469000 0.012500 0.046000
7 0.703000 0.472333 0.005000 0.022000
7 0.712750 0.467333 0.009500 0.042667
7 0.709750 0.466667 0.009500 0.034667
7 0.710250 0.456667 0.008500 0.042667
7 0.724250 0.465333 0.006500 0.030667
7 0.740000 0.466333 0.012000 0.034000
7 0.737500 0.470000 0.008000 0.030667
7 0.728750 0.471000 0.007500 0.032667
8 0.726000 0.463000 0.005000 0.012667
1 0.752250 0.453000 0.016500 0.023333
3 0.741750 0.498333 0.081500 0.055333
7 0.748750 0.524667 0.016500 0.050667
7 0.786000 0.517667 0.020000 0.042000
7 0.790500 0.507333 0.015000 0.040000
7 0.800000 0.473000 0.016000 0.047333
7 0.780500 0.470333 0.012000 0.036667
7 0.769250 0.468333 0.009500 0.039333
7 0.774750 0.463667 0.008500 0.039333
7 0.844500 0.492333 0.014000 0.050000
7 0.864000 0.507667 0.010000 0.038000
5 0.788250 0.446333 0.015500 0.023333
5 0.812500 0.446333 0.017000 0.027333
5 0.799750 0.439333 0.017500 0.020000
8 0.829000 0.435000 0.013000 0.034000
1 0.830500 0.443333 0.008000 0.025333
7 0.846750 0.434000 0.012500 0.033333
8 0.867500 0.456333 0.016000 0.040667
7 0.878500 0.471333 0.009000 0.040000
7 0.883750 0.477333 0.010500 0.040000
7 0.893250 0.494000 0.010500 0.037333
7 0.891500 0.469000 0.013000 0.039333
7 0.891250 0.433000 0.009500 0.032667
7 0.900500 0.430000 0.008000 0.032000
7 0.875000 0.426667 0.007000 0.024000
0 0.860750 0.435000 0.022500 0.034000
7 0.888250 0.418667 0.006500 0.029333
0 0.908000 0.408667 0.022000 0.020000
7 0.924500 0.438333 0.008000 0.022000
7 0.930250 0.429667 0.006500 0.035333
7 0.936250 0.444667 0.014500 0.033333
7 0.935500 0.473667 0.010000 0.032667
8 0.947250 0.459667 0.021500 0.014000
1 0.929500 0.452333 0.012000 0.019333
7 0.927250 0.391667 0.007500 0.020667
8 0.951750 0.401667 0.010500 0.018000
1 0.953250 0.405000 0.007500 0.016667
7 0.951000 0.423333 0.010000 0.025333
7 0.955000 0.429667 0.010000 0.030000
7 0.953000 0.452000 0.010000 0.030667
7 0.963250 0.450667 0.010500 0.030667
7 0.989250 0.453000 0.008500 0.032667
7 0.974750 0.440667 0.009500 0.033333
7 0.966500 0.438000 0.012000 0.032000
7 0.975750 0.433000 0.005500 0.030000
7 0.982250 0.439333 0.007500 0.032000
8 0.975500 0.409667 0.011000 0.026000
5 0.976000 0.416333 0.009000 0.019333
7 0.988750 0.413000 0.005500 0.028667
7 0.994750 0.420667 0.008500 0.032000
4 0.871250 0.393333 0.021500 0.033333
