8 0.964643 0.774286 0.043571 0.114286
1 0.960714 0.801429 0.064286 0.100000
3 0.610357 0.866667 0.262143 0.220952
7 0.072500 0.452857 0.007857 0.023810
7 0.101429 0.499048 0.015714 0.040000
7 0.085000 0.483810 0.011429 0.028571
7 0.166786 0.517143 0.009286 0.032381
7 0.166429 0.513333 0.010000 0.038095
8 0.201786 0.491429 0.015000 0.026667
8 0.293214 0.490952 0.012143 0.025714
1 0.297143 0.502381 0.031429 0.020000
7 0.032143 0.540000 0.020000 0.045714
7 0.038571 0.516667 0.008571 0.035238
7 0.047500 0.531905 0.015000 0.042857
7 0.074643 0.530952 0.013571 0.048571
7 0.078571 0.526667 0.021429 0.043810
3 0.072500 0.503810 0.046429 0.032381
3 0.059643 0.485714 0.037857 0.041905
3 0.050357 0.474762 0.032143 0.031429
3 0.043214 0.460952 0.029286 0.040000
3 0.186071 0.538571 0.107857 0.054286
3 0.259286 0.513810 0.090000 0.042857
3 0.297500 0.485238 0.043571 0.046667
3 0.356786 0.514762 0.096429 0.042857
7 0.393571 0.478571 0.014286 0.040952
3 0.432857 0.489524 0.082857 0.041905
3 0.488571 0.493810 0.080000 0.037143
3 0.426786 0.462381 0.032143 0.035238
3 0.458571 0.459524 0.030000 0.035238
3 0.491071 0.452857 0.035000 0.035238
11 0.511071 0.469524 0.060714 0.041905
3 0.516429 0.450000 0.032857 0.027619
3 0.547500 0.447143 0.036429 0.033333
3 0.577857 0.443810 0.032857 0.032381
3 0.608571 0.441905 0.038571 0.032381
3 0.636071 0.440952 0.033571 0.032381
3 0.663214 0.438571 0.042143 0.029524
3 0.588929 0.465238 0.067857 0.033333
3 0.653929 0.456667 0.063571 0.033333
3 0.673571 0.430476 0.038571 0.030476
3 0.713214 0.462857 0.062143 0.032381
7 0.712500 0.466667 0.010714 0.028571
3 0.711071 0.447143 0.057857 0.039048
3 0.703571 0.429048 0.037143 0.029524
3 0.756786 0.443810 0.036429 0.040000
11 0.806786 0.434286 0.060714 0.040000
3 0.817500 0.421905 0.032143 0.034286
3 0.856429 0.429524 0.038571 0.028571
3 0.918571 0.422381 0.048571 0.035238
3 0.890000 0.412381 0.035714 0.034286
3 0.906429 0.409048 0.035714 0.037143
3 0.922143 0.405238 0.027143 0.027619
3 0.933214 0.404286 0.030714 0.029524
3 0.955000 0.419048 0.040000 0.028571
3 0.954643 0.400476 0.027857 0.027619
3 0.987500 0.411905 0.022143 0.027619
