10 0.652143 0.034762 0.005714 0.008571
10 0.614643 0.076667 0.006429 0.010476
10 0.562500 0.135238 0.009286 0.017143
10 0.561071 0.160000 0.006429 0.015238
10 0.624286 0.066667 0.005714 0.009524
10 0.595000 0.088571 0.004286 0.007619
10 0.527500 0.313333 0.005000 0.015238
10 0.523929 0.340476 0.009286 0.027619
2 0.510714 0.409048 0.010000 0.031429
10 0.477500 0.643333 0.019286 0.082857
10 0.700714 0.310476 0.022857 0.013333
10 0.730357 0.280000 0.023571 0.015238
10 0.714286 0.257143 0.031429 0.026667
3 0.494643 0.585238 0.007857 0.020000
3 0.503214 0.515714 0.007857 0.016190
3 0.510357 0.463333 0.007857 0.016190
3 0.500714 0.311429 0.010000 0.007619
3 0.501786 0.306667 0.007857 0.005714
3 0.501071 0.301905 0.007857 0.005714
3 0.503214 0.298095 0.009286 0.005714
3 0.503929 0.293333 0.009286 0.007619
3 0.503214 0.289048 0.009286 0.004762
3 0.503929 0.282381 0.007857 0.004762
3 0.504286 0.278095 0.007143 0.005714
3 0.508571 0.248095 0.008571 0.006667
3 0.510000 0.240476 0.008571 0.006667
3 0.510357 0.237619 0.007857 0.004762
3 0.511071 0.234286 0.007857 0.003810
3 0.511071 0.230000 0.009286 0.004762
3 0.510357 0.226190 0.009286 0.006667
3 0.512500 0.221905 0.006429 0.005714
7 0.498214 0.260000 0.000714 0.003810
7 0.514643 0.338095 0.002143 0.005714
7 0.489286 0.323810 0.002857 0.005714
7 0.493929 0.264762 0.002143 0.003810
7 0.531071 0.244762 0.002143 0.003810
7 0.497500 0.242381 0.002143 0.004762
3 0.578214 0.113810 0.003571 0.004762
3 0.586786 0.091429 0.003571 0.007619
3 0.636786 0.051429 0.002143 0.003810
3 0.642857 0.043810 0.002857 0.003810
3 0.673571 0.254762 0.004286 0.006667
3 0.684643 0.254762 0.006429 0.006667
10 0.600000 0.318571 0.011429 0.008571
3 0.621429 0.325714 0.004286 0.009524
3 0.627857 0.327619 0.004286 0.007619
3 0.633929 0.327143 0.003571 0.008571
3 0.641071 0.328571 0.005000 0.011429
3 0.647500 0.329048 0.005000 0.010476
3 0.655000 0.329524 0.005714 0.011429
3 0.660714 0.330000 0.004286 0.010476
3 0.667143 0.330000 0.004286 0.008571
7 0.613214 0.923333 0.002143 0.004762
7 0.624643 0.929048 0.005000 0.006667
7 0.630714 0.921905 0.004286 0.007619
7 0.601429 0.766667 0.002857 0.007619
7 0.597143 0.747143 0.001429 0.006667
7 0.595000 0.744762 0.002857 0.005714
5 0.837143 0.784762 0.008571 0.007619
3 0.183929 0.890952 0.017857 0.033333
