3 0.271071 0.154762 0.029286 0.018095
3 0.269286 0.177619 0.031429 0.018095
10 0.268571 0.201429 0.032857 0.021905
3 0.270000 0.280476 0.034286 0.018095
11 0.177143 0.170476 0.030000 0.024762
3 0.390714 0.642857 0.017143 0.045714
3 0.411071 0.646667 0.015000 0.036190
3 0.457500 0.639524 0.015000 0.046667
3 0.480000 0.635238 0.015714 0.038095
3 0.518929 0.626667 0.015000 0.038095
3 0.538571 0.634762 0.012857 0.037143
3 0.530000 0.464762 0.017143 0.038095
3 0.512500 0.468095 0.015000 0.042857
3 0.466071 0.470476 0.016429 0.045714
6 0.845714 0.607143 0.018571 0.046667
3 0.875357 0.603810 0.012143 0.036190
