11 0.353571 0.251905 0.010000 0.012381
3 0.480000 0.297143 0.008571 0.015238
3 0.657500 0.293333 0.017857 0.011429
3 0.638929 0.974762 0.059286 0.048571
3 0.586429 0.870000 0.024286 0.063810
3 0.534643 0.650476 0.016429 0.036190
10 0.563214 0.954286 0.036429 0.089524
3 0.895000 0.684762 0.044286 0.040000
3 0.938214 0.843333 0.049286 0.071429
3 0.979643 0.690000 0.039286 0.027619
3 0.911071 0.841429 0.043571 0.069524
10 0.895357 0.860000 0.065000 0.114286
10 0.495714 0.190476 0.005714 0.011429
10 0.488571 0.153333 0.004286 0.013333
2 0.497143 0.182857 0.005714 0.011429
7 0.590357 0.993333 0.007857 0.011429
7 0.610357 0.672381 0.003571 0.015238
7 0.617143 0.673333 0.005714 0.015238
7 0.827857 0.773333 0.008571 0.020952
7 0.789643 0.664286 0.007857 0.016190
7 0.790000 0.657619 0.005714 0.016190
7 0.796786 0.661905 0.005000 0.015238
3 0.437500 0.289048 0.012143 0.008571
