7 0.427500 0.732857 0.009286 0.035238
7 0.446786 0.730000 0.009286 0.031429
7 0.457143 0.600000 0.008571 0.024762
7 0.463214 0.596190 0.007857 0.026667
7 0.457143 0.567619 0.005714 0.026667
7 0.463214 0.568571 0.005000 0.026667
7 0.418214 0.503810 0.010714 0.030476
7 0.408929 0.499524 0.010714 0.027619
7 0.399286 0.496667 0.010000 0.025714
7 0.388929 0.506667 0.009286 0.030476
7 0.387500 0.492381 0.012143 0.022857
7 0.368929 0.428571 0.009286 0.024762
7 0.550714 0.478571 0.005714 0.023810
7 0.547143 0.475238 0.007143 0.024762
7 0.541071 0.469524 0.006429 0.028571
7 0.535000 0.468095 0.004286 0.027619
7 0.569643 0.465238 0.006429 0.023810
7 0.568571 0.450000 0.007143 0.021905
4 0.593214 0.434286 0.040714 0.040000
11 0.374286 0.325238 0.022857 0.039048
7 0.356786 0.285714 0.006429 0.019048
7 0.328929 0.238571 0.005000 0.016190
9 0.376071 0.244762 0.006429 0.013333
9 0.413214 0.240476 0.017857 0.020000
7 0.346071 0.191429 0.005000 0.013333
7 0.352857 0.188571 0.004286 0.015238
7 0.347857 0.176667 0.004286 0.014286
8 0.321429 0.158095 0.004286 0.007619
5 0.321786 0.162857 0.005000 0.007619
4 0.338929 0.150000 0.015000 0.033333
7 0.293214 0.218571 0.005000 0.016190
7 0.295714 0.216667 0.004286 0.012381
7 0.299286 0.217619 0.005714 0.016190
7 0.308214 0.217619 0.005000 0.016190
7 0.311786 0.217143 0.005000 0.015238
