3 0.097857 0.024762 0.008571 0.009524
3 0.105357 0.039524 0.009286 0.010476
3 0.095714 0.048571 0.008571 0.011429
3 0.113571 0.067143 0.010000 0.012381
3 0.109286 0.110000 0.012857 0.020000
3 0.140000 0.161905 0.014286 0.020952
3 0.051071 0.042381 0.007857 0.012381
3 0.052500 0.020952 0.013571 0.009524
3 0.054286 0.030476 0.010000 0.007619
3 0.052500 0.070476 0.016429 0.011429
3 0.048571 0.096190 0.015714 0.009524
3 0.054286 0.120476 0.011429 0.018095
3 0.055714 0.144286 0.007143 0.010476
3 0.057857 0.160000 0.011429 0.015238
3 0.056071 0.172381 0.010714 0.017143
3 0.059643 0.234286 0.017857 0.022857
3 0.061429 0.263333 0.018571 0.029524
3 0.165714 0.276190 0.018571 0.026667
3 0.171786 0.039524 0.009286 0.012381
3 0.180000 0.052857 0.008571 0.008571
3 0.186429 0.065714 0.007143 0.009524
3 0.209286 0.101905 0.011429 0.015238
3 0.247143 0.167143 0.014286 0.018095
3 0.253929 0.185714 0.012143 0.017143
11 0.280357 0.228095 0.016429 0.025714
7 0.168214 0.106190 0.003571 0.012381
3 0.210000 0.452381 0.028571 0.049524
3 0.224643 0.512381 0.033571 0.057143
3 0.247500 0.580476 0.036429 0.065714
7 0.085714 0.462381 0.004286 0.020000
7 0.079286 0.456667 0.005714 0.018095
5 0.104643 0.557143 0.012143 0.032381
1 0.235714 0.647143 0.012857 0.029524
3 0.137143 0.787143 0.081429 0.101905
3 0.405714 0.895714 0.108571 0.084762
5 0.670000 0.638571 0.022857 0.029524
5 0.662143 0.609524 0.022857 0.024762
3 0.827500 0.752381 0.076429 0.070476
8 0.103571 0.546667 0.011429 0.020952
8 0.234286 0.637143 0.008571 0.024762
8 0.660714 0.605714 0.015714 0.020952
8 0.670000 0.634762 0.011429 0.016190
