3 0.534000 0.703333 0.037000 0.054667
3 0.929250 0.653333 0.057500 0.038667
3 0.892000 0.619000 0.057000 0.038000
3 0.707500 0.615000 0.054000 0.032667
3 0.699500 0.484667 0.029000 0.018667
3 0.675500 0.477667 0.034000 0.018000
11 0.669500 0.465667 0.029000 0.019333
3 0.637500 0.460667 0.033000 0.017333
3 0.168500 0.551333 0.031000 0.028000
4 0.005750 0.522667 0.011500 0.018667
3 0.082750 0.441667 0.019500 0.019333
8 0.104750 0.431333 0.004500 0.012000
8 0.092750 0.426333 0.003500 0.008667
8 0.090250 0.425667 0.004500 0.011333
8 0.086750 0.426333 0.004500 0.015333
5 0.104500 0.433667 0.005000 0.010000
3 0.147250 0.414000 0.014500 0.013333
3 0.167750 0.399667 0.014500 0.014000
3 0.188750 0.394000 0.012500 0.013333
3 0.178250 0.370667 0.010500 0.009333
8 0.214750 0.324000 0.001500 0.004000
7 0.169750 0.340667 0.002500 0.006667
10 0.175000 0.346333 0.019000 0.011333
3 0.200500 0.365333 0.009000 0.009333
3 0.214250 0.367667 0.009500 0.008667
11 0.208750 0.353000 0.008500 0.010000
3 0.187000 0.341667 0.014000 0.008667
3 0.189000 0.335667 0.014000 0.007333
8 0.450250 0.466667 0.005500 0.010667
3 0.437250 0.472000 0.033500 0.017333
7 0.444500 0.457333 0.005000 0.016000
7 0.442750 0.444333 0.005500 0.015333
8 0.430000 0.420333 0.005000 0.007333
7 0.430750 0.438667 0.001500 0.009333
3 0.428250 0.460000 0.029500 0.017333
3 0.423750 0.448000 0.028500 0.018667
3 0.543250 0.453000 0.031500 0.018000
3 0.511000 0.425000 0.026000 0.014000
3 0.528250 0.442667 0.026500 0.016000
3 0.602500 0.431667 0.024000 0.015333
3 0.580750 0.415667 0.027500 0.012667
3 0.570000 0.400000 0.022000 0.010667
3 0.570000 0.396000 0.023000 0.010667
7 0.555250 0.393333 0.002500 0.012000
3 0.588000 0.392333 0.019000 0.011333
3 0.584000 0.388000 0.020000 0.012000
3 0.577750 0.385000 0.021500 0.011333
7 0.577500 0.374333 0.003000 0.008667
8 0.580500 0.352000 0.002000 0.008000
5 0.579500 0.353333 0.003000 0.005333
3 0.559250 0.353333 0.009500 0.008000
3 0.538000 0.374000 0.020000 0.009333
7 0.433750 0.362667 0.001500 0.009333
0 0.309500 0.400333 0.013000 0.011333
8 0.310500 0.392000 0.004000 0.006667
7 0.373750 0.384333 0.003500 0.010000
8 0.394500 0.390000 0.002000 0.005333
8 0.416000 0.377667 0.003000 0.007333
7 0.411250 0.376667 0.002500 0.006667
7 0.408000 0.376667 0.001000 0.008000
7 0.406500 0.376667 0.002000 0.008000
3 0.550500 0.338000 0.014000 0.006667
7 0.537750 0.338000 0.001500 0.006667
10 0.517000 0.337333 0.018000 0.012000
3 0.507750 0.354333 0.009500 0.007333
3 0.463750 0.349333 0.016500 0.008000
3 0.442500 0.351000 0.016000 0.007333
3 0.423250 0.352000 0.016500 0.006667
3 0.398250 0.353333 0.017500 0.008000
11 0.315000 0.338667 0.009000 0.008000
3 0.233000 0.389333 0.011000 0.010667
3 0.254500 0.373667 0.008000 0.008667
3 0.241250 0.373333 0.009500 0.009333
3 0.235500 0.366667 0.009000 0.009333
3 0.250500 0.362667 0.009000 0.009333
3 0.260250 0.352333 0.007500 0.008667
3 0.308500 0.328000 0.006000 0.006667
3 0.297250 0.327333 0.005500 0.008000
4 0.318000 0.284333 0.004000 0.016667
4 0.289500 0.267000 0.006000 0.007333
3 0.250500 0.312333 0.005000 0.004667
3 0.258750 0.305000 0.004500 0.004667
3 0.265250 0.296667 0.003500 0.004000
3 0.272750 0.295667 0.003500 0.003333
3 0.301250 0.281000 0.005500 0.002000
3 0.295250 0.281333 0.003500 0.002667
3 0.286000 0.276333 0.002000 0.002000
3 0.280000 0.272000 0.005000 0.002667
4 0.274750 0.275667 0.004500 -0.000667
3 0.278500 0.280333 0.002000 0.002000
3 0.276750 0.285667 0.002500 0.003333
4 0.265000 0.288000 0.008000 0.005333
3 0.273000 0.280000 0.002000 0.002667
3 0.239250 0.308333 0.004500 0.004667
8 0.254500 0.301333 0.001000 0.002667
5 0.254250 0.303000 0.001500 0.003333
8 0.249500 0.308000 0.001000 0.004000
5 0.249500 0.308667 0.002000 0.004000
5 0.246500 0.308000 0.001000 0.002667
8 0.246500 0.307333 0.001000 0.002667
3 0.246250 0.306333 0.004500 0.004667
3 0.250750 0.300000 0.005500 0.004000
3 0.251750 0.297333 0.004500 0.004000
3 0.255000 0.295000 0.004000 0.003333
11 0.257500 0.292333 0.004000 0.004667
