3 0.338214 0.386421 0.016429 0.069797
3 0.274286 0.920051 0.021429 0.096447
3 0.300357 0.747462 0.022143 0.078680
3 0.288571 0.383883 0.018571 0.057107
3 0.298571 0.109772 0.015714 0.044416
11 0.285000 0.224619 0.020000 0.055838
11 0.368214 0.361675 0.019286 0.071066
11 0.350714 0.560279 0.021429 0.077411
11 0.270000 0.558376 0.020000 0.071066
11 0.366786 0.782995 0.025000 0.088832
11 0.392500 0.680838 0.023571 0.092640
2 0.385714 0.521574 0.024286 0.106599
2 0.263929 0.060914 0.029286 0.121827
7 0.409286 0.248096 0.004286 0.016497
7 0.402500 0.257614 0.005000 0.017766
7 0.402857 0.244289 0.005714 0.013959
7 0.646429 0.951142 0.007143 0.024112
3 0.915357 0.833756 0.056429 0.050761
3 0.968571 0.821066 0.052857 0.045685
3 0.912143 0.342005 0.025714 0.059645
