3 0.571786 0.455714 0.050714 0.115238
3 0.466429 0.317619 0.042857 0.082857
3 0.406071 0.215714 0.033571 0.067619
3 0.474286 0.229524 0.035714 0.070476
3 0.579643 0.212857 0.047857 0.080952
3 0.633214 0.214762 0.049286 0.086667
3 0.735357 0.224762 0.056429 0.083810
3 0.701786 0.436667 0.065000 0.117143
3 0.765357 0.424286 0.067857 0.119048
3 0.676071 0.341429 0.106429 0.065714
3 0.812143 0.340952 0.098571 0.057143
3 0.837143 0.276667 0.091429 0.061905
3 0.472143 0.149048 0.040000 0.075238
3 0.405000 0.142857 0.031429 0.060952
3 0.830714 0.440476 0.085714 0.128571
3 0.885000 0.436667 0.080000 0.130476
3 0.940000 0.422857 0.084286 0.129524
3 0.402143 0.081429 0.031429 0.056190
3 0.585714 0.157619 0.071429 0.054286
11 0.587500 0.127143 0.087857 0.052381
3 0.578929 0.098571 0.072143 0.044762
3 0.471786 0.078095 0.037857 0.057143
3 0.554286 0.032857 0.061429 0.040952
3 0.546786 0.013333 0.059286 0.026667
3 0.977857 0.412381 0.042857 0.108571
8 0.870000 0.776667 0.031429 0.042857
8 0.558571 0.700000 0.024286 0.049524
5 0.562500 0.707619 0.035000 0.081905
1 0.862500 0.782381 0.056429 0.037143
1 0.400714 0.623333 0.051429 0.023810
7 0.144286 0.361429 0.027143 0.048571
7 0.116786 0.617619 0.037857 0.039048
7 0.120000 0.608571 0.024286 0.043810
7 0.445714 0.576667 0.018571 0.050476
7 0.397857 0.623810 0.021429 0.047619
7 0.571429 0.678095 0.021429 0.036190
7 0.540000 0.583333 0.014286 0.052381
7 0.647143 0.602857 0.022857 0.053333
7 0.610714 0.654762 0.017143 0.044762
7 0.689643 0.590952 0.022143 0.044762
7 0.697857 0.518571 0.018571 0.042857
7 0.808571 0.562857 0.025714 0.051429
1 0.964286 0.313333 0.028571 0.032381
