3 0.436071 0.381345 0.020714 0.054569
3 0.430000 0.321701 0.018571 0.046954
11 0.451071 0.444162 0.025000 0.071066
3 0.466429 0.527284 0.022857 0.067259
11 0.421786 0.461929 0.022143 0.065990
11 0.434643 0.538071 0.020714 0.073604
7 0.275000 0.839467 0.004286 0.016497
7 0.286071 0.852792 0.006429 0.017766
7 0.295000 0.796320 0.007143 0.016497
7 0.318929 0.761421 0.005000 0.017766
7 0.284286 0.623096 0.007143 0.022843
7 0.272857 0.249365 0.005714 0.016497
7 0.512143 0.535533 0.005714 0.025381
7 0.568214 0.781091 0.006429 0.024112
7 0.733571 0.885152 0.007143 0.021574
7 0.731071 0.900381 0.005000 0.021574
7 0.280000 0.842005 0.005714 0.016497
7 0.294286 0.805203 0.007143 0.019036
7 0.317857 0.768401 0.005714 0.016497
7 0.277500 0.715736 0.007857 0.022843
7 0.561429 0.789340 0.007143 0.022843
7 0.752143 0.898477 0.011429 0.017766
7 0.703571 0.991751 0.008571 0.011421
