7 0.292500 0.917143 0.012143 0.019048
7 0.308929 0.901429 0.009286 0.016190
7 0.317857 0.924286 0.010000 0.014286
8 0.415357 0.899048 0.012143 0.022857
8 0.422143 0.891905 0.008571 0.029524
5 0.417857 0.898571 0.022857 0.042857
7 0.378571 0.737143 0.010000 0.022857
7 0.451071 0.638571 0.006429 0.021905
7 0.456786 0.639048 0.005000 0.020952
7 0.462143 0.643333 0.007143 0.021905
7 0.473929 0.605714 0.006429 0.020952
8 0.537500 0.603810 0.007857 0.019048
1 0.537857 0.608095 0.010000 0.018095
7 0.488571 0.569524 0.007143 0.019048
7 0.498214 0.569524 0.005000 0.022857
7 0.504286 0.572381 0.005714 0.019048
7 0.520000 0.577143 0.007143 0.020952
7 0.495000 0.553810 0.007143 0.020000
7 0.512857 0.524286 0.007143 0.020000
7 0.505000 0.521429 0.005714 0.020000
7 0.500714 0.517619 0.005714 0.021905
7 0.506786 0.504286 0.005000 0.018095
7 0.543929 0.526190 0.006429 0.021905
7 0.550357 0.525714 0.006429 0.020952
8 0.557857 0.469048 0.002857 0.010476
8 0.556429 0.464286 0.004286 0.010476
5 0.557500 0.475238 0.009286 0.019048
7 0.509643 0.459524 0.005000 0.020000
7 0.502857 0.460952 0.005714 0.019048
7 0.654643 0.431429 0.007857 0.019048
7 0.475357 0.382857 0.005000 0.017143
7 0.448929 0.349524 0.005000 0.017143
7 0.453571 0.349524 0.004286 0.017143
7 0.492857 0.288095 0.004286 0.016190
7 0.497857 0.290000 0.004286 0.016190
7 0.563214 0.377143 0.006429 0.017143
7 0.568571 0.376190 0.004286 0.017143
7 0.571786 0.373333 0.003571 0.019048
7 0.792143 0.766667 0.015714 0.024762
7 0.843929 0.775714 0.015000 0.021905
7 0.851786 0.762381 0.012143 0.018095
3 0.852143 0.661905 0.032857 0.059048
3 0.781429 0.593810 0.044286 0.040952
5 0.706071 0.983810 0.026429 0.030476
8 0.707143 0.986667 0.008571 0.022857
8 0.702857 0.981429 0.008571 0.018095
8 0.698571 0.977143 0.010000 0.020952
11 0.199286 0.974286 0.072857 0.049524
4 0.090714 0.091905 0.070000 0.044762
4 0.066786 0.141905 0.073571 0.043810
4 0.006429 0.252857 0.008571 0.031429
4 0.825714 0.019048 0.334286 0.038095
4 0.569643 0.020000 0.075000 0.036190
4 0.690000 0.053810 0.118571 0.029524
