5 0.161429 0.723810 0.018571 0.066667
7 0.275357 0.730952 0.016429 0.077143
7 0.288571 0.822381 0.038571 0.101905
7 0.322857 0.845238 0.042857 0.100000
7 0.357857 0.810476 0.021429 0.099048
7 0.381071 0.769048 0.016429 0.080952
5 0.193571 0.639524 0.032857 0.044762
0 0.219286 0.592857 0.064286 0.080952
7 0.243929 0.605714 0.013571 0.051429
6 0.437143 0.796190 0.028571 0.076190
7 0.450714 0.675238 0.014286 0.066667
7 0.571429 0.630000 0.011429 0.056190
7 0.586429 0.627143 0.015714 0.060000
6 0.586786 0.637619 0.015000 0.039048
7 0.640000 0.684286 0.018571 0.075238
7 0.655714 0.677619 0.017143 0.077143
7 0.666071 0.696667 0.025000 0.075238
7 0.243214 0.431429 0.003571 0.009524
10 0.262500 0.423810 0.032143 0.020952
10 0.290357 0.423810 0.023571 0.022857
10 0.323929 0.420952 0.032143 0.017143
10 0.355000 0.417619 0.030000 0.018095
6 0.308929 0.465238 0.055000 0.044762
1 0.398929 0.587619 0.032143 0.022857
4 0.485000 0.574286 0.020000 0.017143
1 0.493929 0.557143 0.023571 0.019048
5 0.501786 0.539048 0.023571 0.019048
5 0.518214 0.512857 0.019286 0.016190
5 0.525000 0.499524 0.018571 0.014286
1 0.531786 0.495714 0.016429 0.012381
7 0.566429 0.526667 0.007143 0.032381
7 0.558214 0.520000 0.007857 0.030476
7 0.596071 0.540000 0.009286 0.032381
7 0.620357 0.544286 0.007857 0.031429
7 0.610357 0.540476 0.010714 0.027619
7 0.633929 0.546667 0.010714 0.040000
7 0.645357 0.539524 0.007857 0.029524
7 0.640714 0.532857 0.005714 0.029524
7 0.616786 0.532857 0.006429 0.033333
7 0.610000 0.521905 0.007143 0.030476
7 0.592857 0.512381 0.005714 0.030476
7 0.596071 0.512381 0.003571 0.026667
7 0.632500 0.521905 0.006429 0.030476
7 0.566071 0.477143 0.003571 0.019048
7 0.560714 0.474762 0.004286 0.018095
7 0.586071 0.475714 0.003571 0.018095
7 0.583214 0.474286 0.002143 0.017143
3 0.600000 0.447619 0.022857 0.011429
1 0.626429 0.483810 0.020000 0.015238
4 0.629643 0.498571 0.006429 0.020000
10 0.606071 0.439048 0.026429 0.015238
4 0.407143 0.407143 0.005714 0.006667
7 0.252143 0.600000 0.010000 0.053333
