7 0.491429 0.840000 0.032857 0.080000
7 0.533571 0.873333 0.028571 0.087619
11 0.274286 0.767619 0.122857 0.200000
11 0.338929 0.570952 0.076429 0.151429
11 0.451071 0.218571 0.032143 0.054286
11 0.589643 0.526667 0.049286 0.106667
11 0.561429 0.252381 0.028571 0.060952
3 0.581786 0.422381 0.047857 0.086667
3 0.392857 0.446667 0.067143 0.097143
3 0.575714 0.173810 0.025714 0.037143
3 0.406786 0.363810 0.046429 0.066667
3 0.437857 0.275238 0.040000 0.055238
3 0.580714 0.222381 0.027143 0.048571
3 0.571429 0.145714 0.022857 0.034286
3 0.464643 0.185714 0.027857 0.040000
3 0.474643 0.159048 0.023571 0.036190
7 0.592143 0.343810 0.014286 0.047619
7 0.610357 0.264286 0.010714 0.037143
8 0.543214 0.201905 0.010714 0.028571
8 0.506429 0.192381 0.010000 0.022857
8 0.483929 0.234762 0.010714 0.033333
7 0.591429 0.093810 0.007143 0.025714
7 0.512857 0.096190 0.005714 0.024762
8 0.563571 0.113810 0.007143 0.023810
8 0.575000 0.114286 0.008571 0.019048
8 0.582500 0.115714 0.007857 0.018095
6 0.579643 0.335714 0.017857 0.044762
1 0.543929 0.210952 0.006429 0.023810
0 0.506071 0.204286 0.017857 0.035238
5 0.483929 0.241905 0.009286 0.030476
3 0.595714 0.050000 0.014286 0.018095
3 0.572500 0.048095 0.015000 0.023810
3 0.547857 0.047619 0.015714 0.020952
3 0.521071 0.045714 0.015000 0.019048
3 0.498571 0.044286 0.015714 0.020000
10 0.477143 0.042381 0.018571 0.027619
3 0.549643 0.031429 0.012143 0.017143
3 0.572500 0.034286 0.013571 0.019048
3 0.445714 0.018095 0.015714 0.020952
3 0.534643 0.074286 0.016429 0.022857
5 0.228214 0.351905 0.037857 0.031429
1 0.323929 0.230952 0.029286 0.023810
1 0.293929 0.550952 0.033571 0.056190
3 0.202143 0.959048 0.121429 0.080000
