7 0.101253 0.965213 0.005219 0.026902
8 0.077505 0.985158 0.009916 0.020408
7 0.048017 0.754174 0.007307 0.022263
7 0.055063 0.757421 0.007829 0.015770
0 0.056367 0.535250 0.028184 0.033395
0 0.022704 0.122449 0.017223 0.022263
7 0.018006 0.043599 0.005741 0.012987
7 0.046190 0.030148 0.004697 0.013915
3 0.323330 0.156308 0.025574 0.023191
3 0.332724 0.184601 0.024530 0.024119
3 0.343424 0.207328 0.029228 0.025046
3 0.348904 0.219388 0.029749 0.025046
3 0.353601 0.232839 0.026618 0.025974
3 0.356211 0.246753 0.026618 0.027829
11 0.378132 0.285250 0.026618 0.026902
3 0.381785 0.300557 0.031837 0.029685
3 0.416493 0.347403 0.032359 0.028757
3 0.415449 0.379406 0.032359 0.037106
7 0.426931 0.446197 0.003132 0.022263
8 0.432933 0.455937 0.003653 0.012059
8 0.439457 0.457328 0.006263 0.009276
8 0.442589 0.448980 0.006263 0.011132
8 0.434499 0.446197 0.004697 0.009276
11 0.487996 0.547774 0.033403 0.043599
11 0.473904 0.521800 0.030271 0.041744
3 0.463466 0.771800 0.050104 0.059369
9 0.535230 0.639610 0.025574 0.041744
8 0.420407 0.425788 0.004697 0.016698
5 0.457985 0.427644 0.005741 0.018553
3 0.306106 0.390538 0.030793 0.037106
3 0.218424 0.109926 0.020355 0.019481
7 0.218163 0.049629 0.003132 0.013915
8 0.214770 0.045455 0.002610 0.011132
3 0.306106 0.022727 0.017223 0.017625
3 0.606733 0.703154 0.046451 0.064935
3 0.621608 0.678108 0.043841 0.055659
7 0.743998 0.664657 0.007829 0.028757
7 0.748956 0.698052 0.008351 0.028757
3 0.851514 0.374304 0.026618 0.038033
3 0.881263 0.354824 0.033925 0.034323
3 0.913622 0.333024 0.032881 0.037106
3 0.906576 0.251855 0.027140 0.026902
3 0.929280 0.237941 0.030793 0.026902
8 0.975209 0.275046 0.005741 0.015770
1 0.973904 0.281540 0.008351 0.008349
