7 0.926071 0.806472 0.015000 0.021574
7 0.990000 0.927030 0.014286 0.016497
7 0.983929 0.878807 0.016429 0.019036
7 0.861786 0.684010 0.010714 0.030457
7 0.823571 0.626904 0.010000 0.022843
3 0.609286 0.361675 0.054286 0.035533
3 0.366071 0.269036 0.047857 0.035533
3 0.437143 0.243655 0.044286 0.040609
3 0.351786 0.218909 0.045000 0.039340
3 0.020357 0.322335 0.030714 0.050761
3 0.058214 0.177030 0.029286 0.049492
3 0.115000 0.114848 0.030000 0.052030
3 0.055000 0.321701 0.028571 0.046954
3 0.115000 0.190355 0.027143 0.038071
