10 0.930714 0.471447 0.124286 0.247462
3 0.835357 0.427030 0.055000 0.102792
3 0.833929 0.096447 0.042143 0.065990
3 0.963571 0.045051 0.042857 0.062183
11 0.978571 0.468909 0.041429 0.112944
7 0.477857 0.679569 0.010000 0.034264
7 0.425714 0.643401 0.010000 0.030457
7 0.707857 0.904822 0.010000 0.035533
8 0.538929 0.958756 0.009286 0.026650
8 0.533929 0.925761 0.010714 0.019036
8 0.558929 0.910533 0.012143 0.021574
8 0.547143 0.925761 0.014286 0.029188
8 0.553214 0.955584 0.010714 0.020305
4 0.687857 0.969543 0.030000 0.055838
7 0.491429 0.632614 0.011429 0.024112
7 0.493929 0.622462 0.010714 0.019036
7 0.570000 0.631345 0.007143 0.026650
7 0.588571 0.682107 0.008571 0.029188
7 0.587857 0.631980 0.010000 0.038071
7 0.598571 0.626269 0.008571 0.026650
7 0.574643 0.593274 0.009286 0.024112
7 0.582857 0.586929 0.010000 0.034264
7 0.592143 0.590736 0.008571 0.036802
7 0.600714 0.593274 0.010000 0.024112
7 0.603929 0.605964 0.010714 0.031726
7 0.438214 0.258249 0.005000 0.024112
7 0.446429 0.251904 0.005714 0.026650
7 0.448214 0.325508 0.012143 0.019036
7 0.449643 0.340102 0.007857 0.022843
7 0.438214 0.248731 0.006429 0.017766
7 0.431429 0.260152 0.005714 0.015228
7 0.461071 0.201777 0.006429 0.027919
7 0.631786 0.183376 0.009286 0.029188
7 0.452500 0.024746 0.006429 0.024112
7 0.426429 0.031726 0.005714 0.020305
7 0.529286 0.008249 0.005714 0.016497
7 0.584643 0.078046 0.003571 0.016497
7 0.575714 0.054569 0.005714 0.025381
4 0.534286 0.046954 0.012857 0.025381
8 0.706429 0.901015 0.005714 0.020305
7 0.493929 0.304569 0.007857 0.030457
7 0.476429 0.149746 0.005714 0.022843
4 0.605000 0.440990 0.024286 0.031726
