3 0.306250 0.966000 0.071500 0.066667
3 0.336500 0.833000 0.071000 0.147333
3 0.543750 0.945000 0.062500 0.108667
3 0.435500 0.670667 0.049000 0.105333
3 0.524500 0.668667 0.048000 0.101333
3 0.901250 0.793000 0.101500 0.126000
3 0.796000 0.593667 0.057000 0.060667
8 0.726000 0.531667 0.014000 0.023333
8 0.722750 0.526667 0.015500 0.028000
5 0.723750 0.535667 0.012500 0.032667
3 0.673250 0.512333 0.039500 0.054000
3 0.583500 0.513667 0.077000 0.044667
3 0.568500 0.484333 0.072000 0.044667
3 0.563750 0.439000 0.065500 0.036667
3 0.508750 0.391333 0.023500 0.041333
3 0.060250 0.434000 0.050500 0.037333
3 0.117750 0.363333 0.046500 0.034667
3 0.149000 0.336000 0.024000 0.026667
3 0.165000 0.315333 0.032000 0.028000
11 0.186750 0.297667 0.035500 0.034000
3 0.207000 0.285333 0.042000 0.017333
3 0.205750 0.272667 0.037500 0.018667
3 0.222250 0.261667 0.047500 0.023333
3 0.307750 0.283667 0.043500 0.019333
3 0.290500 0.303667 0.045000 0.016667
3 0.312500 0.273667 0.040000 0.015333
3 0.503250 0.359333 0.020500 0.036000
3 0.424000 0.302333 0.019000 0.023333
3 0.425000 0.280333 0.016000 0.024667
10 0.476500 0.248333 0.023000 0.028667
3 0.442500 0.231333 0.014000 0.018667
11 0.470250 0.230000 0.015500 0.024000
3 0.587750 0.367000 0.028500 0.035333
3 0.574000 0.336667 0.024000 0.029333
3 0.560750 0.307667 0.020500 0.023333
3 0.675250 0.386333 0.036500 0.036667
3 0.655750 0.356000 0.034500 0.029333
3 0.608000 0.282333 0.021000 0.023333
3 0.555000 0.287333 0.019000 0.024000
3 0.582000 0.248667 0.019000 0.018667
3 0.434000 0.174333 0.012000 0.014000
