7 0.222500 0.418782 0.016429 0.043147
7 0.252500 0.432107 0.020714 0.041878
7 0.638214 0.564086 0.015000 0.041878
7 0.656429 0.560914 0.014286 0.048223
7 0.570714 0.792513 0.018571 0.052030
7 0.821429 0.608503 0.018571 0.041878
7 0.836786 0.559010 0.016429 0.034264
8 0.531429 0.222716 0.010000 0.034264
8 0.545357 0.222081 0.010714 0.035533
8 0.562143 0.223350 0.014286 0.040609
8 0.363929 0.238579 0.015000 0.045685
8 0.341071 0.244924 0.022143 0.040609
8 0.297857 0.248731 0.018571 0.038071
8 0.394643 0.055203 0.012143 0.046954
8 0.411786 0.057107 0.015000 0.043147
8 0.472143 0.057107 0.017143 0.043147
