10 0.524643 0.588571 0.032143 0.102857
10 0.501429 0.438095 0.027143 0.081905
10 0.466429 0.281905 0.015714 0.034286
10 0.439286 0.218571 0.005714 0.010476
10 0.399286 0.168095 0.005714 0.010476
3 0.446786 0.379524 0.009286 0.016190
3 0.478214 0.330000 0.007857 0.012381
3 0.293929 0.347619 0.015000 0.013333
3 0.317500 0.323810 0.007857 0.011429
3 0.305000 0.323810 0.010000 0.013333
11 0.289286 0.430952 0.025714 0.018095
3 0.866429 0.617619 0.040000 0.023810
3 0.876071 0.639524 0.036429 0.020000
3 0.842500 0.586190 0.033571 0.020000
3 0.837857 0.567619 0.038571 0.020952
3 0.816786 0.539048 0.029286 0.017143
3 0.824643 0.555238 0.033571 0.019048
3 0.792500 0.504762 0.029286 0.019048
3 0.785357 0.490952 0.030714 0.016190
3 0.767500 0.458095 0.027857 0.015238
3 0.772500 0.470000 0.025000 0.014286
3 0.748571 0.427619 0.025714 0.013333
3 0.737143 0.407619 0.025714 0.015238
3 0.802500 0.520952 0.030714 0.019048
10 0.734643 0.489524 0.063571 0.093333
3 0.536786 0.760000 0.022143 0.053333
10 0.042857 0.324286 0.085714 0.031429
3 0.316429 0.222857 0.011429 0.005714
3 0.318929 0.230952 0.012143 0.006667
3 0.317143 0.208571 0.011429 0.003810
3 0.316071 0.203810 0.009286 0.003810
3 0.318929 0.211905 0.010714 0.006667
3 0.293929 0.220476 0.005000 0.006667
4 0.458214 0.252381 0.013571 0.020952
2 0.351429 0.138095 0.004286 0.007619
10 0.644286 0.315238 0.024286 0.017143
10 0.586786 0.288095 0.022143 0.031429
3 0.016429 0.712381 0.032857 0.030476
