3 0.560714 0.753333 0.095714 0.066667
3 0.686429 0.779048 0.101429 0.060952
7 0.797143 0.773810 0.015714 0.035238
7 0.807857 0.764286 0.015714 0.039048
7 0.833214 0.763333 0.020714 0.044762
8 0.677143 0.648571 0.010000 0.017143
7 0.686071 0.654286 0.013571 0.040000
8 0.722500 0.645714 0.012143 0.019048
8 0.708571 0.640000 0.011429 0.015238
8 0.747500 0.645238 0.010714 0.021905
8 0.763929 0.650476 0.015000 0.017143
8 0.763214 0.634762 0.015000 0.020000
8 0.708929 0.625714 0.010714 0.019048
7 0.649643 0.640000 0.013571 0.032381
7 0.639286 0.633810 0.010000 0.035238
7 0.525000 0.663810 0.008571 0.034286
7 0.514643 0.653333 0.012143 0.032381
7 0.443929 0.662857 0.012143 0.030476
7 0.611429 0.648095 0.011429 0.035238
7 0.599643 0.642381 0.009286 0.035238
7 0.590357 0.651429 0.007857 0.030476
7 0.584643 0.646667 0.007857 0.030476
7 0.578571 0.647143 0.008571 0.033333
8 0.561429 0.636667 0.012857 0.025714
8 0.568929 0.629048 0.007857 0.020000
5 0.562500 0.642381 0.029286 0.037143
7 0.611071 0.622857 0.010714 0.032381
7 0.616786 0.601429 0.010714 0.023810
3 0.565357 0.560000 0.009286 0.038095
7 0.587143 0.471905 0.005714 0.023810
7 0.568214 0.458571 0.009286 0.029524
5 0.541071 0.454762 0.009286 0.025714
5 0.538929 0.425714 0.016429 0.020952
7 0.565714 0.380952 0.004286 0.020952
7 0.560000 0.382381 0.004286 0.021905
7 0.548571 0.377143 0.002857 0.020952
7 0.551786 0.375238 0.003571 0.020952
7 0.533571 0.378095 0.005714 0.022857
7 0.536429 0.357619 0.004286 0.020000
4 0.550000 0.339048 0.015714 0.024762
11 0.543571 0.289524 0.015714 0.020952
7 0.532857 0.276667 0.002857 0.018095
7 0.529286 0.276667 0.004286 0.018095
7 0.537857 0.270000 0.002857 0.016190
7 0.541786 0.269524 0.003571 0.019048
4 0.532500 0.249048 0.017857 0.031429
7 0.370000 0.699524 0.017143 0.033333
7 0.356429 0.707619 0.015714 0.030476
7 0.361786 0.684762 0.010714 0.028571
7 0.331429 0.708095 0.010000 0.025714
7 0.329286 0.692381 0.011429 0.026667
3 0.293214 0.737143 0.093571 0.062857
7 0.266786 0.692381 0.012143 0.030476
7 0.244286 0.688095 0.014286 0.031429
7 0.281429 0.669524 0.011429 0.032381
7 0.293929 0.652857 0.007857 0.035238
7 0.306429 0.670952 0.020000 0.031429
7 0.328214 0.647619 0.009286 0.032381
7 0.315000 0.642381 0.010000 0.025714
7 0.302143 0.642381 0.008571 0.033333
5 0.275714 0.636667 0.032857 0.037143
7 0.230714 0.644286 0.017143 0.033333
7 0.246786 0.617143 0.016429 0.034286
7 0.217143 0.634762 0.014286 0.031429
7 0.213214 0.626667 0.010714 0.026667
7 0.358571 0.597619 0.010000 0.033333
7 0.351786 0.597143 0.006429 0.028571
7 0.335714 0.602381 0.011429 0.029524
7 0.416429 0.606190 0.007143 0.037143
7 0.408571 0.589048 0.007143 0.029524
7 0.276429 0.593810 0.010000 0.037143
7 0.284286 0.589048 0.010000 0.031429
7 0.141786 0.611905 0.015000 0.035238
7 0.114286 0.637619 0.018571 0.029524
7 0.030714 0.693810 0.025714 0.033333
7 0.046786 0.683810 0.022143 0.032381
7 0.051429 0.674762 0.022857 0.035238
7 0.045357 0.650952 0.016429 0.031429
7 0.051429 0.648095 0.017143 0.031429
7 0.060714 0.639524 0.018571 0.031429
7 0.068571 0.634286 0.020000 0.032381
7 0.045000 0.626667 0.014286 0.030476
7 0.046071 0.600952 0.009286 0.017143
7 0.069643 0.594762 0.012143 0.023810
7 0.099643 0.594286 0.012143 0.032381
7 0.107857 0.596190 0.012857 0.032381
7 0.121429 0.596667 0.014286 0.033333
7 0.130000 0.597143 0.012857 0.028571
