3 0.406071 0.505714 0.109286 0.099048
3 0.585000 0.425238 0.100000 0.080952
3 0.755357 0.343333 0.079286 0.061905
3 0.645000 0.326667 0.074286 0.062857
3 0.663214 0.240000 0.066429 0.040000
3 0.905357 0.315238 0.090714 0.049524
3 0.465714 0.268571 0.071429 0.043810
3 0.336786 0.278095 0.083571 0.045714
3 0.158929 0.254286 0.053571 0.051429
3 0.185000 0.661905 0.135714 0.154286
11 0.578214 0.250952 0.060714 0.046667
11 0.132500 0.899524 0.137857 0.199048
3 0.265000 0.930476 0.112857 0.129524
3 0.035714 0.315238 0.071429 0.047619
3 0.735000 0.263333 0.068571 0.063810
3 0.750000 0.222857 0.060000 0.040000
3 0.985357 0.267619 0.027857 0.055238
7 0.736071 0.541429 0.023571 0.050476
7 0.773929 0.495714 0.017857 0.046667
7 0.790714 0.506190 0.017143 0.046667
7 0.808214 0.517143 0.022143 0.045714
1 0.810357 0.535238 0.033571 0.038095
1 0.952500 0.566190 0.013571 0.046667
7 0.850714 0.572381 0.024286 0.053333
7 0.897857 0.594762 0.018571 0.054286
7 0.889643 0.178095 0.013571 0.034286
7 0.614643 0.140952 0.010714 0.032381
7 0.074643 0.168095 0.010714 0.020000
5 0.080357 0.178095 0.025000 0.015238
7 0.141786 0.151429 0.010714 0.034286
7 0.083571 0.123333 0.008571 0.021905
7 0.143929 0.144762 0.009286 0.024762
7 0.146786 0.116190 0.012143 0.024762
7 0.120357 0.113810 0.012143 0.023810
7 0.150357 0.114762 0.005000 0.020000
7 0.155000 0.114762 0.007143 0.025714
7 0.127143 0.116190 0.008571 0.020952
7 0.129643 0.116190 0.006429 0.022857
7 0.133571 0.114762 0.008571 0.023810
7 0.105357 0.117619 0.009286 0.018095
7 0.100357 0.120952 0.007857 0.019048
7 0.090000 0.121429 0.008571 0.027619
7 0.079286 0.120000 0.008571 0.020952
7 0.194643 0.111905 0.006429 0.023810
7 0.199643 0.109048 0.012143 0.027619
7 0.214643 0.113810 0.006429 0.023810
7 0.220000 0.112381 0.008571 0.028571
7 0.241429 0.113810 0.008571 0.029524
7 0.257857 0.108571 0.007143 0.022857
7 0.265000 0.106667 0.008571 0.024762
7 0.286786 0.111905 0.010714 0.018095
7 0.290714 0.101905 0.007143 0.020952
7 0.377143 0.104286 0.008571 0.020000
7 0.323571 0.107143 0.011429 0.033333
7 0.395000 0.161429 0.011429 0.037143
7 0.268214 0.178095 0.013571 0.028571
8 0.016429 0.281429 0.022857 0.035238
5 0.014286 0.287143 0.021429 0.025714
8 0.837143 0.225238 0.008571 0.035238
5 0.837857 0.232381 0.021429 0.024762
0 0.895357 0.510476 0.063571 0.070476
8 0.141429 0.554762 0.017143 0.039048
8 0.153571 0.557143 0.020000 0.041905
8 0.199643 0.531429 0.013571 0.047619
8 0.215000 0.485238 0.017143 0.039048
5 0.156071 0.566190 0.056429 0.035238
9 0.204643 0.538571 0.052143 0.029524
9 0.221429 0.498571 0.044286 0.029524
7 0.980714 0.443333 0.017143 0.039048
9 0.982143 0.452381 0.034286 0.045714
8 0.994286 0.435714 0.010000 0.039048
7 0.956429 0.119048 0.008571 0.032381
7 0.848571 0.150952 0.010000 0.031429
7 0.848929 0.130000 0.009286 0.031429
7 0.857500 0.141429 0.010714 0.031429
9 0.744286 0.148095 0.050000 0.031429
9 0.784286 0.135238 0.015714 0.030476
8 0.774286 0.129048 0.007143 0.020000
7 0.824286 0.136667 0.005714 0.029524
7 0.817143 0.152381 0.015714 0.030476
8 0.805714 0.131429 0.010000 0.020952
5 0.806786 0.140000 0.019286 0.017143
7 0.812857 0.133810 0.007143 0.023810
8 0.833929 0.129524 0.006429 0.020952
5 0.833929 0.137619 0.015000 0.018095
8 0.955000 0.562857 0.024286 0.051429
8 0.312500 0.696190 0.035000 0.060952
5 0.314286 0.703333 0.045714 0.060000
8 0.447143 0.155714 0.007143 0.021905
1 0.450000 0.166667 0.027143 0.022857
7 0.602143 0.140000 0.008571 0.032381
7 0.541071 0.157143 0.012143 0.034286
