10 0.016786 0.575238 0.033571 0.041905
10 0.022143 0.535714 0.044286 0.044762
2 0.347857 0.835238 0.050000 0.230476
11 0.402143 0.604762 0.021429 0.053333
10 0.364286 0.573810 0.037143 0.107619
10 0.556429 0.897619 0.060000 0.042857
10 0.527143 0.745238 0.062857 0.039048
10 0.535000 0.710000 0.054286 0.037143
10 0.381786 0.253333 0.017857 0.053333
10 0.392857 0.158571 0.014286 0.040952
3 0.400000 0.487619 0.017143 0.040000
3 0.385714 0.369524 0.012857 0.028571
3 0.396071 0.310000 0.013571 0.025714
3 0.401786 0.239524 0.012143 0.023810
10 0.402857 0.057143 0.010000 0.022857
11 0.391786 0.073810 0.007857 0.016190
3 0.398929 0.102857 0.007857 0.013333
3 0.391786 0.210000 0.010714 0.020000
7 0.409286 0.083333 0.004286 0.012381
7 0.206429 0.226190 0.007143 0.014286
7 0.202857 0.230476 0.004286 0.011429
7 0.195357 0.228571 0.005000 0.011429
7 0.236071 0.130476 0.005000 0.013333
0 0.455714 0.018571 0.014286 0.012381
11 0.551071 0.014286 0.010714 0.009524
11 0.590714 0.020000 0.011429 0.009524
11 0.527500 0.669524 0.042143 0.040000
0 0.699643 0.661905 0.033571 0.053333
6 0.482143 0.616190 0.047143 0.032381
3 0.555000 0.853333 0.058571 0.045714
3 0.551429 0.802857 0.058571 0.040000
3 0.725357 0.790000 0.062143 0.040952
3 0.735357 0.836190 0.060714 0.045714
11 0.746786 0.882857 0.057857 0.045714
5 0.806071 0.811905 0.023571 0.018095
5 0.781429 0.751429 0.021429 0.017143
5 0.734286 0.690476 0.021429 0.013333
5 0.735357 0.668571 0.019286 0.019048
5 0.721071 0.648095 0.016429 0.014286
5 0.692857 0.627143 0.020000 0.020000
5 0.691071 0.612857 0.009286 0.020000
5 0.726071 0.620952 0.019286 0.013333
5 0.708214 0.607619 0.010714 0.024762
9 0.707857 0.569048 0.031429 0.018095
5 0.754286 0.638571 0.015714 0.010476
7 0.719643 0.693333 0.005000 0.019048
8 0.733214 0.691905 0.006429 0.018095
8 0.722500 0.656667 0.006429 0.012381
1 0.678214 0.616667 0.006429 0.018095
1 0.728571 0.550952 0.014286 0.010476
7 0.730000 0.551905 0.007143 0.014286
5 0.120357 0.390476 0.013571 0.013333
7 0.119286 0.389524 0.005714 0.015238
5 0.195357 0.320476 0.006429 0.012381
7 0.195714 0.316190 0.002857 0.011429
7 0.440714 0.653333 0.005714 0.017143
7 0.444643 0.855238 0.006429 0.022857
7 0.697143 0.983810 0.008571 0.017143
1 0.697143 0.985238 0.004286 0.027619
5 0.658929 0.503810 0.007857 0.024762
5 0.674286 0.509524 0.007143 0.024762
5 0.737500 0.494286 0.007857 0.019048
8 0.673929 0.506667 0.006429 0.017143
8 0.658214 0.501905 0.006429 0.015238
5 0.718214 0.603333 0.009286 0.021905
5 0.725357 0.601429 0.010714 0.023810
8 0.601786 0.498571 0.006429 0.012381
7 0.639643 0.436667 0.005000 0.014286
7 0.645714 0.429048 0.004286 0.016190
8 0.645357 0.419524 0.005000 0.010476
