3 0.288571 0.093810 0.055714 0.061905
7 0.327143 0.112857 0.008571 0.016190
7 0.332857 0.114762 0.010000 0.018095
7 0.315000 0.383333 0.010000 0.014286
7 0.331071 0.373810 0.013571 0.016190
7 0.332857 0.351429 0.010000 0.011429
11 0.268214 0.515238 0.053571 0.072381
9 0.303214 0.786190 0.037857 0.061905
8 0.316071 0.796667 0.006429 0.012381
7 0.353214 0.860476 0.007857 0.018095
7 0.234286 0.855238 0.014286 0.013333
3 0.258929 0.902857 0.073571 0.066667
7 0.094643 0.844286 0.015000 0.018095
5 0.188571 0.674762 0.014286 0.027619
3 0.583571 0.970000 0.075714 0.058095
3 0.701071 0.979048 0.073571 0.040000
11 0.852500 0.898571 0.075000 0.046667
11 0.967857 0.912381 0.062857 0.047619
0 0.560357 0.822381 0.029286 0.080952
8 0.562857 0.807143 0.010000 0.021905
7 0.614643 0.848571 0.013571 0.015238
7 0.605000 0.686667 0.007143 0.017143
7 0.611786 0.501429 0.007857 0.016190
3 0.532500 0.439524 0.030714 0.101905
3 0.538571 0.301905 0.025714 0.081905
11 0.528929 0.024286 0.022143 0.048571
7 0.103929 0.888571 0.010714 0.009524
