3 0.446786 0.885152 0.032143 0.102792
3 0.388571 0.706853 0.025714 0.083756
3 0.526429 0.663071 0.020000 0.082487
3 0.493571 0.509518 0.021429 0.077411
3 0.360357 0.571701 0.023571 0.062183
3 0.518929 0.231599 0.019286 0.052030
3 0.513571 0.078680 0.012857 0.040609
11 0.488929 0.255711 0.016429 0.059645
11 0.310357 0.721447 0.027857 0.087563
3 0.218214 0.441624 0.019286 0.055838
3 0.231429 0.385787 0.021429 0.050761
3 0.236786 0.326777 0.017857 0.044416
3 0.243214 0.284264 0.017857 0.038071
2 0.268214 0.221447 0.025000 0.074873
10 0.249286 0.191624 0.031429 0.096447
3 0.283214 0.128173 0.015000 0.035533
7 0.213929 0.098350 0.005000 0.016497
7 0.150357 0.361041 0.009286 0.021574
7 0.097857 0.518401 0.005714 0.019036
7 0.123929 0.514594 0.007857 0.024112
7 0.238929 0.696066 0.006429 0.019036
7 0.262143 0.712563 0.007143 0.016497
7 0.011071 0.560914 0.010714 0.020305
7 0.780000 0.892766 0.007143 0.019036
7 0.663929 0.813452 0.005000 0.020305
7 0.761071 0.769670 0.007857 0.019036
7 0.628214 0.668782 0.006429 0.020305
7 0.731071 0.634518 0.006429 0.017766
7 0.713929 0.460025 0.005000 0.016497
7 0.680714 0.489848 0.008571 0.015228
8 0.631786 0.453046 0.006429 0.012690
7 0.668571 0.402284 0.005714 0.012690
7 0.597857 0.357868 0.008571 0.017766
7 0.573214 0.487310 0.005000 0.022843
7 0.622143 0.305203 0.005714 0.016497
7 0.693571 0.314721 0.005714 0.017766
7 0.660357 0.277919 0.005000 0.015228
7 0.672143 0.223985 0.005714 0.016497
7 0.640357 0.192259 0.006429 0.016497
7 0.619643 0.193528 0.005000 0.011421
7 0.606429 0.217640 0.007143 0.016497
7 0.645714 0.102792 0.005714 0.017766
7 0.623571 0.043782 0.005714 0.013959
7 0.264286 0.170685 0.004286 0.013959
7 0.243929 0.689721 0.006429 0.016497
7 0.256429 0.724619 0.007143 0.017766
7 0.252857 0.711929 0.007143 0.017766
7 0.255357 0.510152 0.009286 0.017766
7 0.779286 0.878807 0.005714 0.013959
7 0.776786 0.868020 0.009286 0.017766
7 0.760357 0.759518 0.006429 0.016497
7 0.668929 0.814086 0.005000 0.019036
7 0.739643 0.628173 0.006429 0.020305
7 0.625000 0.661802 0.005714 0.016497
7 0.709286 0.459391 0.005714 0.020305
7 0.665000 0.397208 0.007143 0.012690
7 0.686786 0.319162 0.005000 0.019036
7 0.680357 0.285533 0.005000 0.015228
7 0.666071 0.272843 0.003571 0.017766
7 0.669286 0.273477 0.004286 0.013959
8 0.639286 0.308376 0.004286 0.017766
7 0.630714 0.309010 0.004286 0.016497
7 0.610714 0.255711 0.005714 0.016497
7 0.609643 0.190990 0.005000 0.011421
7 0.614286 0.194162 0.002857 0.010152
7 0.611786 0.177665 0.006429 0.012690
7 0.613929 0.161802 0.005000 0.016497
7 0.640000 0.104061 0.004286 0.015228
7 0.635714 0.105964 0.004286 0.016497
