7 0.181000 0.019333 0.012000 0.021333
7 0.194500 0.015000 0.017000 0.022000
7 0.208000 0.036333 0.018000 0.018000
3 0.357750 0.189667 0.031500 0.080667
11 0.408500 0.012000 0.056000 0.024000
11 0.415250 0.040667 0.051500 0.045333
11 0.420750 0.082667 0.048500 0.041333
10 0.417750 0.116667 0.062500 0.056000
7 0.476000 0.120333 0.007000 0.020667
3 0.460500 0.082667 0.026000 0.084000
11 0.421750 0.184000 0.052500 0.041333
11 0.549500 0.121333 0.027000 0.080000
11 0.550500 0.211000 0.043000 0.076667
3 0.423500 0.243667 0.057000 0.044667
3 0.430750 0.301333 0.055500 0.037333
3 0.548250 0.287333 0.043500 0.074667
7 0.522750 0.345000 0.006500 0.016667
7 0.528000 0.346000 0.005000 0.009333
11 0.550750 0.398000 0.026500 0.074667
11 0.576500 0.404000 0.032000 0.072000
7 0.477250 0.458667 0.006500 0.008000
11 0.447000 0.445667 0.065000 0.036667
7 0.455250 0.495000 0.009500 0.010000
11 0.420250 0.583000 0.051500 0.030000
7 0.391500 0.612667 0.009000 0.009333
7 0.497250 0.547333 0.004500 0.009333
7 0.525000 0.466333 0.009000 0.010000
3 0.538000 0.020333 0.028000 0.040667
10 0.626750 0.167000 0.069500 0.058000
7 0.690500 0.423000 0.011000 0.008667
7 0.689750 0.431667 0.010500 0.007333
7 0.710250 0.413000 0.005500 0.012667
7 0.730750 0.379667 0.018500 0.012667
7 0.752250 0.411667 0.011500 0.011333
1 0.757750 0.451667 0.019500 0.020667
7 0.717000 0.435667 0.011000 0.007333
7 0.704500 0.441667 0.011000 0.007333
1 0.680250 0.449000 0.014500 0.012667
11 0.608250 0.529333 0.051500 0.028000
11 0.582750 0.572667 0.054500 0.034667
7 0.619000 0.600667 0.010000 0.010667
7 0.650500 0.596000 0.010000 0.010667
7 0.728000 0.599333 0.013000 0.010667
7 0.773000 0.620000 0.010000 0.012000
11 0.658000 0.570333 0.054000 0.032667
11 0.689750 0.616000 0.057500 0.033333
11 0.748500 0.576333 0.055000 0.030000
11 0.796000 0.558667 0.031000 0.070667
5 0.843000 0.548000 0.010000 0.024000
7 0.831000 0.591333 0.013000 0.012000
7 0.833000 0.612333 0.007000 0.004667
7 0.850250 0.622000 0.010500 0.012000
7 0.828750 0.633333 0.012500 0.010667
11 0.749000 0.655000 0.054000 0.035333
1 0.811250 0.692333 0.011500 0.027333
7 0.811500 0.694000 0.013000 0.016000
11 0.759500 0.694000 0.079000 0.032000
11 0.707500 0.695000 0.031000 0.082000
5 0.737750 0.760667 0.010500 0.029333
7 0.836500 0.852333 0.018000 0.016667
1 0.862250 0.839000 0.013500 0.032667
5 0.839750 0.780333 0.012500 0.038000
7 0.839250 0.782000 0.015500 0.017333
5 0.853000 0.721333 0.009000 0.032000
5 0.658000 0.664333 0.014000 0.010000
9 0.662750 0.692333 0.017500 0.042000
11 0.652250 0.747333 0.052500 0.037333
11 0.654000 0.866333 0.040000 0.075333
11 0.699000 0.867000 0.030000 0.078000
7 0.676250 0.859667 0.005500 0.007333
10 0.733000 0.863000 0.027000 0.095333
7 0.475750 0.562667 0.004500 0.008000
7 0.478750 0.535000 0.004500 0.010000
1 0.515750 0.703000 0.007500 0.030000
8 0.515500 0.707333 0.009000 0.013333
10 0.505250 0.830667 0.011500 0.045333
7 0.562000 0.884333 0.007000 0.022000
7 0.596500 0.932000 0.007000 0.016000
7 0.533750 0.936000 0.007500 0.022667
7 0.843250 0.933333 0.011500 0.021333
7 0.834750 0.930667 0.013500 0.014667
5 0.877750 0.959333 0.022500 0.022667
8 0.879500 0.961333 0.015000 0.020000
8 0.914750 0.988667 0.014500 0.021333
7 0.836750 0.958667 0.012500 0.016000
7 0.841500 0.987333 0.009000 0.006667
7 0.833250 0.992000 0.005500 0.009333
7 0.839250 0.979667 0.011500 0.012667
7 0.514250 0.937333 0.008500 0.012000
11 0.479500 0.933000 0.065000 0.042000
11 0.417500 0.936000 0.055000 0.045333
9 0.389750 0.897000 0.037500 0.026000
10 0.377500 0.956333 0.033000 0.086000
11 0.351250 0.965667 0.028500 0.067333
5 0.396750 0.814333 0.008500 0.032667
5 0.385000 0.825667 0.011000 0.034000
5 0.363750 0.812667 0.007500 0.028000
5 0.351000 0.820333 0.008000 0.027333
5 0.341000 0.819667 0.009000 0.030000
5 0.328750 0.816333 0.008500 0.038000
5 0.321500 0.816667 0.010000 0.034667
5 0.309250 0.826333 0.005500 0.027333
5 0.305250 0.766667 0.011500 0.030667
5 0.291500 0.786000 0.006000 0.025333
5 0.278750 0.784667 0.013500 0.024000
9 0.319250 0.763000 0.019500 0.051333
1 0.297250 0.843000 0.012500 0.027333
5 0.281250 0.853333 0.017500 0.018667
9 0.282000 0.760667 0.030000 0.021333
5 0.245250 0.805000 0.018500 0.012667
5 0.255250 0.787000 0.010500 0.016667
9 0.257000 0.765333 0.032000 0.026667
7 0.215500 0.846333 0.006000 0.008667
9 0.244250 0.848333 0.032500 0.043333
4 0.198250 0.769333 0.058500 0.040000
7 0.315250 0.944000 0.010500 0.024000
7 0.309250 0.956667 0.012500 0.026667
7 0.307500 0.985000 0.017000 0.023333
