7 0.383571 0.851523 0.017143 0.030457
7 0.223571 0.802030 0.017143 0.045685
7 0.439286 0.508249 0.015714 0.034264
7 0.127143 0.740482 0.022857 0.034264
7 0.108929 0.726523 0.020714 0.044416
7 0.093571 0.717640 0.018571 0.039340
7 0.697143 0.038071 0.017143 0.048223
8 0.457500 0.378173 0.025000 0.038071
8 0.372500 0.329949 0.023571 0.032995
1 0.459643 0.386421 0.037857 0.031726
1 0.375000 0.337563 0.042857 0.030457
1 0.072857 0.140228 0.031429 0.039340
8 0.067143 0.127538 0.024286 0.036802
10 0.740357 0.248096 0.203571 0.293147
3 0.763214 0.070431 0.073571 0.140863
2 0.487857 0.103426 0.292857 0.206853
11 0.954643 0.822335 0.089286 0.126904
