3 0.557500 0.841667 0.066000 0.110000
3 0.923750 0.867333 0.096500 0.082667
9 0.989000 0.823000 0.021000 0.032667
11 0.985750 0.940000 0.027500 0.070667
1 0.776000 0.800333 0.022000 0.030000
9 0.729000 0.796000 0.064000 0.062667
7 0.659250 0.975667 0.016500 0.047333
7 0.633250 0.971667 0.017500 0.055333
8 0.618750 0.901000 0.018500 0.035333
8 0.611000 0.902000 0.022000 0.033333
5 0.616250 0.906667 0.036500 0.034667
7 0.483000 0.781333 0.013000 0.042667
7 0.588500 0.743000 0.011000 0.040667
7 0.487000 0.691000 0.010000 0.032667
3 0.482000 0.681000 0.056000 0.052667
3 0.459250 0.642000 0.055500 0.046667
3 0.428000 0.627333 0.053000 0.041333
3 0.453500 0.590333 0.057000 0.035333
3 0.437000 0.570667 0.060000 0.029333
3 0.433250 0.551000 0.051500 0.028667
3 0.419500 0.536333 0.053000 0.030000
3 0.410750 0.518667 0.046500 0.024000
5 0.506750 0.576000 0.027500 0.028000
1 0.483250 0.512333 0.011500 0.019333
10 0.215250 0.933333 0.066500 0.132000
3 0.338000 0.792667 0.047000 0.101333
3 0.234000 0.811333 0.055000 0.113333
3 0.238250 0.696333 0.042500 0.074000
3 0.249000 0.634333 0.032000 0.051333
3 0.247250 0.580667 0.037500 0.064000
7 0.222750 0.553000 0.009500 0.026000
3 0.257000 0.548667 0.025000 0.034667
3 0.263250 0.502667 0.020500 0.029333
3 0.317500 0.495000 0.019000 0.024667
3 0.349500 0.494000 0.019000 0.025333
3 0.404750 0.490333 0.045500 0.024667
3 0.388750 0.468667 0.031500 0.021333
3 0.388750 0.455000 0.034500 0.018000
3 0.271000 0.452333 0.017000 0.019333
3 0.389500 0.441000 0.016000 0.016667
7 0.397000 0.424667 0.005000 0.014667
5 0.384750 0.428000 0.012500 0.012000
11 0.360500 0.431000 0.029000 0.022000
8 0.287750 0.466667 0.006500 0.016000
5 0.288500 0.471000 0.007000 0.014000
3 0.274500 0.433333 0.016000 0.021333
3 0.370250 0.420000 0.035500 0.014667
3 0.357000 0.417000 0.028000 0.014000
3 0.356000 0.405333 0.024000 0.014667
11 0.324500 0.404667 0.014000 0.020000
11 0.034750 0.801333 0.069500 0.048000
3 0.049750 0.766000 0.099500 0.048000
10 0.063250 0.719000 0.118500 0.075333
3 0.099500 0.647333 0.068000 0.042667
3 0.114500 0.617000 0.067000 0.034000
11 0.129500 0.586333 0.068000 0.036667
3 0.133750 0.572000 0.066500 0.030667
3 0.143500 0.552667 0.061000 0.028000
3 0.081000 0.533000 0.032000 0.028667
3 0.105750 0.490333 0.026500 0.024667
3 0.138500 0.483333 0.023000 0.026667
3 0.308000 0.389000 0.011000 0.014000
3 0.285000 0.394000 0.024000 0.013333
7 0.274250 0.390333 0.004500 0.011333
3 0.286750 0.381667 0.009500 0.012667
11 0.274250 0.387667 0.009500 0.012667
4 0.215000 0.376000 0.096000 0.054667
8 0.328750 0.381333 0.003500 0.009333
8 0.334500 0.373667 0.004000 0.007333
5 0.328500 0.384333 0.005000 0.006000
5 0.334250 0.377000 0.003500 0.006000
3 0.358750 0.390333 0.026500 0.012667
3 0.358750 0.383000 0.022500 0.011333
3 0.353000 0.380667 0.022000 0.010667
3 0.355000 0.374000 0.009000 0.009333
3 0.351750 0.368333 0.009500 0.011333
3 0.340750 0.363333 0.018500 0.012000
7 0.374250 0.386000 0.003500 0.014667
1 0.415000 0.414667 0.011000 0.010667
1 0.390750 0.398333 0.011500 0.010000
3 0.369250 0.356333 0.017500 0.010000
3 0.393000 0.357000 0.021000 0.012667
3 0.278000 0.366333 0.020000 0.011333
7 0.311250 0.357333 0.002500 0.009333
4 0.293750 0.300000 0.160500 0.093333
3 0.340250 0.353000 0.013500 0.007333
3 0.287000 0.352000 0.009000 0.006667
