3 0.419643 0.917619 0.013571 0.037143
11 0.501786 0.603333 0.012143 0.039048
10 0.443571 0.604762 0.012857 0.043810
3 0.499643 0.283333 0.012143 0.037143
3 0.407857 0.279048 0.012857 0.038095
3 0.493571 0.039524 0.012857 0.040952
9 0.418571 0.662381 0.014286 0.027619
5 0.404643 0.928095 0.010714 0.012381
5 0.400714 0.718571 0.012857 0.010476
5 0.476786 0.360952 0.005000 0.015238
11 0.398929 0.057619 0.026429 0.023810
3 0.784286 0.154286 0.027143 0.019048
3 0.796429 0.216190 0.024286 0.017143
3 0.798214 0.240000 0.027857 0.017143
3 0.799286 0.258095 0.021429 0.017143
3 0.733214 0.315238 0.016429 0.036190
11 0.791786 0.313810 0.027857 0.016190
11 0.602500 0.254762 0.012143 0.035238
3 0.605000 0.336667 0.011429 0.033333
3 0.803571 0.450476 0.027143 0.015238
3 0.839643 0.449048 0.027857 0.016190
3 0.870000 0.449524 0.028571 0.019048
11 0.986786 0.449048 0.025000 0.020000
3 0.602143 0.560000 0.011429 0.036190
3 0.672143 0.591905 0.027143 0.021905
3 0.662857 0.678571 0.027143 0.016190
3 0.662143 0.702857 0.027143 0.017143
3 0.662500 0.722857 0.027857 0.017143
3 0.672143 0.757143 0.028571 0.019048
3 0.666786 0.778571 0.025000 0.018095
3 0.668929 0.933810 0.026429 0.018095
11 0.607143 0.737619 0.012857 0.046667
10 0.620000 0.960476 0.018571 0.077143
5 0.703929 0.822857 0.009286 0.007619
5 0.704643 0.832857 0.009286 0.010476
3 0.601786 0.017143 0.010714 0.034286
