7 0.474643 0.101905 0.007857 0.022857
8 0.497857 0.203333 0.005714 0.014286
7 0.548571 0.247143 0.005714 0.018095
7 0.506071 0.296190 0.010714 0.017143
7 0.488214 0.273333 0.005000 0.017143
8 0.483929 0.200952 0.009286 0.015238
8 0.495714 0.242381 0.005714 0.008571
8 0.490000 0.240476 0.010000 0.016190
7 0.454643 0.389524 0.007857 0.019048
8 0.414643 0.479048 0.010714 0.011429
7 0.403571 0.473810 0.010000 0.018095
7 0.618571 0.557143 0.010000 0.013333
7 0.926071 0.576667 0.010714 0.014286
7 0.955714 0.590476 0.014286 0.013333
7 0.947143 0.576190 0.017143 0.011429
8 0.466786 0.742857 0.007857 0.017143
8 0.438929 0.708095 0.006429 0.016190
7 0.425714 0.640952 0.010000 0.011429
3 0.599286 0.960476 0.037143 0.077143
5 0.453571 0.992381 0.028571 0.013333
5 0.453929 0.965714 0.027857 0.011429
5 0.455000 0.938571 0.031429 0.016190
5 0.449286 0.832857 0.030000 0.014286
1 0.450714 0.813333 0.022857 0.011429
5 0.442143 0.788095 0.034286 0.012381
5 0.467500 0.740952 0.010714 0.040000
5 0.439286 0.709524 0.027143 0.015238
5 0.670714 0.690952 0.015714 0.033333
5 0.811429 0.532857 0.008571 0.033333
5 0.823929 0.531429 0.009286 0.034286
5 0.836071 0.532857 0.009286 0.037143
5 0.845714 0.526667 0.014286 0.032381
5 0.601071 0.492857 0.009286 0.027619
5 0.590357 0.490952 0.012143 0.031429
5 0.428571 0.458095 0.021429 0.013333
5 0.425000 0.430476 0.024286 0.019048
5 0.428214 0.377143 0.020714 0.011429
5 0.426786 0.363333 0.020714 0.008571
5 0.423214 0.357619 0.025000 0.012381
5 0.425000 0.340476 0.024286 0.014286
5 0.422857 0.328571 0.024286 0.013333
5 0.420714 0.314762 0.022857 0.014286
5 0.421786 0.288571 0.025000 0.015238
5 0.419286 0.274286 0.021429 0.015238
5 0.418929 0.263810 0.025000 0.009524
5 0.417143 0.253810 0.020000 0.008571
5 0.419643 0.246190 0.023571 0.014286
5 0.417500 0.230476 0.020714 0.017143
5 0.415357 0.218095 0.022143 0.011429
5 0.415357 0.205238 0.019286 0.012381
5 0.416786 0.193333 0.019286 0.011429
5 0.415714 0.185238 0.020000 0.008571
5 0.414643 0.175238 0.017857 0.015238
5 0.413214 0.165714 0.019286 0.011429
5 0.413214 0.151905 0.023571 0.014286
5 0.410000 0.130476 0.022857 0.020952
5 0.492143 0.242381 0.014286 0.025714
5 0.496786 0.206190 0.006429 0.029524
5 0.483214 0.204286 0.010714 0.027619
5 0.493571 0.169048 0.011429 0.027619
5 0.519286 0.197143 0.024286 0.015238
5 0.517143 0.186667 0.024286 0.013333
5 0.517500 0.174286 0.020714 0.015238
5 0.514643 0.164286 0.019286 0.018095
5 0.511786 0.152857 0.017857 0.010476
5 0.513571 0.138571 0.015714 0.014286
3 0.382857 0.019524 0.041429 0.039048
3 0.500357 0.029524 0.025000 0.057143
3 0.508571 0.094286 0.021429 0.043810
3 0.522857 0.245714 0.028571 0.068571
3 0.531786 0.326667 0.027857 0.074286
3 0.545714 0.418571 0.031429 0.075238
7 0.577500 0.431905 0.007857 0.012381
3 0.662857 0.547143 0.072857 0.046667
3 0.727857 0.676667 0.067143 0.042857
3 0.807143 0.674286 0.064286 0.036190
5 0.975714 0.522381 0.008571 0.021905
5 0.919286 0.522381 0.012857 0.031429
5 0.952500 0.526667 0.016429 0.034286
0 0.968929 0.556667 0.045000 0.027619
