4 0.258929 0.908571 0.022143 0.049524
7 0.357143 0.985238 0.011429 0.021905
7 0.381429 0.982381 0.008571 0.023810
7 0.424286 0.956190 0.008571 0.024762
4 0.588571 0.873810 0.021429 0.149524
7 0.008214 0.332381 0.016429 0.011429
7 0.009643 0.290000 0.019286 0.016190
7 0.059643 0.350476 0.013571 0.013333
7 0.016429 0.315238 0.018571 0.013333
7 0.799643 0.500952 0.012143 0.013333
7 0.833929 0.530000 0.010714 0.010476
7 0.835714 0.551905 0.014286 0.006667
7 0.825357 0.542857 0.009286 0.007619
7 0.477857 0.950000 0.012857 0.012381
7 0.473571 0.920952 0.010000 0.019048
7 0.486071 0.897619 0.007857 0.020000
7 0.466429 0.840000 0.011429 0.017143
7 0.446786 0.837619 0.009286 0.016190
7 0.462143 0.891429 0.012857 0.022857
7 0.423929 0.902857 0.006429 0.022857
7 0.474286 0.896190 0.007143 0.024762
