3 0.327143 0.837619 0.055714 0.111429
3 0.317500 0.719048 0.047857 0.080000
3 0.302143 0.639048 0.035714 0.062857
3 0.300357 0.536667 0.035000 0.031429
3 0.304643 0.502857 0.037857 0.026667
3 0.266071 0.469048 0.023571 0.025714
3 0.269286 0.445714 0.020000 0.020952
3 0.256071 0.423810 0.019286 0.017143
3 0.299286 0.462857 0.021429 0.032381
3 0.296429 0.437619 0.024286 0.021905
3 0.290714 0.422381 0.015714 0.023810
3 0.265000 0.393810 0.012857 0.021905
3 0.271071 0.377619 0.013571 0.016190
3 0.421429 0.650952 0.042857 0.071429
3 0.494286 0.901429 0.090000 0.157143
3 0.753929 0.900000 0.136429 0.104762
3 0.713929 0.828095 0.130714 0.088571
3 0.678571 0.764762 0.115714 0.072381
3 0.652857 0.716190 0.104286 0.062857
3 0.586071 0.647619 0.059286 0.072381
3 0.666071 0.647619 0.067857 0.076190
7 0.556429 0.677143 0.014286 0.043810
7 0.715714 0.665714 0.010000 0.043810
7 0.906429 0.882857 0.017143 0.070476
7 0.788214 0.651429 0.007857 0.038095
3 0.922143 0.679524 0.088571 0.063810
3 0.953214 0.750000 0.092143 0.082857
3 0.540714 0.595714 0.071429 0.040952
3 0.516429 0.564286 0.070000 0.039048
3 0.497143 0.549524 0.067143 0.034286
3 0.490000 0.530952 0.060000 0.027619
3 0.666071 0.515714 0.053571 0.031429
3 0.723571 0.561429 0.065714 0.039048
3 0.782143 0.623333 0.050000 0.061905
7 0.572500 0.536667 0.010714 0.029524
7 0.573929 0.518095 0.010714 0.019048
7 0.577500 0.471429 0.009286 0.026667
7 0.586429 0.470000 0.008571 0.027619
3 0.656429 0.495714 0.052857 0.025714
3 0.612143 0.475714 0.040000 0.025714
3 0.566071 0.457143 0.042143 0.028571
3 0.562143 0.444286 0.038571 0.018095
3 0.398214 0.456190 0.047857 0.022857
3 0.395714 0.444762 0.047143 0.022857
3 0.375000 0.417143 0.052857 0.020952
3 0.349286 0.377619 0.031429 0.014286
4 0.341429 0.351905 0.024286 0.042857
3 0.454286 0.378571 0.024286 0.016190
3 0.372143 0.365238 0.025714 0.014286
3 0.437143 0.377619 0.025714 0.016190
3 0.434286 0.366667 0.032857 0.011429
3 0.411786 0.357143 0.026429 0.019048
3 0.395000 0.340952 0.017143 0.015238
3 0.133929 0.325238 0.009286 0.010476
3 0.247143 0.294762 0.007143 0.006667
3 0.244643 0.309524 0.006429 0.007619
3 0.206071 0.269524 0.009286 0.015238
3 0.220714 0.260952 0.008571 0.011429
7 0.404643 0.731905 0.009286 0.050476
7 0.415714 0.726190 0.012857 0.050476
7 0.375357 0.665714 0.013571 0.051429
7 0.516071 0.478095 0.007857 0.019048
11 0.778929 0.951429 0.142143 0.095238
10 0.713214 0.612381 0.096429 0.102857
2 0.143929 0.311429 0.027857 0.026667
11 0.112857 0.353810 0.018571 0.020000
7 0.019643 0.374762 0.005000 0.016190
7 0.054643 0.360000 0.005000 0.011429
7 0.058571 0.360476 0.002857 0.014286
11 0.694286 0.545714 0.070000 0.041905
11 0.631786 0.489048 0.059286 0.037143
11 0.388214 0.553810 0.036429 0.056190
3 0.380357 0.520476 0.026429 0.031429
3 0.300000 0.575238 0.030000 0.045714
11 0.343929 0.454762 0.022143 0.033333
11 0.289286 0.406190 0.017143 0.023810
7 0.334286 0.428571 0.005714 0.019048
11 0.372143 0.397619 0.034286 0.021905
4 0.326071 0.287619 0.009286 0.011429
3 0.150357 0.388095 0.017857 0.020000
3 0.247143 0.254286 0.005714 0.003810
3 0.251429 0.285714 0.005714 0.005714
3 0.260357 0.299524 0.005000 0.008571
3 0.339286 0.275238 0.010000 0.005714
4 0.264643 0.264286 0.005000 0.006667
4 0.264286 0.253333 0.005714 0.007619
4 0.263214 0.240952 0.006429 0.007619
4 0.236786 0.246190 0.007857 0.004762
7 0.097500 0.340476 0.005000 0.012381
7 0.475000 0.356190 0.004286 0.013333
7 0.479643 0.358095 0.003571 0.015238
4 0.480714 0.383333 0.011429 0.014286
