10 0.286786 0.844286 0.113571 0.145714
7 0.391071 0.970476 0.023571 0.057143
7 0.412500 0.975238 0.022143 0.047619
7 0.438929 0.970476 0.020714 0.057143
7 0.471429 0.932857 0.020000 0.071429
7 0.514643 0.874762 0.015000 0.065714
7 0.525000 0.856190 0.014286 0.062857
7 0.550357 0.854286 0.015000 0.057143
7 0.576429 0.864286 0.020000 0.060000
7 0.642143 0.854762 0.018571 0.058095
7 0.600000 0.824762 0.017143 0.060952
7 0.562857 0.818095 0.015714 0.053333
7 0.528571 0.814286 0.014286 0.051429
3 0.799643 0.954762 0.107857 0.088571
10 0.820000 0.783333 0.087143 0.084762
3 0.911429 0.826667 0.070000 0.076190
3 0.978929 0.733333 0.040714 0.049524
