11 0.037500 0.153810 0.029286 0.044762
2 0.250000 0.031429 0.025714 0.043810
11 0.248214 0.083810 0.017857 0.032381
3 0.226786 0.072381 0.013571 0.017143
3 0.255000 0.069048 0.012857 0.014286
11 0.228929 0.037143 0.023571 0.038095
5 0.269286 0.029524 0.007143 0.017143
11 0.268571 0.011429 0.020000 0.022857
3 0.284643 0.003810 0.013571 0.007619
3 0.083571 0.446667 0.038571 0.045714
3 0.123571 0.574286 0.040000 0.064762
5 0.053929 0.640000 0.023571 0.032381
8 0.051429 0.642381 0.017143 0.012381
8 0.053571 0.636667 0.012857 0.010476
4 0.176429 0.068571 0.010000 0.019048
3 0.584286 0.803333 0.074286 0.048571
3 0.608571 0.599048 0.052857 0.057143
11 0.499643 0.606190 0.062143 0.044762
11 0.668929 0.526190 0.043571 0.090476
11 0.590714 0.457619 0.050000 0.046667
3 0.429286 0.432857 0.050000 0.027619
3 0.542857 0.245714 0.040000 0.024762
11 0.573929 0.149048 0.016429 0.029524
11 0.560000 0.303333 0.044286 0.029524
3 0.533214 0.185714 0.033571 0.019048
3 0.519643 0.143810 0.026429 0.020952
3 0.528214 0.172857 0.035000 0.016190
3 0.523214 0.162381 0.029286 0.016190
3 0.519643 0.132857 0.027857 0.016190
3 0.516071 0.117143 0.027857 0.019048
0 0.589643 0.182381 0.013571 0.027619
1 0.613214 0.173333 0.010714 0.009524
1 0.588929 0.112857 0.003571 0.014286
11 0.466071 0.022857 0.010714 0.019048
11 0.555714 0.024286 0.017143 0.016190
11 0.508929 0.020952 0.017857 0.022857
3 0.415357 0.080000 0.025000 0.013333
3 0.414643 0.071905 0.022143 0.010476
3 0.414286 0.059048 0.022857 0.011429
3 0.413929 0.052857 0.022143 0.012381
3 0.413214 0.048571 0.020714 0.011429
3 0.416786 0.036190 0.022143 0.013333
3 0.563929 0.005714 0.019286 0.011429
11 0.815000 0.889048 0.092857 0.061905
11 0.870000 0.960952 0.127143 0.072381
7 0.757500 0.872381 0.003571 0.009524
7 0.783929 0.868095 0.005000 0.008571
