10 0.042857 0.900381 0.085714 0.191624
3 0.098214 0.760152 0.043571 0.071066
3 0.228929 0.839467 0.043571 0.118020
3 0.251786 0.730964 0.030714 0.091371
3 0.178214 0.546320 0.036429 0.062183
7 0.187143 0.420051 0.004286 0.017766
7 0.190000 0.415609 0.005714 0.021574
7 0.196071 0.419416 0.005000 0.016497
10 0.261071 0.298858 0.036429 0.069797
3 0.290714 0.241751 0.018571 0.031726
3 0.300000 0.212563 0.018571 0.029188
3 0.308929 0.187817 0.017857 0.022843
11 0.347500 0.013325 0.022143 0.024112
3 0.326786 0.015863 0.020714 0.019036
3 0.473929 0.713832 0.040714 0.118020
3 0.546071 0.105964 0.016429 0.034264
3 0.671071 0.070431 0.019286 0.041878
10 0.767143 0.397208 0.070000 0.177665
7 0.968214 0.752538 0.012143 0.030457
8 0.980714 0.758883 0.010000 0.030457
7 0.993929 0.773477 0.007857 0.024112
7 0.956786 0.687817 0.012143 0.017766
7 0.877500 0.482234 0.007857 0.027919
7 0.891071 0.451777 0.007857 0.027919
7 0.956786 0.463198 0.009286 0.015228
7 0.958929 0.469543 0.007857 0.015228
8 0.877857 0.405457 0.004286 0.019036
8 0.873214 0.404188 0.006429 0.029188
7 0.893571 0.387690 0.004286 0.019036
7 0.887143 0.394670 0.008571 0.020305
7 0.887857 0.385152 0.004286 0.019036
7 0.861071 0.315355 0.006429 0.019036
8 0.808214 0.378807 0.007857 0.016497
7 0.787143 0.234137 0.008571 0.016497
7 0.775714 0.297589 0.008571 0.013959
7 0.752500 0.063452 0.003571 0.017766
7 0.755714 0.062817 0.002857 0.016497
7 0.780000 0.061548 0.002857 0.016497
8 0.824643 0.371193 0.007857 0.013959
