3 0.023500 0.870000 0.047000 0.081333
3 0.111000 0.791667 0.092000 0.095333
1 0.187750 0.681333 0.012500 0.032000
1 0.196750 0.673000 0.011500 0.032667
1 0.222500 0.649333 0.014000 0.029333
3 0.271250 0.612000 0.061500 0.064000
3 0.312000 0.553667 0.015000 0.022000
3 0.166500 0.425333 0.008000 0.024000
3 0.171750 0.444000 0.008500 0.017333
3 0.529250 0.794000 0.038500 0.066667
3 0.493250 0.389667 0.032500 0.032667
3 0.564000 0.315667 0.022000 0.024667
3 0.628250 0.263000 0.022500 0.023333
3 0.644750 0.250333 0.021500 0.022000
3 0.678250 0.226333 0.021500 0.022000
3 0.702750 0.207000 0.018500 0.018000
4 0.737500 0.181000 0.033000 0.030000
4 0.906500 0.095667 0.004000 0.010000
4 0.785750 0.154000 0.007500 0.012000
4 0.809500 0.140667 0.005000 0.010667
4 0.835500 0.122333 0.010000 0.012667
