3 0.810714 0.968274 0.054286 0.058376
3 0.825000 0.923223 0.047143 0.062183
2 0.823929 0.860406 0.075000 0.088832
3 0.908214 0.928934 0.060714 0.068528
11 0.979643 0.886421 0.039286 0.059645
3 0.778214 0.642766 0.039286 0.062183
11 0.785357 0.188452 0.025000 0.067259
3 0.725714 0.226523 0.028571 0.067259
3 0.747500 0.148477 0.019286 0.035533
3 0.832857 0.013959 0.014286 0.027919
3 0.473214 0.532360 0.040714 0.046954
3 0.482500 0.504442 0.042143 0.044416
5 0.522857 0.487310 0.018571 0.025381
8 0.521786 0.482234 0.009286 0.020305
3 0.514643 0.448604 0.042143 0.049492
3 0.433571 0.468274 0.040000 0.048223
3 0.397500 0.434645 0.032143 0.041878
2 0.454286 0.427030 0.094286 0.120558
10 0.416786 0.362944 0.063571 0.073604
2 0.337500 0.387056 0.059286 0.073604
11 0.375000 0.380076 0.038571 0.052030
2 0.310357 0.316624 0.086429 0.110406
3 0.312857 0.586929 0.040000 0.049492
