10 0.598214 0.468095 0.013571 0.027619
10 0.571786 0.321429 0.009286 0.018095
10 0.564643 0.283810 0.012143 0.024762
10 0.573571 0.248571 0.017143 0.024762
10 0.617857 0.224286 0.010000 0.016190
4 0.521429 0.120476 0.012857 0.027619
3 0.553929 0.815238 0.019286 0.062857
3 0.321429 0.480000 0.020000 0.022857
3 0.305357 0.469524 0.017857 0.024762
3 0.329286 0.427619 0.015714 0.017143
3 0.360714 0.445714 0.025714 0.015238
3 0.386786 0.401429 0.019286 0.014286
3 0.391429 0.390476 0.020000 0.011429
3 0.355714 0.466190 0.021429 0.020000
3 0.347143 0.483333 0.027143 0.016190
3 0.322857 0.528095 0.034286 0.021905
11 0.313214 0.560476 0.032143 0.023810
3 0.398571 0.371429 0.021429 0.011429
3 0.396071 0.380952 0.022143 0.009524
3 0.424286 0.294762 0.018571 0.008571
10 0.421786 0.316190 0.022143 0.013333
2 0.615714 0.566667 0.025714 0.066667
3 0.588571 0.380000 0.010000 0.011429
3 0.861786 0.394286 0.015000 0.015238
5 0.652857 0.623333 0.005714 0.014286
8 0.653929 0.618571 0.006429 0.012381
6 0.716786 0.581429 0.027857 0.037143
3 0.965000 0.567143 0.027143 0.033333
3 0.830357 0.403333 0.015000 0.016190
4 0.893214 0.426190 0.022143 0.023810
3 0.922500 0.465714 0.023571 0.020952
4 0.976786 0.529048 0.045000 0.021905
3 0.603929 0.237619 0.007857 0.006667
