3 0.318571 0.843333 0.042857 0.040952
3 0.338929 0.808095 0.039286 0.037143
3 0.280000 0.680000 0.040000 0.032381
3 0.362500 0.606190 0.032143 0.021905
10 0.363571 0.590476 0.044286 0.024762
10 0.391071 0.557619 0.019286 0.042857
3 0.413214 0.566667 0.020714 0.032381
3 0.512500 0.753333 0.019286 0.041905
3 0.535000 0.645714 0.015714 0.041905
3 0.327143 0.546190 0.024286 0.031429
11 0.380714 0.488571 0.031429 0.022857
11 0.895000 0.690476 0.050000 0.040000
3 0.776786 0.659524 0.039286 0.025714
3 0.771071 0.630952 0.037857 0.023810
3 0.861786 0.573810 0.032143 0.023810
5 0.886429 0.610000 0.017143 0.016190
5 0.888214 0.644762 0.013571 0.013333
5 0.888929 0.638571 0.016429 0.014286
5 0.707500 0.791429 0.006429 0.022857
3 0.562857 0.504762 0.012857 0.036190
3 0.433929 0.345714 0.022143 0.013333
3 0.437857 0.336667 0.018571 0.012381
3 0.465714 0.230000 0.007143 0.012381
3 0.496786 0.173810 0.007857 0.010476
3 0.508214 0.157143 0.006429 0.009524
3 0.584286 0.330476 0.010000 0.017143
3 0.576786 0.281429 0.009286 0.014286
3 0.594286 0.280476 0.008571 0.014286
3 0.598929 0.251429 0.007857 0.013333
3 0.672500 0.274762 0.009286 0.010476
3 0.671786 0.291429 0.007857 0.011429
10 0.735714 0.388571 0.031429 0.032381
3 0.717143 0.341905 0.010000 0.017143
3 0.716786 0.326667 0.007857 0.015238
3 0.723214 0.313333 0.009286 0.015238
3 0.748929 0.341905 0.010714 0.017143
3 0.766786 0.324762 0.016429 0.013333
3 0.767857 0.318571 0.020000 0.010476
3 0.763929 0.311905 0.017857 0.012381
3 0.759643 0.305714 0.016429 0.013333
3 0.757143 0.300000 0.017143 0.009524
3 0.722143 0.231429 0.007143 0.015238
3 0.676429 0.246190 0.008571 0.016190
3 0.657857 0.265714 0.007143 0.015238
3 0.657857 0.236190 0.005714 0.009524
3 0.682500 0.218571 0.016429 0.010476
3 0.751786 0.199524 0.005000 0.008571
3 0.761429 0.199524 0.007143 0.010476
3 0.770000 0.200952 0.008571 0.009524
10 0.563214 0.196190 0.015000 0.032381
10 0.582143 0.145714 0.007143 0.015238
3 0.743571 0.170952 0.007143 0.010476
3 0.751429 0.169524 0.007143 0.011429
10 0.570714 0.129524 0.014286 0.013333
2 0.623571 0.075238 0.005714 0.015238
10 0.663214 0.083810 0.006429 0.011429
10 0.669286 0.108571 0.007143 0.017143
3 0.666071 0.126667 0.005000 0.005714
3 0.693571 0.150476 0.010000 0.007619
3 0.657500 0.172857 0.005000 0.008571
3 0.658214 0.097619 0.003571 0.004762
3 0.663929 0.094762 0.003571 0.006667
3 0.525000 0.103333 0.004286 0.004762
3 0.537143 0.104762 0.004286 0.005714
3 0.545357 0.108095 0.005000 0.006667
3 0.565357 0.106190 0.003571 0.004762
3 0.571429 0.106190 0.005714 0.006667
3 0.577143 0.105714 0.004286 0.007619
3 0.594286 0.089524 0.005714 0.005714
4 0.662143 0.040000 0.011429 0.066667
3 0.677857 0.074286 0.008571 0.005714
3 0.680000 0.068095 0.005714 0.006667
3 0.610714 0.063810 0.004286 0.005714
3 0.605000 0.049048 0.002857 0.004762
4 0.633929 0.021905 0.009286 0.026667
4 0.715714 0.464286 0.020000 0.025714
4 0.765357 0.515714 0.032143 0.054286
3 0.382500 0.439048 0.022143 0.015238
4 0.177143 0.964762 0.032857 0.036190
4 0.458214 0.185714 0.023571 0.022857
4 0.304643 0.612857 0.042143 0.077143
