3 0.523750 0.066000 0.023500 0.016000
11 0.520750 0.078333 0.028500 0.020667
11 0.589250 0.069000 0.021500 0.023333
3 0.580250 0.081333 0.025500 0.014667
3 0.580750 0.093000 0.026500 0.016667
3 0.517750 0.114000 0.028500 0.021333
3 0.574000 0.176000 0.023000 0.018667
3 0.578250 0.160000 0.025500 0.018667
11 0.612250 0.177333 0.023500 0.032000
3 0.498000 0.249667 0.030000 0.019333
3 0.555750 0.364333 0.033500 0.026000
3 0.555750 0.388000 0.027500 0.022667
3 0.545500 0.420667 0.038000 0.022667
7 0.518250 0.448000 0.005500 0.012000
5 0.596000 0.419333 0.014000 0.012000
3 0.542750 0.483667 0.037500 0.028667
3 0.453250 0.467000 0.028500 0.034000
7 0.454750 0.500000 0.004500 0.012000
7 0.464000 0.501000 0.004000 0.012667
3 0.529250 0.561667 0.039500 0.031333
3 0.521250 0.596000 0.046500 0.029333
11 0.434250 0.543333 0.036500 0.032000
3 0.425250 0.599000 0.039500 0.039333
3 0.510250 0.680667 0.038500 0.030667
11 0.400250 0.668333 0.035500 0.075333
3 0.498250 0.713667 0.045500 0.030000
3 0.552000 0.734333 0.023000 0.071333
3 0.480500 0.784000 0.050000 0.036000
3 0.611000 0.869000 0.057000 0.046000
11 0.350250 0.237000 0.015500 0.028667
7 0.308750 0.151667 0.005500 0.016667
7 0.193250 0.204667 0.008500 0.012000
8 0.193000 0.208667 0.007000 0.009333
