2 0.525751 0.781489 0.207439 0.429389
3 0.260372 0.643130 0.094421 0.106870
11 0.379471 0.543893 0.055079 0.097328
3 0.565808 0.311546 0.024320 0.033397
3 0.527539 0.364027 0.039342 0.056298
3 0.475322 0.366889 0.040773 0.054389
3 0.690987 0.474714 0.040057 0.062023
0 0.943491 0.754771 0.085837 0.057252
8 0.919528 0.682252 0.020744 0.036260
8 0.457439 0.556775 0.015021 0.027672
8 0.230687 0.559160 0.019313 0.026718
8 0.664878 0.297710 0.007868 0.015267
8 0.669170 0.405057 0.007868 0.018130
8 0.508941 0.278626 0.007868 0.017176
1 0.668455 0.412691 0.009299 0.027672
5 0.228898 0.571088 0.022890 0.031489
5 0.459585 0.569656 0.020744 0.045802
7 0.637697 0.559637 0.010730 0.050573
7 0.655222 0.547233 0.011445 0.044847
7 0.699213 0.614981 0.013591 0.058206
7 0.860515 0.635496 0.020029 0.045802
11 0.682403 0.569656 0.051502 0.101145
0 0.047926 0.608302 0.062947 0.048664
7 0.178469 0.555821 0.007868 0.035305
7 0.873033 0.709447 0.015021 0.052481
7 0.812589 0.677958 0.015737 0.035305
0 0.816881 0.641221 0.031474 0.049618
7 0.825107 0.608302 0.010730 0.035305
7 0.796853 0.573950 0.010014 0.037214
8 0.692060 0.575382 0.016452 0.032443
4 0.689557 0.052958 0.048641 0.041031
3 0.695637 0.423664 0.025036 0.038168
3 0.698498 0.325859 0.025036 0.067748
5 0.663805 0.305821 0.007153 0.016221
5 0.507511 0.286737 0.010730 0.016221
7 0.618026 0.273378 0.007153 0.023855
7 0.550787 0.270515 0.005722 0.021947
7 0.623033 0.149332 0.004292 0.012405
7 0.622318 0.271947 0.005722 0.017176
4 0.645207 0.079198 0.034335 0.040076
3 0.458870 0.299618 0.032189 0.038168
3 0.542918 0.258111 0.024320 0.027672
3 0.563662 0.180344 0.011445 0.017176
3 0.483190 0.268607 0.027897 0.033397
3 0.500358 0.252385 0.026466 0.027672
3 0.514664 0.231870 0.022175 0.024809
3 0.529328 0.222328 0.018598 0.022901
3 0.569385 0.171279 0.008584 0.014313
3 0.576180 0.165553 0.012160 0.014313
3 0.581545 0.160782 0.011445 0.018130
3 0.587983 0.151718 0.010014 0.017176
3 0.591559 0.144561 0.010014 0.008588
3 0.597639 0.139313 0.012160 0.011450
3 0.604077 0.132634 0.010730 0.019084
3 0.609442 0.124523 0.010014 0.010496
3 0.578684 0.268130 0.022890 0.028626
3 0.604435 0.219943 0.018598 0.021947
3 0.617668 0.193225 0.015021 0.020038
3 0.557582 0.187977 0.017883 0.019084
3 0.630901 0.166508 0.012876 0.020038
2 0.584764 0.185115 0.033619 0.053435
2 0.681330 0.130725 0.016452 0.028626
2 0.606223 0.160782 0.026466 0.042939
3 0.629113 0.104008 0.009299 0.013359
3 0.615880 0.107347 0.011445 0.010496
3 0.687053 0.081107 0.006438 0.007634
3 0.695279 0.080153 0.004292 0.007634
