3 0.944643 0.561548 0.075000 0.135787
3 0.885714 0.266497 0.058571 0.104061
10 0.973929 0.065990 0.050714 0.131980
7 0.459643 0.906726 0.010714 0.036802
7 0.536071 0.918147 0.016429 0.019036
7 0.649643 0.633883 0.009286 0.034264
7 0.820714 0.754442 0.011429 0.036802
7 0.483929 0.808376 0.010714 0.030457
7 0.524286 0.705584 0.011429 0.030457
7 0.522500 0.677030 0.012143 0.013959
7 0.518571 0.689086 0.018571 0.025381
7 0.463214 0.503173 0.006429 0.021574
7 0.633571 0.533629 0.010000 0.036802
7 0.613571 0.539340 0.010000 0.032995
7 0.614643 0.500000 0.009286 0.038071
7 0.645357 0.439721 0.007857 0.031726
8 0.506429 0.456218 0.007143 0.026650
7 0.465714 0.516497 0.008571 0.030457
7 0.458214 0.513325 0.007857 0.034264
7 0.469286 0.498096 0.005714 0.026650
7 0.474286 0.378173 0.010000 0.038071
7 0.761429 0.457487 0.007143 0.029188
7 0.770000 0.455584 0.007143 0.035533
7 0.480714 0.328680 0.010000 0.032995
7 0.490000 0.328046 0.005714 0.019036
7 0.491786 0.293147 0.005000 0.017766
7 0.487143 0.284264 0.007143 0.030457
7 0.491786 0.264594 0.006429 0.024112
7 0.582143 0.225888 0.005714 0.025381
7 0.579643 0.049492 0.005000 0.025381
7 0.559643 0.017766 0.005000 0.020305
7 0.633571 0.036802 0.007143 0.030457
8 0.561429 0.072335 0.004286 0.015228
7 0.437857 0.020305 0.005714 0.027919
7 0.688214 0.150381 0.005000 0.016497
7 0.684643 0.145939 0.006429 0.020305
