4 0.315885 0.201852 0.115104 0.072222
3 0.452865 0.952315 0.052604 0.093519
3 0.524219 0.956481 0.052604 0.085185
3 0.444010 0.782870 0.039062 0.080556
3 0.500000 0.821296 0.040625 0.090741
3 0.554427 0.757407 0.042188 0.083333
3 0.440885 0.668981 0.030729 0.060185
11 0.496354 0.722222 0.039583 0.077778
3 0.484375 0.642593 0.032292 0.064815
3 0.533594 0.656019 0.036979 0.067593
3 0.523698 0.593519 0.027604 0.046296
3 0.480208 0.591204 0.028125 0.045370
3 0.435677 0.599074 0.025521 0.050000
3 0.282031 0.861111 0.053646 0.129630
2 0.181510 0.870370 0.147396 0.257407
3 0.097917 0.956944 0.070833 0.084259
3 0.154948 0.763889 0.055729 0.081481
3 0.246094 0.753704 0.042188 0.085185
3 0.325000 0.663889 0.035417 0.068519
3 0.337500 0.590741 0.029167 0.057407
11 0.276302 0.642593 0.043229 0.100000
3 0.262240 0.510185 0.025521 0.038889
2 0.270313 0.549074 0.070833 0.129630
3 0.314323 0.386111 0.015104 0.024074
3 0.329167 0.403704 0.014583 0.025926
3 0.358594 0.413426 0.016146 0.026852
2 0.567448 0.588889 0.067187 0.144444
3 0.431510 0.543056 0.023438 0.041667
3 0.470833 0.545370 0.023958 0.042593
3 0.498698 0.524537 0.022396 0.037963
3 0.486979 0.492593 0.022917 0.033333
3 0.479427 0.467130 0.018229 0.030556
3 0.507812 0.473611 0.022917 0.032407
3 0.472396 0.450463 0.014583 0.026852
3 0.465104 0.432870 0.015625 0.025000
3 0.454427 0.416667 0.017188 0.024074
3 0.449740 0.402778 0.016146 0.024074
3 0.442708 0.390278 0.014583 0.021296
3 0.439063 0.375926 0.015625 0.018519
3 0.429427 0.361111 0.014063 0.020370
3 0.428385 0.506944 0.021354 0.034259
3 0.420312 0.481019 0.019792 0.030556
3 0.417448 0.454630 0.019271 0.027778
3 0.412760 0.431019 0.016146 0.025000
3 0.407552 0.414815 0.016146 0.025926
3 0.402083 0.400000 0.015625 0.024074
3 0.401562 0.385185 0.014583 0.020370
3 0.396615 0.374074 0.013021 0.020370
3 0.392448 0.363426 0.013021 0.019444
3 0.388542 0.352315 0.012500 0.017593
2 0.457813 0.477315 0.037500 0.093519
3 0.437760 0.436111 0.018229 0.025926
3 0.432031 0.417593 0.016146 0.024074
3 0.426563 0.403704 0.014583 0.022222
3 0.423698 0.387963 0.013021 0.020370
3 0.415625 0.375463 0.013542 0.019444
3 0.409635 0.361574 0.014063 0.019444
2 0.484635 0.407407 0.031771 0.057407
3 0.469271 0.399074 0.013542 0.022222
3 0.461979 0.385185 0.014583 0.018519
3 0.453646 0.370833 0.014583 0.021296
3 0.446354 0.359259 0.014583 0.018519
3 0.438542 0.329167 0.023958 0.015741
11 0.357812 0.311111 0.023958 0.018519
3 0.383333 0.308333 0.018750 0.014815
3 0.253906 0.307870 0.024479 0.013889
11 0.311198 0.312500 0.024479 0.015741
3 0.270052 0.323148 0.015104 0.012963
3 0.295312 0.306944 0.019792 0.015741
3 0.339583 0.307870 0.019792 0.013889
3 0.378385 0.303704 0.014063 0.011111
3 0.378385 0.294444 0.008854 0.011111
3 0.393490 0.298611 0.008854 0.012037
3 0.347135 0.293519 0.008854 0.012963
3 0.334115 0.291667 0.008854 0.014815
3 0.320052 0.291667 0.008854 0.011111
3 0.308073 0.289815 0.008854 0.012963
3 0.319271 0.286574 0.008333 0.010185
3 0.316927 0.273148 0.008854 0.011111
3 0.313281 0.266204 0.006771 0.010185
3 0.330208 0.284722 0.008333 0.013889
3 0.344010 0.287500 0.007812 0.013889
3 0.332813 0.258796 0.007292 0.010185
3 0.360938 0.262500 0.007292 0.010185
3 0.350521 0.245833 0.006250 0.010185
3 0.366146 0.255556 0.006250 0.009259
3 0.375521 0.270370 0.007292 0.011111
11 0.162760 0.437963 0.035937 0.050000
3 0.139583 0.458333 0.026042 0.033333
3 0.034375 0.510185 0.062500 0.035185
7 0.700521 0.824537 0.007292 0.060185
7 0.707812 0.813426 0.011458 0.054630
7 0.736719 0.828241 0.009896 0.060185
7 0.747396 0.825000 0.010417 0.053704
3 0.730729 0.663426 0.029167 0.056481
3 0.037240 0.566667 0.006771 0.031481
7 0.048958 0.560185 0.006250 0.031481
7 0.931771 0.928241 0.007292 0.034259
7 0.940885 0.922685 0.010937 0.052778
7 0.104688 0.715278 0.009375 0.041667
7 0.094271 0.768981 0.015625 0.043519
7 0.116667 0.702315 0.008333 0.041667
7 0.058854 0.564815 0.009375 0.038889
7 0.053646 0.553704 0.007292 0.037037
7 0.182552 0.445833 0.006771 0.028704
8 0.210938 0.414352 0.005208 0.021296
1 0.210938 0.418981 0.005208 0.019444
8 0.220052 0.397222 0.004687 0.020370
1 0.220312 0.400926 0.003125 0.022222
7 0.239323 0.356944 0.004687 0.019444
7 0.150781 0.653241 0.009896 0.037963
3 0.125000 0.403704 0.021875 0.037037
3 0.239844 0.434722 0.021354 0.036111
7 0.253906 0.426852 0.004687 0.024074
8 0.234896 0.389352 0.005208 0.019444
5 0.235156 0.392593 0.004687 0.018519
8 0.321875 0.343056 0.004167 0.013889
8 0.329948 0.335648 0.003646 0.012037
8 0.343229 0.336111 0.004167 0.012963
8 0.313021 0.325000 0.004167 0.014815
7 0.337240 0.336111 0.003646 0.016667
8 0.380729 0.330556 0.004167 0.012963
8 0.389583 0.329630 0.004167 0.012963
8 0.392708 0.326852 0.003125 0.012963
8 0.435417 0.331481 0.004167 0.012963
8 0.443490 0.333333 0.002604 0.011111
5 0.444531 0.337500 0.007812 0.010185
5 0.434115 0.334259 0.007812 0.009259
5 0.380729 0.336111 0.008333 0.009259
5 0.390104 0.333796 0.009375 0.010185
1 0.392188 0.331481 0.008333 0.009259
1 0.342187 0.342593 0.009375 0.011111
1 0.329427 0.341204 0.008854 0.008333
1 0.314063 0.329167 0.008333 0.008333
5 0.321875 0.347222 0.010417 0.011111
