4 0.528676 0.031373 0.107353 0.060131
4 0.450368 0.088235 0.062500 0.061438
4 0.488603 0.077124 0.022794 0.026144
4 0.610662 0.085621 0.031618 0.040523
4 0.620221 0.122876 0.052206 0.041830
4 0.641912 0.158170 0.020588 0.028758
4 0.449632 0.186928 0.006618 0.020915
4 0.465074 0.158824 0.013971 0.019608
4 0.465809 0.135294 0.002206 0.024837
3 0.442279 0.137908 0.019853 0.016993
3 0.420956 0.151634 0.025735 0.018301
3 0.443750 0.154902 0.024265 0.019608
3 0.458824 0.138562 0.010294 0.015686
3 0.472426 0.139869 0.009559 0.018301
3 0.478676 0.128105 0.008824 0.013072
3 0.448529 0.162092 0.011765 0.015686
3 0.437868 0.182353 0.015441 0.019608
5 0.391544 0.203268 0.008088 0.014379
7 0.441176 0.199346 0.002941 0.022222
7 0.437868 0.199346 0.005147 0.016993
9 0.420588 0.211111 0.010294 0.022222
7 0.422059 0.224183 0.004412 0.022222
7 0.427206 0.226144 0.004412 0.023529
2 0.490809 0.110458 0.015441 0.035294
3 0.506985 0.082353 0.006618 0.010458
3 0.510294 0.074510 0.005882 0.010458
11 0.511029 0.099346 0.005882 0.015686
3 0.550368 0.069935 0.005147 0.009150
3 0.502206 0.145098 0.008824 0.020915
3 0.484191 0.164706 0.012500 0.020915
3 0.532721 0.151634 0.021324 0.015686
3 0.415441 0.257516 0.020588 0.033987
3 0.454044 0.259477 0.018382 0.030065
3 0.462500 0.224183 0.016176 0.030065
3 0.490809 0.208497 0.015441 0.024837
3 0.484559 0.237908 0.016176 0.028758
3 0.484926 0.260131 0.018382 0.028758
3 0.518750 0.250327 0.016912 0.030065
3 0.520221 0.188235 0.012500 0.020915
7 0.371691 0.247059 0.003676 0.023529
4 0.589706 0.053595 0.011765 0.023529
3 0.587132 0.100654 0.008088 0.010458
7 0.580147 0.092810 0.001471 0.010458
8 0.577941 0.107843 0.002941 0.009150
9 0.576471 0.132680 0.005882 0.011765
8 0.576471 0.128758 0.002941 0.011765
5 0.567647 0.151634 0.002941 0.010458
8 0.568015 0.149020 0.002206 0.013072
3 0.619118 0.155556 0.013235 0.018301
11 0.625368 0.170588 0.008088 0.022222
7 0.615074 0.222222 0.003676 0.026144
8 0.599632 0.168627 0.003676 0.018301
5 0.600000 0.170588 0.002941 0.014379
11 0.673897 0.200000 0.030147 0.028758
7 0.669485 0.222876 0.003676 0.022222
7 0.672794 0.233333 0.004412 0.024837
7 0.675000 0.242484 0.004412 0.027451
9 0.608456 0.269281 0.011029 0.026144
7 0.624265 0.293464 0.008824 0.030065
7 0.643015 0.291503 0.006618 0.026144
7 0.641544 0.296732 0.009559 0.026144
1 0.976471 0.959477 0.029412 0.078431
8 0.980882 0.943791 0.020588 0.073203
3 0.982353 0.754902 0.033824 0.105882
5 0.819853 0.340523 0.016176 0.022222
7 0.823529 0.335294 0.007353 0.030065
9 0.943750 0.354902 0.044853 0.030065
3 0.879779 0.354902 0.055147 0.035294
3 0.881618 0.379739 0.048529 0.037908
3 0.722794 0.420915 0.050000 0.047059
3 0.528309 0.322876 0.028676 0.049673
3 0.591176 0.369281 0.057353 0.064052
3 0.534191 0.455556 0.044853 0.058824
5 0.638235 0.495425 0.017647 0.031373
8 0.638971 0.484967 0.010294 0.031373
5 0.623897 0.594118 0.013971 0.043137
8 0.623162 0.578431 0.013971 0.035294
5 0.577941 0.552941 0.017647 0.041830
8 0.580147 0.546405 0.008824 0.036601
8 0.578309 0.541830 0.011029 0.040523
3 0.585662 0.648366 0.041912 0.075817
3 0.602941 0.801307 0.054412 0.128105
5 0.443750 0.448366 0.021324 0.026144
8 0.444485 0.439869 0.011029 0.037908
9 0.446691 0.427451 0.024265 0.033987
8 0.441912 0.418301 0.008824 0.036601
11 0.328676 0.264052 0.023529 0.036601
11 0.305882 0.253595 0.029412 0.054902
3 0.315809 0.360784 0.059559 0.049673
3 0.314338 0.533333 0.050735 0.070588
3 0.336765 0.726144 0.051471 0.124183
7 0.200000 0.537255 0.008824 0.044444
3 0.245956 0.726144 0.069853 0.121569
0 0.255882 0.592157 0.036765 0.081046
3 0.241544 0.463399 0.066912 0.064052
3 0.105147 0.643791 0.085294 0.090196
3 0.059926 0.722222 0.119853 0.095425
3 0.036397 0.798693 0.072794 0.104575
8 0.006250 0.551634 0.012500 0.041830
3 0.027574 0.313725 0.055147 0.033987
3 0.131250 0.396078 0.066912 0.044444
9 0.126471 0.418954 0.035294 0.027451
8 0.134559 0.409804 0.010294 0.030065
8 0.122426 0.400000 0.008088 0.028758
11 0.111397 0.312418 0.062500 0.039216
5 0.061397 0.265359 0.009559 0.020915
9 0.049632 0.263399 0.018382 0.027451
4 0.081985 0.263399 0.025735 0.022222
3 0.153309 0.283007 0.022794 0.032680
3 0.185662 0.317647 0.055147 0.036601
3 0.195221 0.286928 0.038971 0.032680
5 0.190809 0.332026 0.021324 0.018301
8 0.190074 0.322876 0.008088 0.028758
3 0.271324 0.275163 0.030882 0.032680
7 0.262500 0.288235 0.008824 0.032680
7 0.266544 0.288889 0.006618 0.026144
7 0.247426 0.283660 0.005147 0.028758
7 0.242279 0.283660 0.005147 0.028758
5 0.240441 0.279085 0.008824 0.030065
9 0.250000 0.303268 0.030882 0.020915
8 0.255882 0.296732 0.008824 0.020915
