3 0.536979 0.862500 0.076042 0.173148
7 0.042188 0.912500 0.021875 0.095370
5 0.009635 0.868056 0.019271 0.063889
1 0.152604 0.963426 0.055208 0.060185
3 0.219010 0.955093 0.063021 0.087963
11 0.243229 0.832870 0.064583 0.158333
4 0.169271 0.854630 0.051042 0.107407
4 0.193490 0.720833 0.029687 0.095370
4 0.212240 0.706944 0.025521 0.082407
7 0.150781 0.754630 0.016146 0.070370
1 0.154948 0.765741 0.043229 0.057407
7 0.148177 0.706019 0.017188 0.060185
1 0.148177 0.718519 0.038021 0.048148
1 0.217708 0.641204 0.032292 0.045370
3 0.266667 0.694907 0.051042 0.123148
8 0.319792 0.683796 0.013542 0.047222
8 0.320573 0.668981 0.007812 0.030556
5 0.319792 0.694907 0.017708 0.056481
7 0.077604 0.621759 0.017708 0.062037
7 0.096615 0.622685 0.022396 0.060185
7 0.115365 0.606944 0.016146 0.062037
8 0.188802 0.617593 0.015104 0.048148
5 0.189844 0.630093 0.017188 0.050926
1 0.046615 0.564352 0.016146 0.041667
5 0.078385 0.546759 0.029687 0.034259
1 0.083594 0.550926 0.033854 0.037037
8 0.050000 0.525463 0.015625 0.050926
1 0.053385 0.531944 0.033854 0.036111
7 0.122135 0.563426 0.017188 0.056481
7 0.142187 0.579630 0.011458 0.059259
3 0.026302 0.488426 0.052604 0.058333
7 0.121354 0.526852 0.013542 0.050000
7 0.165885 0.568981 0.008854 0.052778
7 0.182552 0.556944 0.009896 0.060185
7 0.136719 0.534722 0.014063 0.054630
7 0.108594 0.469907 0.013021 0.045370
3 0.022135 0.398611 0.044271 0.050926
8 0.125521 0.507870 0.014583 0.045370
1 0.127083 0.519907 0.026042 0.039815
8 0.148438 0.475000 0.010417 0.042593
1 0.150521 0.490741 0.027083 0.031481
7 0.150260 0.463426 0.009896 0.037963
7 0.176563 0.468519 0.010417 0.044444
7 0.159115 0.559722 0.008854 0.052778
7 0.160677 0.542593 0.007812 0.048148
8 0.184896 0.501852 0.014583 0.042593
1 0.186458 0.512037 0.027083 0.031481
7 0.209115 0.534722 0.009896 0.050926
7 0.219531 0.519444 0.011979 0.048148
7 0.232292 0.535185 0.010417 0.051852
7 0.241927 0.540741 0.013021 0.050000
7 0.265104 0.531944 0.013542 0.052778
7 0.291146 0.538889 0.009375 0.048148
7 0.294010 0.545370 0.013021 0.050000
3 0.032031 0.334722 0.056771 0.039815
11 0.016927 0.323148 0.033854 0.038889
3 0.163802 0.442130 0.073438 0.052778
8 0.193490 0.456944 0.008854 0.039815
8 0.197656 0.460185 0.006771 0.035185
5 0.195052 0.463889 0.014063 0.029630
7 0.205469 0.484259 0.008854 0.042593
7 0.209115 0.450463 0.010937 0.049074
7 0.218229 0.453704 0.008333 0.042593
7 0.221615 0.458796 0.006771 0.043519
7 0.228125 0.460648 0.008333 0.043519
7 0.231771 0.446296 0.010417 0.040741
8 0.246615 0.450463 0.010937 0.043519
1 0.246354 0.456944 0.010417 0.034259
7 0.176563 0.390278 0.007292 0.039815
7 0.258594 0.503241 0.007812 0.041667
3 0.287240 0.417130 0.067187 0.047222
8 0.254167 0.380093 0.010417 0.026852
5 0.254948 0.387500 0.014063 0.028704
8 0.329948 0.450463 0.011979 0.036111
1 0.330990 0.460185 0.022396 0.033333
7 0.331510 0.432407 0.005729 0.038889
8 0.226042 0.382870 0.010417 0.025000
8 0.227083 0.376852 0.008333 0.029630
5 0.227865 0.385648 0.011979 0.028704
11 0.152865 0.359722 0.050521 0.041667
8 0.171875 0.330093 0.008333 0.025000
5 0.171875 0.338426 0.019792 0.023148
3 0.167448 0.319444 0.055729 0.037037
3 0.157292 0.303704 0.046875 0.035185
3 0.126042 0.291667 0.050000 0.033333
7 0.040104 0.301852 0.006250 0.035185
7 0.044271 0.299074 0.005208 0.031481
7 0.054688 0.304167 0.006250 0.034259
7 0.061979 0.300463 0.005208 0.030556
7 0.069792 0.294444 0.006250 0.029630
7 0.075521 0.289352 0.006250 0.032407
7 0.071615 0.284722 0.004687 0.028704
7 0.056250 0.288426 0.005208 0.028704
1 0.089063 0.275000 0.015625 0.016667
1 0.106510 0.271296 0.011979 0.022222
8 0.015365 0.288889 0.006771 0.020370
8 0.026823 0.287037 0.007812 0.022222
1 0.016146 0.297222 0.015625 0.020370
1 0.026823 0.296759 0.017188 0.019444
7 0.032031 0.273148 0.007812 0.022222
7 0.039583 0.276389 0.005208 0.026852
7 0.039323 0.271759 0.004687 0.026852
7 0.045573 0.266204 0.005729 0.026852
7 0.056250 0.255093 0.006250 0.028704
7 0.061719 0.252778 0.005729 0.025926
7 0.072135 0.250000 0.005729 0.027778
7 0.051042 0.250926 0.003125 0.029630
7 0.035937 0.235185 0.005208 0.024074
7 0.105990 0.216667 0.005729 0.018519
11 0.096354 0.257407 0.027083 0.035185
11 0.119792 0.251852 0.027083 0.031481
11 0.143229 0.250000 0.022917 0.027778
11 0.165625 0.245833 0.020833 0.028704
3 0.186719 0.241667 0.024479 0.022222
3 0.214583 0.238426 0.029167 0.025000
3 0.235937 0.231481 0.021875 0.022222
11 0.266927 0.218981 0.033854 0.021296
2 0.267448 0.256019 0.101562 0.073148
8 0.293490 0.285648 0.006771 0.023148
1 0.294010 0.292593 0.006771 0.020370
3 0.673177 0.918056 0.088021 0.152778
3 0.730990 0.854167 0.088021 0.137963
3 0.614583 0.751389 0.068750 0.110185
3 0.662500 0.705556 0.071875 0.107407
11 0.792448 0.818981 0.102604 0.152778
8 0.881510 0.850000 0.025521 0.057407
5 0.884115 0.865278 0.048438 0.076852
8 0.869010 0.729167 0.019271 0.063889
1 0.868229 0.748611 0.021875 0.060185
8 0.826823 0.665741 0.015104 0.044444
1 0.824219 0.682870 0.010937 0.050926
1 0.989583 0.802778 0.019792 0.059259
1 0.977865 0.793519 0.030729 0.057407
1 0.965885 0.777778 0.031771 0.057407
1 0.959635 0.767130 0.032813 0.062037
1 0.955990 0.754167 0.020313 0.054630
1 0.944010 0.752315 0.018229 0.052778
1 0.935156 0.744907 0.026562 0.058333
1 0.931510 0.738889 0.026562 0.044444
1 0.913542 0.742130 0.029167 0.047222
1 0.915365 0.723611 0.027604 0.045370
1 0.920052 0.709259 0.028646 0.051852
1 0.908854 0.704630 0.017708 0.048148
1 0.897135 0.704630 0.022396 0.046296
1 0.904948 0.687963 0.021354 0.046296
1 0.886719 0.671296 0.027604 0.040741
5 0.871615 0.648148 0.032813 0.048148
5 0.857292 0.632407 0.020833 0.048148
1 0.843490 0.620833 0.020313 0.037963
1 0.837500 0.612037 0.022917 0.037037
7 0.854427 0.595370 0.009896 0.057407
7 0.869792 0.536111 0.010417 0.051852
7 0.994010 0.558796 0.010937 0.052778
7 0.929688 0.458333 0.010417 0.048148
7 0.957292 0.456019 0.014583 0.045370
4 0.794271 0.547685 0.047917 0.071296
4 0.750521 0.487963 0.022917 0.059259
4 0.767969 0.508796 0.014063 0.037963
8 0.772917 0.475926 0.011458 0.037037
5 0.772396 0.488889 0.012500 0.033333
3 0.569010 0.622222 0.051562 0.079630
3 0.614844 0.588426 0.053646 0.071296
3 0.670052 0.584722 0.056771 0.073148
3 0.542708 0.533796 0.045833 0.063889
3 0.577604 0.506481 0.042708 0.057407
3 0.599479 0.460185 0.043750 0.051852
8 0.729688 0.527315 0.012500 0.043519
1 0.728125 0.537037 0.017708 0.038889
8 0.706510 0.518519 0.010937 0.046296
1 0.705990 0.525463 0.014063 0.037963
8 0.691146 0.515741 0.014583 0.050000
1 0.690625 0.523611 0.015625 0.039815
8 0.714063 0.507407 0.009375 0.042593
1 0.712240 0.516667 0.016146 0.035185
8 0.682292 0.489352 0.012500 0.036111
1 0.679948 0.498611 0.013021 0.037963
8 0.697656 0.482407 0.009896 0.035185
1 0.697656 0.492130 0.008854 0.030556
8 0.691146 0.463889 0.011458 0.037037
5 0.691146 0.472685 0.012500 0.034259
8 0.650521 0.466667 0.008333 0.040741
1 0.650521 0.474537 0.009375 0.036111
8 0.669271 0.472685 0.012500 0.037963
5 0.670052 0.476852 0.010937 0.038889
8 0.656510 0.456019 0.008854 0.032407
5 0.657031 0.465278 0.009896 0.036111
7 0.420052 0.445833 0.010937 0.045370
8 0.404167 0.407407 0.011458 0.035185
1 0.405469 0.417593 0.021354 0.025926
0 0.346875 0.367593 0.012500 0.040741
8 0.330208 0.343056 0.007292 0.026852
1 0.330208 0.349074 0.007292 0.024074
8 0.345313 0.346296 0.007292 0.027778
1 0.345573 0.352315 0.007812 0.023148
8 0.365365 0.341204 0.006771 0.030556
1 0.365104 0.348611 0.006250 0.025000
8 0.304948 0.316204 0.006771 0.025000
1 0.304948 0.323611 0.015104 0.021296
8 0.670312 0.445370 0.008333 0.027778
1 0.667448 0.451389 0.013021 0.026852
8 0.677344 0.436111 0.007812 0.025926
1 0.676042 0.445370 0.009375 0.033333
8 0.676042 0.426389 0.006250 0.026852
1 0.674740 0.435648 0.009896 0.026852
8 0.659896 0.433333 0.007292 0.031481
1 0.659635 0.443981 0.010937 0.028704
8 0.629167 0.441204 0.007292 0.034259
1 0.627865 0.450000 0.008854 0.033333
8 0.635938 0.432870 0.010417 0.036111
3 0.635156 0.442130 0.008854 0.034259
8 0.646354 0.434722 0.009375 0.039815
1 0.647135 0.441204 0.009896 0.032407
8 0.661198 0.419907 0.008854 0.030556
1 0.660156 0.430093 0.008854 0.030556
8 0.668229 0.417130 0.009375 0.032407
1 0.668490 0.421759 0.008854 0.025000
8 0.644531 0.409259 0.007812 0.035185
7 0.634896 0.410648 0.006250 0.032407
5 0.646094 0.413426 0.021354 0.030556
7 0.661979 0.397222 0.005208 0.042593
7 0.645312 0.387500 0.009375 0.037963
7 0.578906 0.401852 0.009896 0.038889
7 0.617969 0.378241 0.007812 0.036111
8 0.629427 0.370833 0.010937 0.030556
5 0.631250 0.374074 0.010417 0.031481
8 0.633073 0.356019 0.006771 0.025000
1 0.633333 0.361574 0.006250 0.023148
7 0.612240 0.357870 0.006771 0.034259
7 0.602604 0.354630 0.007292 0.038889
7 0.616406 0.349074 0.004687 0.033333
7 0.630469 0.341667 0.006771 0.037037
8 0.639062 0.338889 0.005208 0.025926
1 0.639062 0.347685 0.006250 0.025000
7 0.652344 0.355556 0.007812 0.037037
8 0.668229 0.368519 0.007292 0.022222
8 0.611458 0.334259 0.008333 0.024074
5 0.611198 0.341667 0.013021 0.020370
8 0.597656 0.333796 0.007812 0.028704
8 0.596354 0.326852 0.009375 0.029630
5 0.599219 0.340741 0.017188 0.025926
1 0.595573 0.332870 0.016146 0.023148
7 0.649740 0.337963 0.007812 0.035185
3 0.553646 0.392130 0.033333 0.043519
11 0.561979 0.356481 0.028125 0.037037
11 0.581250 0.307407 0.027083 0.044444
8 0.406771 0.287037 0.005208 0.027778
1 0.407031 0.293981 0.005729 0.019444
11 0.446615 0.294907 0.027604 0.037963
3 0.457552 0.260185 0.030729 0.029630
3 0.480208 0.273611 0.029167 0.032407
3 0.517448 0.240278 0.030729 0.026852
3 0.615625 0.270370 0.027083 0.027778
11 0.594792 0.249074 0.031250 0.025926
4 0.688281 0.340278 0.028646 0.047222
7 0.726823 0.431481 0.013021 0.040741
4 0.708594 0.439815 0.019271 0.040741
4 0.694271 0.417593 0.020833 0.044444
7 0.681771 0.387037 0.003125 0.029630
4 0.680729 0.401389 0.011458 0.026852
7 0.710677 0.313889 0.003646 0.027778
7 0.711719 0.318981 0.003646 0.026852
4 0.712240 0.328241 0.021354 0.032407
3 0.331771 0.233796 0.020833 0.025000
3 0.342448 0.219907 0.015104 0.023148
8 0.364844 0.223148 0.005729 0.024074
1 0.363802 0.227778 0.010937 0.014815
8 0.381250 0.220833 0.004167 0.023148
1 0.380990 0.227315 0.006771 0.015741
8 0.363802 0.214352 0.003646 0.019444
1 0.363281 0.220370 0.010937 0.014815
8 0.357292 0.211574 0.004167 0.019444
1 0.357292 0.216667 0.011458 0.016667
7 0.321354 0.224074 0.004167 0.020370
8 0.336198 0.206944 0.003646 0.021296
5 0.337240 0.209259 0.011979 0.014815
3 0.200260 0.177778 0.018229 0.018519
7 0.196354 0.181481 0.004167 0.020370
7 0.149219 0.225463 0.004687 0.023148
7 0.145052 0.215278 0.004687 0.025000
3 0.159375 0.200463 0.035417 0.019444
3 0.158073 0.194907 0.036979 0.019444
7 0.136719 0.193519 0.003646 0.022222
7 0.129427 0.187500 0.003646 0.019444
7 0.134115 0.184259 0.003646 0.016667
11 0.154167 0.175463 0.030208 0.019444
4 0.122396 0.161574 0.021875 0.026852
11 0.154167 0.170370 0.028125 0.018519
11 0.152083 0.160648 0.021875 0.021296
3 0.150781 0.156944 0.025521 0.017593
7 0.148698 0.145833 0.001563 0.012037
7 0.148177 0.143519 0.001563 0.012963
7 0.164062 0.136111 0.003125 0.012963
7 0.182812 0.160648 0.003125 0.017593
7 0.185417 0.161574 0.003125 0.017593
7 0.190625 0.159722 0.003125 0.017593
7 0.194010 0.165278 0.003646 0.015741
3 0.248958 0.194444 0.031250 0.018519
3 0.246354 0.191667 0.029167 0.018519
3 0.238542 0.187963 0.031250 0.018519
3 0.235937 0.180093 0.026042 0.019444
3 0.232813 0.176389 0.032292 0.019444
3 0.224479 0.170370 0.025000 0.016667
11 0.226042 0.163889 0.030208 0.022222
11 0.217188 0.162500 0.022917 0.015741
11 0.216927 0.157870 0.024479 0.015741
11 0.212760 0.156019 0.023438 0.017593
3 0.210156 0.152315 0.024479 0.013889
7 0.260156 0.181944 0.004687 0.019444
4 0.280990 0.183333 0.017188 0.046296
7 0.295573 0.207407 0.003646 0.016667
7 0.296875 0.204630 0.003125 0.014815
4 0.270833 0.181019 0.010417 0.017593
4 0.258594 0.167593 0.015104 0.022222
4 0.247656 0.155556 0.010937 0.018519
4 0.237240 0.142130 0.011979 0.017593
4 0.228646 0.141204 0.005208 0.013889
7 0.164583 0.107407 0.002083 0.014815
7 0.166927 0.114352 0.001563 0.013889
7 0.170052 0.113426 0.002604 0.013889
7 0.173958 0.113889 0.002083 0.012963
7 0.169531 0.106481 0.002604 0.014815
7 0.172917 0.097685 0.002083 0.012037
7 0.154427 0.106944 0.001563 0.012037
7 0.157812 0.100926 0.002083 0.011111
7 0.199740 0.135185 0.002604 0.018519
7 0.222656 0.139352 0.003646 0.013889
7 0.207552 0.131944 0.001563 0.013889
11 0.201302 0.124074 0.015104 0.012963
8 0.238281 0.129167 0.002604 0.010185
8 0.251563 0.139815 0.003125 0.011111
8 0.256510 0.142593 0.003646 0.012963
8 0.263281 0.148611 0.003646 0.010185
1 0.256510 0.146296 0.002604 0.009259
1 0.251302 0.143981 0.002604 0.010185
1 0.263542 0.152778 0.003125 0.007407
3 0.288802 0.149074 0.011979 0.014815
7 0.308073 0.203241 0.003646 0.021296
7 0.315365 0.211574 0.003646 0.023148
7 0.321354 0.209722 0.004167 0.019444
7 0.319010 0.199074 0.003646 0.018519
7 0.313021 0.197222 0.005208 0.016667
7 0.309375 0.193519 0.003125 0.018519
1 0.313802 0.203704 0.005729 0.011111
1 0.308854 0.197222 0.004167 0.012963
11 0.332031 0.197685 0.019271 0.025000
3 0.319271 0.188889 0.016667 0.018519
3 0.308333 0.179630 0.013542 0.018519
3 0.298438 0.172685 0.013542 0.019444
4 0.293750 0.177778 0.010417 0.014815
11 0.337500 0.184259 0.016667 0.022222
3 0.327865 0.178241 0.011979 0.017593
3 0.319271 0.171759 0.013542 0.021296
3 0.308594 0.163426 0.014063 0.019444
11 0.297917 0.154630 0.012500 0.016667
3 0.279687 0.142593 0.013542 0.014815
3 0.273698 0.137963 0.010937 0.012963
3 0.268229 0.133796 0.010417 0.012037
3 0.256771 0.136574 0.011458 0.015741
3 0.261458 0.129630 0.010417 0.012963
3 0.257812 0.125000 0.009375 0.012963
3 0.251823 0.121296 0.008854 0.012963
11 0.245052 0.113426 0.008854 0.012037
11 0.238021 0.108333 0.009375 0.011111
3 0.195312 0.095833 0.007292 0.010185
3 0.208854 0.093519 0.008333 0.009259
3 0.223438 0.106019 0.010417 0.015741
4 0.186979 0.079167 0.026042 0.015741
3 0.261979 0.119444 0.011458 0.011111
11 0.269792 0.122685 0.009375 0.012037
3 0.277604 0.127315 0.010417 0.010185
3 0.285938 0.132870 0.010417 0.012037
11 0.292708 0.137963 0.010417 0.012963
3 0.301823 0.143519 0.013021 0.012963
3 0.311458 0.151389 0.012500 0.013889
3 0.320573 0.158796 0.014063 0.015741
3 0.330990 0.162500 0.014063 0.017593
3 0.342708 0.171759 0.014583 0.019444
3 0.356771 0.181944 0.015625 0.021296
4 0.394271 0.081019 0.022917 0.056481
3 0.377604 0.080093 0.005208 0.010185
7 0.371875 0.121759 0.002083 0.010185
8 0.407292 0.129630 0.003125 0.011111
1 0.407292 0.132407 0.003125 0.009259
7 0.414062 0.131944 0.002083 0.012037
3 0.417708 0.150000 0.010417 0.014815
3 0.444531 0.172222 0.024479 0.020370
3 0.449479 0.168981 0.021875 0.021296
8 0.441406 0.190278 0.003646 0.015741
1 0.441146 0.195833 0.004167 0.015741
7 0.452083 0.212500 0.005208 0.023148
8 0.448698 0.206481 0.003646 0.016667
5 0.447917 0.211574 0.009375 0.015741
8 0.463281 0.211111 0.004687 0.018519
5 0.462760 0.215741 0.003646 0.014815
8 0.461719 0.190741 0.003646 0.018519
1 0.461458 0.194444 0.004167 0.014815
7 0.469792 0.169907 0.003125 0.017593
1 0.469792 0.171296 0.008333 0.011111
7 0.457813 0.152315 0.002083 0.019444
7 0.478906 0.160185 0.002604 0.016667
1 0.461198 0.140741 0.002604 0.009259
8 0.482812 0.150926 0.003125 0.009259
7 0.782552 0.434722 0.007812 0.052778
7 0.814323 0.396296 0.006771 0.038889
7 0.814844 0.402315 0.007812 0.032407
7 0.832292 0.409722 0.008333 0.043519
8 0.800260 0.377778 0.013021 0.029630
7 0.765625 0.334722 0.007292 0.036111
7 0.772396 0.338426 0.006250 0.028704
7 0.734115 0.314352 0.006771 0.032407
7 0.876823 0.421759 0.011979 0.041667
7 0.928125 0.416667 0.011458 0.038889
7 0.939063 0.411574 0.009375 0.039815
7 0.942708 0.424537 0.009375 0.043519
7 0.948438 0.429167 0.008333 0.041667
7 0.952865 0.434722 0.014063 0.041667
7 0.971615 0.428241 0.009896 0.047222
7 0.971354 0.440278 0.011458 0.037963
8 0.983073 0.437500 0.013021 0.047222
7 0.915104 0.390278 0.008333 0.039815
7 0.923177 0.391667 0.007812 0.044444
7 0.886719 0.356019 0.006771 0.037963
3 0.858333 0.318056 0.006250 0.036111
7 0.884115 0.276852 0.007812 0.027778
7 0.748698 0.318056 0.006771 0.034259
7 0.755208 0.318519 0.005208 0.031481
7 0.748698 0.313889 0.005729 0.035185
7 0.755469 0.312963 0.005729 0.033333
7 0.767448 0.309259 0.005729 0.031481
7 0.794010 0.310648 0.006771 0.032407
7 0.772396 0.303241 0.005208 0.026852
7 0.776042 0.306944 0.005208 0.025000
7 0.764844 0.299537 0.004687 0.025000
7 0.777604 0.298148 0.005208 0.025926
7 0.782031 0.292130 0.004687 0.026852
7 0.813281 0.279167 0.005729 0.025000
7 0.790625 0.293981 0.004167 0.021296
8 0.639323 0.303704 0.007812 0.031481
7 0.639323 0.297685 0.004687 0.028704
1 0.638021 0.310185 0.014583 0.022222
7 0.690885 0.293981 0.004687 0.023148
7 0.693750 0.300463 0.004167 0.021296
7 0.658594 0.303704 0.006771 0.027778
7 0.657031 0.295833 0.003646 0.028704
7 0.657813 0.286111 0.004167 0.025926
7 0.672396 0.287500 0.004167 0.028704
4 0.665365 0.342130 0.015104 0.025000
4 0.833333 0.268519 0.031250 0.027778
4 0.801562 0.278704 0.013542 0.027778
8 0.737500 0.278241 0.007292 0.023148
1 0.736719 0.285185 0.010937 0.018519
8 0.747135 0.280556 0.004687 0.018519
1 0.747396 0.285185 0.007292 0.016667
8 0.776042 0.261111 0.007292 0.018519
1 0.775000 0.268981 0.010417 0.015741
8 0.780990 0.268519 0.006771 0.012963
7 0.782031 0.292130 0.004687 0.026852
1 0.780729 0.275463 0.011458 0.013889
8 0.782292 0.260648 0.004167 0.015741
1 0.782031 0.266204 0.007812 0.012037
8 0.784896 0.255556 0.005208 0.014815
1 0.783333 0.262037 0.008333 0.016667
8 0.791667 0.254167 0.005208 0.013889
8 0.794531 0.251852 0.003646 0.012963
8 0.810937 0.243981 0.005208 0.017593
8 0.809115 0.253241 0.004687 0.013889
5 0.810677 0.249537 0.008854 0.013889
4 0.844010 0.234722 0.042188 0.065741
4 0.892188 0.223148 0.057292 0.051852
4 0.856250 0.225926 0.011458 0.018519
4 0.499479 0.197222 0.048958 0.046296
1 0.479948 0.230093 0.004687 0.013889
8 0.529687 0.194907 0.004167 0.013889
1 0.529687 0.200926 0.007292 0.014815
8 0.536458 0.219444 0.004167 0.024074
1 0.536719 0.226389 0.008854 0.015741
8 0.544271 0.191204 0.004167 0.012037
1 0.544271 0.197685 0.008333 0.013889
7 0.547656 0.219907 0.003646 0.021296
7 0.554427 0.215741 0.003646 0.024074
4 0.550781 0.168981 0.061979 0.017593
4 0.632552 0.160185 0.033854 0.022222
3 0.579948 0.222222 0.030729 0.022222
3 0.599740 0.226389 0.029687 0.025000
3 0.582031 0.212500 0.029687 0.019444
11 0.573958 0.204630 0.028125 0.025926
3 0.572917 0.198611 0.027083 0.019444
11 0.605208 0.190741 0.029167 0.025926
4 0.599479 0.168519 0.036458 0.012963
11 0.614844 0.202315 0.028646 0.026852
11 0.632031 0.190741 0.023438 0.022222
3 0.636719 0.182870 0.022396 0.017593
3 0.644271 0.197685 0.025000 0.019444
11 0.642708 0.214815 0.027083 0.025926
3 0.658073 0.228241 0.027604 0.023148
11 0.667188 0.238426 0.027083 0.023148
3 0.690885 0.242593 0.028646 0.025926
11 0.717708 0.255556 0.032292 0.025926
11 0.677604 0.203704 0.025000 0.031481
3 0.712760 0.223148 0.023438 0.022222
3 0.659635 0.185648 0.020313 0.017593
3 0.670833 0.190741 0.021875 0.018519
11 0.684635 0.170833 0.024479 0.019444
3 0.687500 0.178241 0.017708 0.019444
3 0.693490 0.184259 0.021354 0.018519
3 0.724479 0.207870 0.025000 0.023148
3 0.739323 0.226852 0.026562 0.024074
3 0.760677 0.234722 0.022396 0.026852
3 0.714844 0.171759 0.019271 0.017593
3 0.717448 0.176852 0.020313 0.016667
3 0.716927 0.185185 0.022396 0.018519
11 0.731771 0.189352 0.021875 0.021296
11 0.741667 0.162037 0.020833 0.018519
11 0.742448 0.169907 0.018229 0.017593
11 0.746354 0.177315 0.017708 0.015741
2 0.747917 0.145833 0.043750 0.036111
11 0.766927 0.197222 0.024479 0.025926
11 0.791146 0.206481 0.022917 0.022222
3 0.803125 0.223148 0.025000 0.024074
3 0.763802 0.181481 0.021354 0.020370
3 0.768229 0.171296 0.022917 0.018519
3 0.784115 0.173148 0.020313 0.018519
2 0.793490 0.152315 0.043229 0.045370
11 0.801562 0.168056 0.017708 0.021296
11 0.821615 0.160648 0.017188 0.019444
11 0.830990 0.184722 0.021354 0.021296
11 0.845833 0.172222 0.019792 0.020370
3 0.876042 0.184722 0.019792 0.015741
2 0.803906 0.134722 0.036979 0.032407
3 0.820573 0.154630 0.013021 0.018519
3 0.770312 0.160185 0.017708 0.014815
3 0.825260 0.146296 0.017188 0.016667
3 0.834375 0.152778 0.016667 0.020370
3 0.834896 0.158796 0.017708 0.015741
11 0.844531 0.135648 0.014063 0.019444
4 0.844271 0.112500 0.038542 0.019444
4 0.861979 0.140741 0.012500 0.035185
3 0.913021 0.182407 0.019792 0.016667
2 0.895312 0.151852 0.041667 0.042593
8 0.678906 0.152778 0.003646 0.012963
1 0.679688 0.158796 0.007292 0.012037
7 0.700521 0.141667 0.003125 0.014815
8 0.695312 0.150463 0.003125 0.010185
1 0.694531 0.154167 0.004687 0.008333
7 0.723698 0.138889 0.002604 0.018519
