10 0.083088 0.805229 0.157353 0.258824
3 0.309191 0.853595 0.061029 0.138562
9 0.213971 0.677778 0.025000 0.058824
8 0.210662 0.671242 0.015441 0.050980
3 0.351471 0.648366 0.042647 0.094118
1 0.415441 0.584967 0.029412 0.032680
8 0.415441 0.576471 0.013235 0.039216
3 0.366544 0.530065 0.034559 0.071895
3 0.376838 0.473856 0.027206 0.050980
3 0.444118 0.498693 0.030882 0.061438
7 0.256250 0.431373 0.008088 0.044444
10 0.249632 0.397386 0.038971 0.049673
10 0.217647 0.325490 0.092647 0.057516
3 0.273897 0.311111 0.041912 0.028758
3 0.280147 0.301961 0.042647 0.028758
3 0.725735 0.951634 0.075000 0.094118
3 0.666176 0.756863 0.051471 0.091503
11 0.648529 0.615033 0.080882 0.074510
7 0.834191 0.623529 0.011029 0.044444
7 0.872426 0.629412 0.012500 0.050980
5 0.884926 0.842484 0.033088 0.045752
9 0.927206 0.724183 0.054412 0.060131
7 0.948162 0.705882 0.015441 0.060131
7 0.939706 0.705882 0.017647 0.049673
8 0.955147 0.721569 0.014706 0.036601
8 0.965074 0.718954 0.011029 0.039216
8 0.972794 0.707190 0.011765 0.026144
7 0.976471 0.694771 0.008824 0.056209
5 0.984926 0.750327 0.028676 0.036601
5 0.861029 0.638562 0.030882 0.035294
3 0.886029 0.605882 0.086765 0.066667
7 0.945956 0.579739 0.015441 0.048366
3 0.939706 0.535948 0.061765 0.052288
7 0.954779 0.544444 0.012500 0.045752
7 0.960662 0.540523 0.011029 0.048366
7 0.860662 0.532026 0.011029 0.041830
5 0.885294 0.522222 0.026471 0.037908
3 0.767279 0.587582 0.066912 0.050980
9 0.519853 0.530719 0.038235 0.060131
11 0.603309 0.528105 0.040441 0.060131
3 0.584559 0.482353 0.027941 0.054902
7 0.630147 0.518301 0.008824 0.040523
7 0.637132 0.511111 0.008088 0.044444
7 0.626471 0.511765 0.008824 0.043137
7 0.645588 0.507843 0.007353 0.045752
9 0.660294 0.507190 0.020588 0.070588
7 0.673162 0.513072 0.011029 0.040523
7 0.673897 0.504575 0.013971 0.036601
5 0.698897 0.494771 0.012500 0.030065
8 0.699632 0.485621 0.011029 0.032680
5 0.725000 0.520915 0.017647 0.030065
5 0.786397 0.549673 0.024265 0.040523
8 0.786765 0.545098 0.010294 0.039216
7 0.819853 0.516340 0.010294 0.044444
7 0.551471 0.456863 0.007353 0.043137
5 0.554412 0.454902 0.017647 0.039216
3 0.577941 0.441176 0.033824 0.048366
7 0.687132 0.450327 0.008088 0.037908
4 0.653309 0.410458 0.052206 0.112418
4 0.768382 0.457516 0.085294 0.115033
4 0.872794 0.442484 0.102941 0.116340
4 0.763603 0.314379 0.093382 0.103268
7 0.397059 0.429412 0.008824 0.037908
3 0.460662 0.400654 0.022794 0.043137
5 0.503676 0.450327 0.011765 0.030065
8 0.503676 0.440523 0.008824 0.036601
3 0.532353 0.419608 0.038235 0.044444
11 0.555882 0.390850 0.020588 0.041830
10 0.558824 0.354902 0.032353 0.050980
3 0.549632 0.330719 0.018382 0.031373
3 0.462868 0.294118 0.016912 0.028758
3 0.538603 0.289542 0.016912 0.024837
10 0.531618 0.250327 0.017647 0.037908
9 0.514338 0.249020 0.008088 0.022222
9 0.509559 0.227451 0.007353 0.023529
3 0.525368 0.228758 0.012500 0.018301
5 0.437500 0.256863 0.005882 0.016993
8 0.437132 0.250327 0.005147 0.016993
3 0.347426 0.275163 0.018382 0.027451
3 0.360662 0.244444 0.016912 0.023529
3 0.185662 0.303268 0.043382 0.026144
7 0.176838 0.269281 0.005147 0.023529
7 0.200735 0.270588 0.005882 0.026144
7 0.207353 0.276471 0.007353 0.027451
7 0.217647 0.264052 0.004412 0.023529
3 0.238235 0.237255 0.020588 0.024837
7 0.281618 0.220261 0.004412 0.019608
7 0.285662 0.221569 0.005147 0.019608
3 0.304412 0.222876 0.016176 0.022222
3 0.331618 0.237255 0.032353 0.022222
7 0.281618 0.198693 0.004412 0.018301
10 0.319118 0.204575 0.013235 0.022222
3 0.325000 0.190850 0.010294 0.018301
3 0.331985 0.175163 0.012500 0.015686
11 0.313235 0.161438 0.010294 0.019608
11 0.359559 0.120915 0.016176 0.014379
3 0.379412 0.212418 0.013235 0.019608
3 0.385294 0.191503 0.011765 0.022222
11 0.347426 0.194771 0.031618 0.023529
4 0.413235 0.084967 0.066176 0.075817
3 0.606250 0.268627 0.022794 0.024837
10 0.593382 0.220915 0.017647 0.033987
11 0.614706 0.234641 0.027941 0.027451
3 0.552941 0.181699 0.013235 0.018301
3 0.516176 0.190196 0.010294 0.016993
3 0.462500 0.188889 0.010294 0.016993
3 0.458456 0.165359 0.008088 0.014379
3 0.485294 0.177124 0.010294 0.016993
11 0.486029 0.164052 0.008824 0.016993
11 0.476838 0.133987 0.008088 0.011765
4 0.470221 0.076471 0.047794 0.100654
4 0.550000 0.097386 0.027941 0.032680
3 0.514706 0.103268 0.007353 0.010458
3 0.043382 0.637908 0.064706 0.094118
5 0.111397 0.561438 0.012500 0.043137
5 0.028309 0.508497 0.036029 0.036601
5 0.011397 0.501307 0.022794 0.032680
5 0.044118 0.459477 0.025000 0.032680
5 0.070221 0.456863 0.025735 0.030065
5 0.078309 0.445752 0.022794 0.028758
3 0.095588 0.388889 0.041176 0.048366
5 0.101838 0.362745 0.024265 0.022222
8 0.101103 0.354902 0.011029 0.027451
