4 0.612500 0.056863 0.045588 0.084967
4 0.556985 0.020261 0.018382 0.040523
4 0.509191 0.077124 0.018382 0.054902
4 0.472059 0.163399 0.047059 0.083660
3 0.730882 0.967320 0.066176 0.062745
11 0.580515 0.827451 0.028676 0.083660
3 0.504044 0.914379 0.034559 0.118954
3 0.559926 0.642484 0.021324 0.061438
3 0.632353 0.382353 0.032353 0.030065
3 0.625000 0.316993 0.035294 0.027451
3 0.605882 0.292810 0.027941 0.020915
11 0.322426 0.975817 0.074265 0.045752
3 0.334559 0.909804 0.079412 0.062745
3 0.363971 0.787582 0.061765 0.061438
3 0.434191 0.731373 0.031618 0.095425
9 0.445588 0.647059 0.023529 0.057516
3 0.483824 0.750327 0.025000 0.088889
3 0.405882 0.571895 0.045588 0.035294
3 0.407721 0.541176 0.043382 0.031373
3 0.518382 0.669935 0.025000 0.079739
3 0.487500 0.630719 0.023529 0.071895
3 0.491176 0.543791 0.019118 0.057516
3 0.522794 0.577124 0.022059 0.069281
3 0.513971 0.397386 0.019118 0.041830
3 0.558088 0.461438 0.017647 0.041830
7 0.452941 0.217647 0.002941 0.022222
3 0.459559 0.292157 0.030882 0.022222
3 0.463971 0.267320 0.033824 0.024837
3 0.465074 0.249673 0.033088 0.018301
3 0.498529 0.304575 0.022059 0.039216
9 0.557353 0.370588 0.010294 0.027451
8 0.556618 0.364706 0.005882 0.020915
3 0.647794 0.157516 0.014706 0.019608
3 0.620221 0.149673 0.021324 0.019608
7 0.572794 0.060131 0.001471 0.013072
3 0.523162 0.084967 0.008088 0.018301
3 0.584559 0.223529 0.013235 0.020915
3 0.532721 0.128105 0.009559 0.020915
3 0.541912 0.118954 0.005882 0.018301
3 0.538603 0.085621 0.009559 0.014379
7 0.539706 0.102614 0.002941 0.016993
3 0.534926 0.107190 0.008088 0.020915
3 0.599265 0.126797 0.019118 0.013072
3 0.598529 0.116993 0.020588 0.011765
3 0.595221 0.109804 0.019853 0.015686
9 0.583088 0.133333 0.004412 0.013072
3 0.556985 0.252941 0.011029 0.022222
3 0.559191 0.280392 0.013971 0.024837
5 0.588603 0.372549 0.003676 0.023529
8 0.588603 0.367320 0.005147 0.020915
5 0.577206 0.332680 0.004412 0.016993
8 0.577574 0.327451 0.005147 0.019608
