3 0.387868 0.877124 0.053676 0.135948
9 0.212868 0.941176 0.041912 0.115033
8 0.215441 0.976471 0.013235 0.044444
8 0.203676 0.969281 0.011765 0.030065
1 0.303309 0.790850 0.013971 0.062745
7 0.306250 0.776471 0.013971 0.039216
9 0.558824 0.827451 0.019118 0.075817
8 0.560662 0.809804 0.015441 0.030065
8 0.560294 0.839869 0.014706 0.030065
1 0.693382 0.890196 0.033824 0.033987
3 0.604779 0.969935 0.041912 0.057516
7 0.631618 0.968627 0.017647 0.039216
1 0.697794 0.966667 0.035294 0.032680
7 0.744118 0.983007 0.017647 0.028758
7 0.751471 0.966667 0.016176 0.037908
7 0.767279 0.974510 0.013971 0.040523
7 0.662868 0.798039 0.015441 0.040523
7 0.675000 0.794118 0.014706 0.045752
7 0.668382 0.773856 0.013235 0.044444
5 0.783824 0.770588 0.022059 0.071895
7 0.813971 0.845752 0.019118 0.036601
7 0.806985 0.833333 0.021324 0.035294
7 0.876838 0.867320 0.019853 0.040523
5 0.859926 0.910458 0.019853 0.071895
5 0.895588 0.950327 0.045588 0.057516
5 0.883456 0.976471 0.050735 0.044444
5 0.969485 0.975163 0.022794 0.047059
5 0.874632 0.987582 0.043382 0.022222
5 0.905882 0.731373 0.025000 0.058824
5 0.926471 0.729412 0.022059 0.067974
5 0.947794 0.734641 0.023529 0.060131
7 0.908824 0.677124 0.023529 0.041830
7 0.840809 0.449020 0.016912 0.040523
7 0.815441 0.445098 0.016176 0.040523
7 0.690441 0.698039 0.013235 0.036601
7 0.596324 0.673856 0.013235 0.040523
7 0.678676 0.581046 0.011765 0.043137
7 0.662500 0.575163 0.010294 0.041830
7 0.654779 0.567974 0.012500 0.045752
5 0.676838 0.500654 0.027206 0.033987
8 0.678676 0.487582 0.013235 0.033987
7 0.605147 0.434641 0.011765 0.043137
3 0.620588 0.393464 0.075000 0.054902
3 0.677941 0.309804 0.070588 0.060131
1 0.604044 0.348366 0.019853 0.035294
7 0.601103 0.345752 0.008088 0.040523
7 0.555147 0.366667 0.007353 0.040523
1 0.562132 0.324183 0.018382 0.036601
8 0.565074 0.320261 0.009559 0.033987
5 0.537500 0.359477 0.013235 0.041830
8 0.537500 0.349673 0.010294 0.030065
5 0.501838 0.408497 0.019853 0.040523
8 0.502206 0.401961 0.013235 0.035294
5 0.492647 0.373856 0.016176 0.039216
8 0.491544 0.362745 0.009559 0.035294
3 0.573162 0.283660 0.066912 0.065359
5 0.573162 0.217647 0.024265 0.027451
7 0.615809 0.188235 0.009559 0.033987
8 0.615809 0.179085 0.005147 0.018301
7 0.625000 0.154902 0.008824 0.040523
7 0.590074 0.126797 0.008088 0.039216
7 0.583456 0.125490 0.006618 0.039216
7 0.596691 0.122222 0.006618 0.040523
7 0.606985 0.104575 0.006618 0.041830
7 0.618750 0.083660 0.006618 0.033987
7 0.574265 0.124837 0.007353 0.035294
5 0.572794 0.126797 0.023529 0.026144
5 0.571324 0.100000 0.020588 0.024837
7 0.589706 0.099346 0.007353 0.026144
7 0.559191 0.086928 0.006618 0.030065
7 0.545956 0.037255 0.006618 0.035294
7 0.544118 0.014379 0.007353 0.028758
7 0.538603 0.009804 0.006618 0.019608
5 0.478676 0.211111 0.010294 0.035294
5 0.480515 0.153595 0.011029 0.040523
5 0.482353 0.080392 0.007353 0.032680
5 0.489338 0.049673 0.008088 0.028758
5 0.475000 0.040523 0.007353 0.031373
8 0.479779 0.205882 0.008088 0.035294
8 0.481985 0.211765 0.006618 0.026144
8 0.480147 0.147712 0.008824 0.026144
8 0.483088 0.072549 0.008824 0.027451
8 0.489338 0.043791 0.008088 0.030065
8 0.474632 0.030065 0.008088 0.026144
9 0.450000 0.091503 0.016176 0.052288
8 0.449632 0.075817 0.011029 0.020915
7 0.601838 0.020915 0.006618 0.033987
3 0.255882 0.547059 0.077941 0.090196
3 0.344118 0.442484 0.041176 0.111111
3 0.352574 0.314379 0.034559 0.095425
11 0.415074 0.248366 0.034559 0.086275
7 0.348162 0.226144 0.013971 0.041830
7 0.491912 0.179085 0.007353 0.036601
7 0.500735 0.173856 0.005882 0.041830
8 0.493750 0.175817 0.006618 0.019608
7 0.218750 0.436601 0.011029 0.041830
3 0.088971 0.439216 0.086765 0.073203
3 0.189338 0.221569 0.052206 0.074510
3 0.140809 0.265359 0.047794 0.073203
5 0.111029 0.277124 0.010294 0.047059
5 0.097794 0.287582 0.010294 0.044444
1 0.085662 0.277124 0.013971 0.036601
3 0.042647 0.351634 0.080882 0.057516
7 0.243015 0.122876 0.008088 0.033987
5 0.267279 0.111765 0.019853 0.024837
5 0.294118 0.058824 0.019118 0.028758
7 0.240809 0.038562 0.009559 0.043137
5 0.349265 0.016340 0.007353 0.032680
8 0.349265 0.011765 0.007353 0.023529
