3 0.153676 0.937908 0.020588 0.071895
3 0.077206 0.866013 0.041176 0.032680
3 0.093382 0.826144 0.039706 0.031373
3 0.126103 0.798039 0.043382 0.030065
3 0.330147 0.924183 0.019118 0.070588
3 0.332353 0.698039 0.016176 0.062745
3 0.334191 0.617647 0.013971 0.045752
7 0.317279 0.660784 0.005147 0.011765
3 0.373162 0.649673 0.013971 0.065359
3 0.372059 0.566013 0.016176 0.065359
7 0.333824 0.564706 0.007353 0.010458
7 0.386397 0.817647 0.008088 0.019608
3 0.188971 0.547712 0.035294 0.026144
3 0.220588 0.452288 0.019118 0.062745
3 0.300735 0.405229 0.017647 0.060131
7 0.266176 0.435948 0.005882 0.016993
3 0.045221 0.543791 0.036029 0.031373
3 0.043750 0.455556 0.030147 0.024837
3 0.079779 0.381699 0.019853 0.065359
7 0.059926 0.403268 0.006618 0.006536
7 0.037500 0.416340 0.007353 0.006536
7 0.035662 0.409804 0.008088 0.006536
7 0.038235 0.400000 0.008824 0.007843
7 0.040441 0.390850 0.008824 0.007843
7 0.048529 0.394771 0.007353 0.007843
10 0.146324 0.331373 0.016176 0.043137
3 0.445588 0.909150 0.017647 0.069281
11 0.542647 0.973203 0.013235 0.050980
3 0.511765 0.811765 0.016176 0.070588
3 0.537868 0.794118 0.016912 0.066667
3 0.451471 0.768627 0.016176 0.065359
3 0.480515 0.730719 0.015441 0.062745
5 0.431985 0.818954 0.008088 0.024837
8 0.431985 0.820915 0.008088 0.013072
3 0.618382 0.662092 0.017647 0.066667
3 0.449632 0.655556 0.015441 0.066667
3 0.481250 0.567974 0.016912 0.066667
5 0.556618 0.624837 0.005882 0.020915
8 0.556618 0.626797 0.005882 0.014379
11 0.624632 0.551634 0.027206 0.049673
3 0.626838 0.489542 0.034559 0.056209
3 0.536029 0.493464 0.014706 0.058824
3 0.476471 0.419608 0.017647 0.065359
3 0.446691 0.407190 0.016912 0.071895
3 0.373897 0.407190 0.018382 0.064052
3 0.477941 0.295425 0.017647 0.067974
3 0.372794 0.270588 0.013235 0.057516
3 0.480147 0.200000 0.014706 0.060131
3 0.447059 0.150980 0.013235 0.064052
3 0.332353 0.065359 0.020588 0.060131
3 0.372794 0.034641 0.014706 0.061438
3 0.470221 0.047059 0.016912 0.062745
3 0.537500 0.043791 0.014706 0.058824
3 0.509191 0.021569 0.013971 0.043137
7 0.326103 0.190196 0.003676 0.014379
7 0.387868 0.062745 0.005147 0.015686
7 0.381985 0.060131 0.003676 0.013072
7 0.608456 0.015686 0.005147 0.028758
5 0.614706 0.032026 0.004412 0.030065
8 0.614706 0.031373 0.004412 0.018301
3 0.770588 0.932026 0.035294 0.028758
3 0.658088 0.869935 0.030882 0.058824
3 0.712868 0.796078 0.037500 0.031373
3 0.775000 0.808497 0.039706 0.032680
11 0.936765 0.795425 0.033824 0.030065
3 0.936397 0.756209 0.038971 0.030065
3 0.938971 0.715686 0.038235 0.032680
11 0.946691 0.681699 0.033088 0.027451
3 0.823162 0.646405 0.040441 0.030065
3 0.820956 0.605882 0.041912 0.027451
11 0.825368 0.573203 0.031618 0.022222
3 0.945588 0.562092 0.038235 0.028758
3 0.829779 0.532680 0.031618 0.037908
11 0.831250 0.493464 0.030147 0.024837
3 0.879044 0.470588 0.018382 0.065359
3 0.938971 0.486928 0.038235 0.035294
3 0.939706 0.448366 0.036765 0.031373
3 0.965074 0.135294 0.022794 0.069281
3 0.940809 0.144444 0.033088 0.061438
