8 0.033073 0.857870 0.013021 0.039815
1 0.032813 0.881481 0.019792 0.040741
8 0.049479 0.906019 0.014583 0.049074
1 0.047917 0.925000 0.014583 0.038889
7 0.067708 0.665741 0.007292 0.038889
7 0.059635 0.666667 0.005729 0.035185
7 0.060677 0.680093 0.006771 0.041667
8 0.060937 0.770833 0.012500 0.041667
1 0.061458 0.791204 0.014583 0.032407
8 0.090365 0.715278 0.010937 0.030556
1 0.090885 0.733796 0.013021 0.028704
8 0.107031 0.733333 0.009896 0.038889
1 0.108594 0.747685 0.014063 0.028704
3 0.336198 0.872222 0.041146 0.109259
3 0.443229 0.956019 0.047917 0.086111
3 0.476562 0.862037 0.045833 0.083333
3 0.529427 0.866204 0.048438 0.082407
3 0.503646 0.770833 0.040625 0.065741
3 0.413021 0.784722 0.037500 0.073148
3 0.459896 0.656481 0.030208 0.044444
3 0.427083 0.678241 0.030208 0.049074
3 0.379948 0.629167 0.027604 0.045370
3 0.428125 0.548611 0.025000 0.041667
11 0.395573 0.539352 0.023438 0.039815
3 0.365885 0.537037 0.021354 0.033333
2 0.212760 0.598148 0.045312 0.148148
2 0.420312 0.447685 0.034375 0.071296
3 0.397656 0.464815 0.020313 0.029630
3 0.389844 0.434722 0.015104 0.025000
3 0.369792 0.443056 0.017708 0.030556
3 0.346875 0.449074 0.015625 0.024074
3 0.353385 0.487037 0.018229 0.031481
3 0.346615 0.421296 0.015104 0.022222
3 0.375521 0.402315 0.013542 0.019444
3 0.335677 0.390741 0.013021 0.018519
2 0.391667 0.382870 0.023958 0.041667
3 0.369010 0.379630 0.013021 0.020370
3 0.347135 0.364815 0.010937 0.016667
3 0.363021 0.364815 0.011458 0.014815
3 0.269531 0.407870 0.013021 0.023148
3 0.287500 0.358796 0.011458 0.017593
2 0.328646 0.336111 0.016667 0.040741
3 0.344010 0.343056 0.009896 0.015741
3 0.354687 0.332870 0.009375 0.013889
3 0.361458 0.349074 0.009375 0.012963
3 0.347135 0.313889 0.009896 0.012963
3 0.334375 0.315278 0.009375 0.013889
2 0.377344 0.341204 0.024479 0.047222
2 0.352344 0.280556 0.014063 0.027778
3 0.273438 0.301389 0.008333 0.012037
3 0.317188 0.300926 0.008333 0.011111
3 0.326042 0.296759 0.008333 0.010185
3 0.316406 0.286111 0.007812 0.012963
3 0.338281 0.284722 0.006771 0.010185
3 0.335938 0.280093 0.007292 0.010185
3 0.344531 0.270833 0.004687 0.008333
3 0.333594 0.270370 0.006771 0.009259
3 0.333854 0.275926 0.007292 0.007407
3 0.276302 0.275000 0.006771 0.011111
3 0.304427 0.271759 0.006771 0.010185
3 0.312760 0.265741 0.005729 0.009259
3 0.323958 0.273148 0.006250 0.009259
3 0.322135 0.265278 0.005729 0.008333
3 0.331771 0.262963 0.006250 0.011111
3 0.289583 0.255093 0.005208 0.008333
3 0.283333 0.251852 0.005208 0.009259
3 0.313281 0.247222 0.004687 0.007407
3 0.322396 0.257870 0.005208 0.008333
3 0.330469 0.256944 0.005729 0.008333
3 0.322396 0.252315 0.004167 0.006481
3 0.329688 0.249074 0.003125 0.005556
3 0.320573 0.246296 0.004687 0.009259
3 0.329948 0.243519 0.004687 0.007407
3 0.327083 0.239352 0.004167 0.006481
3 0.332813 0.239815 0.004167 0.007407
3 0.288281 0.235648 0.003646 0.006481
3 0.292969 0.239815 0.004687 0.007407
3 0.307812 0.235648 0.004167 0.006481
3 0.313021 0.241667 0.005208 0.007407
3 0.288802 0.226852 0.003646 0.005556
3 0.286198 0.224537 0.003646 0.006481
3 0.295573 0.225000 0.003646 0.005556
2 0.329427 0.228704 0.007812 0.016667
3 0.320312 0.239815 0.004167 0.007407
3 0.313542 0.237963 0.004167 0.005556
4 0.312240 0.189815 0.029687 0.027778
4 0.303906 0.205556 0.054688 0.025926
11 0.274479 0.252315 0.005208 0.008333
3 0.313281 0.233796 0.003646 0.004630
3 0.319271 0.231944 0.004167 0.004630
3 0.321354 0.235185 0.003125 0.005556
3 0.335417 0.226852 0.004167 0.007407
3 0.314063 0.229630 0.004167 0.005556
3 0.314583 0.224537 0.004167 0.004630
11 0.321094 0.225463 0.004687 0.008333
10 0.041927 0.652315 0.076563 0.149074
