3 0.157031 0.971296 0.127604 0.055556
11 0.395052 0.963426 0.102604 0.071296
3 0.428906 0.811574 0.092188 0.134259
3 0.764583 0.636111 0.059375 0.090741
3 0.943229 0.592130 0.045833 0.062037
3 0.565625 0.928241 0.071875 0.141667
3 0.573958 0.729630 0.097917 0.096296
3 0.620833 0.455093 0.069792 0.050926
7 0.673177 0.365741 0.006771 0.033333
8 0.683854 0.401852 0.010417 0.033333
5 0.683594 0.410185 0.011979 0.031481
3 0.869531 0.452778 0.040104 0.055556
2 0.859375 0.234259 0.057292 0.077778
7 0.799219 0.245833 0.004687 0.032407
8 0.803125 0.239815 0.003125 0.024074
8 0.805729 0.238426 0.005208 0.015741
7 0.814583 0.247222 0.006250 0.025926
7 0.815104 0.232870 0.006250 0.030556
7 0.823438 0.248611 0.005208 0.026852
7 0.828646 0.247222 0.005208 0.029630
3 0.914844 0.258333 0.025521 0.033333
3 0.895052 0.187500 0.022396 0.026852
3 0.906771 0.175926 0.020833 0.024074
3 0.925260 0.164352 0.020313 0.023148
3 0.934896 0.150926 0.017708 0.022222
11 0.956771 0.176389 0.022917 0.028704
3 0.953125 0.134722 0.016667 0.021296
3 0.980990 0.136111 0.019271 0.020370
3 0.993490 0.160185 0.011979 0.022222
3 0.970052 0.118056 0.019271 0.019444
3 0.995313 0.105556 0.008333 0.014815
7 0.987760 0.116204 0.002604 0.012037
4 0.044271 0.098611 0.038542 0.034259
8 0.011458 0.091667 0.005208 0.016667
1 0.010937 0.095833 0.012500 0.015741
3 0.033333 0.389815 0.066667 0.055556
11 0.024219 0.375926 0.048438 0.053704
3 0.017708 0.351389 0.035417 0.041667
3 0.073698 0.312037 0.066146 0.042593
11 0.084896 0.327315 0.062500 0.050926
3 0.097917 0.346759 0.062500 0.047222
11 0.113542 0.359259 0.055208 0.044444
7 0.238802 0.190278 0.004687 0.026852
3 0.253906 0.209259 0.034896 0.031481
7 0.273177 0.200926 0.003646 0.024074
3 0.206250 0.265741 0.054167 0.038889
11 0.227083 0.279630 0.048958 0.037037
11 0.240625 0.286574 0.047917 0.037963
11 0.255729 0.300926 0.051042 0.046296
7 0.294792 0.131944 0.005208 0.017593
1 0.284896 0.124074 0.007292 0.016667
5 0.314583 0.117130 0.008333 0.017593
1 0.307292 0.119444 0.008333 0.016667
8 0.327344 0.114352 0.005729 0.015741
7 0.346094 0.108796 0.003646 0.021296
3 0.293490 0.177778 0.038021 0.029630
11 0.310156 0.184259 0.025521 0.027778
11 0.326562 0.190278 0.035417 0.034259
3 0.338281 0.203241 0.039062 0.032407
3 0.351823 0.208796 0.040104 0.030556
3 0.365365 0.216204 0.038021 0.034259
11 0.339062 0.163889 0.033333 0.025926
3 0.353646 0.172685 0.032292 0.025000
3 0.380208 0.184259 0.035417 0.033333
3 0.396094 0.195370 0.034896 0.025926
11 0.400000 0.168981 0.035417 0.026852
3 0.407813 0.140278 0.032292 0.023148
11 0.420052 0.146759 0.028646 0.028704
3 0.436719 0.154630 0.038021 0.025926
3 0.489583 0.155556 0.035417 0.027778
3 0.509635 0.165278 0.034896 0.025000
3 0.494531 0.187037 0.030729 0.033333
3 0.442448 0.131481 0.034896 0.024074
3 0.451823 0.137963 0.030729 0.024074
3 0.497656 0.114815 0.021354 0.020370
11 0.508594 0.119444 0.026562 0.027778
3 0.525521 0.127778 0.030208 0.025926
3 0.541927 0.133796 0.026562 0.023148
3 0.529167 0.110185 0.026042 0.020370
3 0.538281 0.116204 0.025521 0.023148
3 0.552604 0.121296 0.028125 0.020370
3 0.564583 0.129167 0.027083 0.019444
8 0.535937 0.071296 0.003125 0.012963
8 0.538542 0.069444 0.004167 0.011111
8 0.552344 0.075463 0.002604 0.008333
11 0.575000 0.096759 0.021875 0.025000
3 0.586198 0.101852 0.021354 0.020370
3 0.600781 0.107407 0.024479 0.020370
3 0.599740 0.091204 0.019271 0.017593
7 0.589323 0.058333 0.002604 0.018519
7 0.594792 0.061111 0.003125 0.018519
3 0.623437 0.101852 0.027083 0.020370
7 0.649219 0.049074 0.002604 0.012963
4 0.688021 0.041667 0.067708 0.031481
11 0.652083 0.084722 0.018750 0.021296
3 0.665885 0.088426 0.023438 0.017593
4 0.782813 0.025000 0.046875 0.025926
4 0.709635 0.084259 0.058854 0.046296
