3 0.410662 0.854248 0.055147 0.200000
3 0.511397 0.617647 0.043382 0.108497
3 0.376103 0.488889 0.036029 0.109804
7 0.392647 0.446405 0.008824 0.048366
3 0.503676 0.382353 0.030882 0.069281
3 0.581250 0.336601 0.030147 0.053595
3 0.620956 0.253595 0.055147 0.047059
3 0.638971 0.290850 0.064706 0.053595
3 0.525735 0.089542 0.016176 0.030065
10 0.479779 0.107843 0.019853 0.048366
3 0.491912 0.063399 0.016176 0.037908
3 0.482721 0.028105 0.013971 0.030065
3 0.463603 0.066013 0.015441 0.032680
10 0.435294 0.086928 0.033824 0.074510
3 0.437132 0.039869 0.016912 0.032680
3 0.978309 0.620915 0.041912 0.065359
9 0.700368 0.928758 0.036029 0.118954
9 0.052206 0.822876 0.082353 0.113725
9 0.322794 0.552288 0.023529 0.069281
5 0.459559 0.018301 0.004412 0.015686
7 0.459559 0.011111 0.002941 0.016993
7 0.540809 0.142484 0.005147 0.031373
7 0.536397 0.156863 0.005147 0.031373
7 0.550000 0.162092 0.004412 0.031373
7 0.555882 0.162745 0.004412 0.030065
7 0.562868 0.164052 0.005147 0.030065
7 0.565441 0.168627 0.005882 0.028758
7 0.219853 0.624183 0.017647 0.061438
7 0.201838 0.668627 0.016912 0.064052
7 0.335662 0.854902 0.013971 0.075817
7 0.320221 0.869935 0.009559 0.053595
7 0.225000 0.830719 0.014706 0.077124
7 0.607353 0.626144 0.010294 0.065359
7 0.622426 0.664706 0.012500 0.058824
5 0.641544 0.775163 0.025735 0.057516
7 0.642279 0.771895 0.019853 0.074510
8 0.250000 0.845098 0.017647 0.056209
9 0.497059 0.286275 0.019118 0.044444
7 0.497794 0.268627 0.005882 0.024837
7 0.739338 0.627451 0.012500 0.060131
7 0.753676 0.640523 0.007353 0.044444
7 0.028309 0.767974 0.019853 0.066667
8 0.291544 0.564052 0.018382 0.043137
8 0.303676 0.550327 0.010294 0.041830
8 0.158088 0.578431 0.020588 0.043137
5 0.287500 0.447712 0.029412 0.064052
7 0.181618 0.576471 0.005882 0.031373
7 0.103676 0.840523 0.025000 0.062745
7 0.058456 0.885621 0.021324 0.069281
7 0.039338 0.882353 0.016912 0.065359
5 0.024632 0.828758 0.024265 0.049673
3 0.300368 0.362092 0.049265 0.083660
5 0.515074 0.305229 0.008088 0.032680
7 0.517647 0.303268 0.007353 0.026144
7 0.516544 0.292157 0.008088 0.030065
1 0.535662 0.318954 0.013971 0.031373
7 0.536029 0.306536 0.008824 0.030065
5 0.546324 0.269281 0.008824 0.031373
7 0.546691 0.258824 0.008088 0.028758
7 0.559191 0.284314 0.008088 0.043137
7 0.567279 0.290850 0.003676 0.030065
7 0.574265 0.297386 0.005882 0.035294
11 0.576471 0.230065 0.022059 0.052288
7 0.695588 0.332026 0.007353 0.044444
7 0.698162 0.315686 0.009559 0.037908
7 0.684191 0.309150 0.006618 0.035294
7 0.687500 0.300654 0.004412 0.018301
7 0.679779 0.297386 0.009559 0.040523
5 0.728309 0.394118 0.009559 0.037908
5 0.719118 0.377778 0.010294 0.036601
5 0.708088 0.377778 0.010294 0.039216
1 0.718382 0.400000 0.014706 0.041830
1 0.674265 0.473203 0.025000 0.044444
1 0.690809 0.421569 0.021324 0.043137
1 0.682353 0.380392 0.025000 0.023529
5 0.669118 0.402614 0.022059 0.036601
7 0.658456 0.375817 0.012500 0.035294
5 0.656985 0.373856 0.036029 0.041830
7 0.730515 0.593464 0.013971 0.049673
7 0.744853 0.590850 0.010294 0.054902
7 0.631618 0.734641 0.014706 0.065359
7 0.921324 0.835294 0.016176 0.067974
7 0.950368 0.941176 0.019853 0.060131
7 0.963971 0.977778 0.027941 0.036601
7 0.944118 0.981046 0.016176 0.035294
