8 0.234926 0.937255 0.036029 0.081046
8 0.251103 0.898039 0.036029 0.081046
8 0.180147 0.871242 0.027941 0.056209
9 0.127941 0.854902 0.097059 0.175163
8 0.109926 0.873203 0.043382 0.086275
10 0.158456 0.677124 0.175735 0.214379
1 0.331985 0.537908 0.019853 0.066667
1 0.300000 0.516993 0.026471 0.058824
8 0.329412 0.516340 0.019118 0.067974
8 0.301471 0.493464 0.017647 0.069281
3 0.198529 0.444444 0.077941 0.115033
3 0.270588 0.450327 0.063235 0.108497
3 0.370221 0.388235 0.056618 0.120261
3 0.466544 0.333333 0.088971 0.078431
5 0.512132 0.341830 0.024265 0.048366
7 0.162132 0.363399 0.016912 0.070588
3 0.041544 0.179085 0.083088 0.057516
3 0.059191 0.150327 0.080147 0.054902
3 0.098529 0.129412 0.077941 0.057516
3 0.119853 0.086275 0.054412 0.044444
3 0.133088 0.063399 0.064706 0.048366
3 0.166544 0.029412 0.050735 0.043137
9 0.198162 0.016993 0.021324 0.031373
3 0.271324 0.184967 0.076471 0.056209
3 0.282353 0.147712 0.058824 0.044444
3 0.289706 0.124837 0.066176 0.048366
3 0.304412 0.092810 0.060294 0.044444
3 0.309191 0.077778 0.055147 0.040523
3 0.329779 0.043137 0.052206 0.041830
3 0.336029 0.018954 0.061765 0.037908
3 0.377574 0.147712 0.034559 0.067974
3 0.392279 0.104575 0.065441 0.049673
3 0.391176 0.081699 0.060294 0.048366
7 0.430882 0.083007 0.007353 0.040523
10 0.406250 0.034641 0.056618 0.040523
3 0.414706 0.024183 0.051471 0.037908
7 0.457721 0.052288 0.009559 0.039216
7 0.482353 0.041830 0.007353 0.039216
7 0.480147 0.034641 0.007353 0.037908
0 0.615441 0.596078 0.104412 0.154248
0 0.563971 0.430065 0.083824 0.115033
1 0.587500 0.373203 0.027941 0.048366
5 0.623529 0.396732 0.014706 0.053595
7 0.623529 0.471242 0.011765 0.045752
7 0.666912 0.481046 0.014706 0.044444
5 0.555147 0.370588 0.019118 0.043137
7 0.565441 0.335948 0.008824 0.062745
7 0.592279 0.345752 0.011029 0.058824
7 0.607721 0.350327 0.008088 0.075817
7 0.594853 0.319608 0.008824 0.050980
7 0.615074 0.382353 0.024265 0.069281
8 0.706618 0.457516 0.016176 0.041830
8 0.701103 0.497386 0.016912 0.040523
8 0.723897 0.499346 0.012500 0.044444
7 0.675735 0.545752 0.013235 0.069281
9 0.649265 0.539216 0.076471 0.069281
0 0.733088 0.598039 0.102941 0.152941
7 0.762868 0.650327 0.015441 0.061438
7 0.770588 0.632680 0.013235 0.067974
7 0.746324 0.505882 0.013235 0.067974
0 0.786397 0.527451 0.072794 0.179085
3 0.808088 0.477778 0.125000 0.113725
5 0.758456 0.404575 0.036029 0.053595
0 0.875368 0.564706 0.046324 0.133333
3 0.933824 0.507843 0.130882 0.126797
5 0.821691 0.319608 0.021324 0.058824
