7 0.027574 0.505229 0.002206 0.019608
8 0.175735 0.616993 0.005882 0.015686
8 0.652574 0.494118 0.003676 0.007843
8 0.712132 0.454902 0.003676 0.010458
7 0.837500 0.689542 0.007353 0.040523
7 0.838971 0.679085 0.007353 0.040523
7 0.812868 0.647059 0.009559 0.036601
7 0.807353 0.650327 0.007353 0.032680
7 0.801838 0.643137 0.005147 0.028758
8 0.799265 0.630719 0.005882 0.022222
7 0.790809 0.645098 0.005147 0.035294
7 0.789706 0.666013 0.005882 0.030065
7 0.782721 0.673203 0.003676 0.023529
7 0.777574 0.662092 0.005147 0.032680
7 0.772794 0.668627 0.007353 0.035294
7 0.762132 0.666667 0.005147 0.033987
7 0.758456 0.666667 0.003676 0.031373
7 0.762132 0.660131 0.006618 0.036601
7 0.767279 0.654248 0.002206 0.030065
7 0.770221 0.643137 0.006618 0.033987
7 0.776471 0.654248 0.007353 0.032680
7 0.779779 0.647712 0.005147 0.030065
7 0.773897 0.615686 0.003676 0.031373
7 0.779044 0.616993 0.003676 0.036601
7 0.748162 0.671895 0.006618 0.031373
7 0.741544 0.664052 0.006618 0.033987
8 0.734926 0.674510 0.008088 0.020915
8 0.732353 0.666667 0.008824 0.023529
8 0.710294 0.667320 0.008824 0.016993
8 0.713603 0.665359 0.011029 0.028758
8 0.945956 0.609804 0.006618 0.016993
7 0.547794 0.898693 0.016176 0.071895
