2 0.591176 0.831373 0.052941 0.135948
3 0.275735 0.783007 0.045588 0.086275
11 0.297794 0.668627 0.033824 0.066667
11 0.188603 0.562745 0.033088 0.050980
3 0.160294 0.553595 0.029412 0.043137
3 0.119853 0.563399 0.036765 0.036601
3 0.163971 0.535294 0.041176 0.032680
3 0.574632 0.416340 0.011029 0.016993
11 0.566176 0.396732 0.008824 0.014379
3 0.573162 0.382353 0.008088 0.011765
9 0.590809 0.390196 0.005147 0.016993
3 0.588971 0.373203 0.008824 0.014379
10 0.575735 0.339216 0.044118 0.027451
10 0.535294 0.348366 0.026471 0.019608
3 0.493015 0.349673 0.021324 0.011765
3 0.440074 0.339216 0.011029 0.014379
2 0.395221 0.334641 0.033088 0.023529
3 0.426103 0.328105 0.011029 0.010458
11 0.423529 0.321569 0.011765 0.010458
3 0.413603 0.305882 0.006618 0.007843
10 0.398162 0.311765 0.008088 0.024837
3 0.387132 0.307190 0.005147 0.007843
3 0.394118 0.292810 0.004412 0.007843
3 0.461397 0.319608 0.012500 0.009150
3 0.453309 0.324183 0.013971 0.010458
2 0.568382 0.322222 0.027941 0.016993
11 0.199632 0.452288 0.016912 0.031373
11 0.233824 0.403922 0.016176 0.028758
11 0.264338 0.375817 0.021324 0.016993
10 0.281618 0.474510 0.055882 0.033987
3 0.276838 0.455556 0.041912 0.019608
9 0.283456 0.445098 0.033088 0.019608
11 0.295221 0.434641 0.031618 0.024837
10 0.300000 0.426144 0.032353 0.026144
10 0.308824 0.401961 0.036765 0.030065
10 0.316544 0.363399 0.012500 0.028758
5 0.164338 0.494771 0.012500 0.016993
1 0.091176 0.577778 0.019118 0.020915
4 0.068750 0.560131 0.019853 0.035294
9 0.012868 0.592810 0.025735 0.022222
10 0.340809 0.347059 0.056618 0.024837
2 0.323162 0.328758 0.038971 0.027451
4 0.384559 0.272549 0.020588 0.019608
3 0.409559 0.273856 0.002941 0.006536
3 0.341912 0.293464 0.004412 0.006536
3 0.343750 0.287582 0.006618 0.005229
5 0.063603 0.676471 0.015441 0.027451
