11 0.061397 0.765359 0.078676 0.179085
8 0.301471 0.574510 0.023529 0.079739
5 0.301838 0.584967 0.056618 0.061438
7 0.297794 0.549020 0.020588 0.081046
7 0.290441 0.527451 0.020588 0.074510
11 0.527941 0.543791 0.111765 0.117647
8 0.578309 0.421569 0.015441 0.053595
9 0.591912 0.429412 0.063235 0.061438
3 0.809926 0.424837 0.087500 0.083660
7 0.222794 0.443791 0.017647 0.066667
3 0.261397 0.319608 0.099265 0.061438
7 0.126471 0.402614 0.013235 0.065359
7 0.161397 0.390850 0.013971 0.065359
9 0.144118 0.385621 0.032353 0.088889
7 0.079044 0.197386 0.011029 0.044444
11 0.080882 0.113725 0.020588 0.041830
3 0.006618 0.103922 0.013235 0.043137
3 0.006618 0.062092 0.013235 0.035294
11 0.006618 0.026797 0.013235 0.037908
11 0.067647 0.007190 0.026471 0.014379
5 0.157721 0.247712 0.027206 0.030065
7 0.256985 0.205882 0.009559 0.045752
7 0.243015 0.201961 0.012500 0.045752
11 0.232721 0.168627 0.056618 0.067974
11 0.226838 0.152288 0.049265 0.056209
11 0.218750 0.143791 0.052206 0.060131
3 0.653309 0.316993 0.081618 0.061438
10 0.394485 0.260784 0.069853 0.069281
3 0.733088 0.215686 0.042647 0.052288
3 0.772426 0.220915 0.041912 0.049673
11 0.689338 0.210458 0.049265 0.054902
7 0.846691 0.222222 0.009559 0.041830
3 0.866912 0.204575 0.060294 0.050980
9 0.733824 0.154248 0.038235 0.044444
7 0.753676 0.166667 0.005882 0.035294
7 0.760662 0.170588 0.008088 0.040523
7 0.762868 0.156209 0.008088 0.030065
7 0.772794 0.169281 0.005882 0.037908
7 0.772794 0.150327 0.007353 0.031373
7 0.757353 0.124837 0.007353 0.035294
7 0.776103 0.135948 0.006618 0.033987
5 0.764338 0.143137 0.011029 0.027451
5 0.829044 0.131373 0.015441 0.027451
1 0.810294 0.108497 0.010294 0.020915
5 0.849265 0.096732 0.010294 0.026144
1 0.874265 0.123529 0.020588 0.030065
11 0.906985 0.146405 0.037500 0.039216
