7 0.879779 0.907843 0.016912 0.056209
7 0.846691 0.837255 0.015441 0.050980
3 0.579412 0.832680 0.042647 0.151634
3 0.437868 0.812418 0.043382 0.145098
11 0.428309 0.957516 0.040441 0.082353
5 0.332721 0.709804 0.012500 0.049673
1 0.362500 0.772549 0.026471 0.041830
5 0.384191 0.749673 0.033088 0.030065
5 0.387868 0.685621 0.031618 0.032680
7 0.349632 0.513072 0.011029 0.024837
7 0.959191 0.590850 0.016912 0.049673
8 0.976103 0.601961 0.016912 0.037908
7 0.478676 0.661438 0.007353 0.044444
7 0.498162 0.645098 0.012500 0.040523
7 0.509926 0.649020 0.006618 0.045752
3 0.500368 0.721569 0.044853 0.128105
3 0.495956 0.520261 0.033088 0.099346
3 0.454412 0.521569 0.032353 0.094118
3 0.465074 0.435948 0.034559 0.090196
3 0.459191 0.358824 0.049265 0.079739
5 0.407721 0.198039 0.006618 0.024837
8 0.418015 0.098039 0.006618 0.020915
3 0.429412 0.018301 0.039706 0.028758
3 0.437500 0.010458 0.032353 0.020915
3 0.469118 0.279739 0.023529 0.065359
11 0.476471 0.222876 0.023529 0.066667
3 0.473897 0.166013 0.022794 0.054902
3 0.476103 0.119608 0.019853 0.045752
3 0.481250 0.085621 0.016912 0.043137
3 0.480147 0.043791 0.019118 0.043137
11 0.521691 0.091503 0.018382 0.039216
5 0.530515 0.039216 0.003676 0.020915
8 0.530147 0.033987 0.004412 0.018301
5 0.846324 0.545752 0.029412 0.037908
5 0.840074 0.504575 0.030147 0.036601
5 0.836397 0.480392 0.025735 0.035294
3 0.727206 0.444444 0.041176 0.075817
3 0.691176 0.296078 0.027941 0.053595
3 0.705882 0.356863 0.032353 0.060131
3 0.634559 0.135948 0.019118 0.039216
3 0.680147 0.238562 0.025000 0.045752
3 0.666544 0.179085 0.022794 0.039216
7 0.609926 0.008497 0.006618 0.016993
3 0.632721 0.037255 0.019853 0.030065
3 0.640441 0.062745 0.016176 0.028758
3 0.647794 0.098039 0.016176 0.031373
3 0.943015 0.424183 0.049265 0.035294
3 0.924265 0.390850 0.054412 0.044444
3 0.907353 0.356209 0.052941 0.050980
3 0.880147 0.300000 0.052941 0.045752
3 0.857353 0.245752 0.058824 0.047059
3 0.832721 0.191503 0.050735 0.037908
3 0.825368 0.166013 0.049265 0.036601
3 0.810294 0.146405 0.042647 0.036601
3 0.976838 0.184967 0.036029 0.056209
3 0.976103 0.071242 0.031618 0.040523
3 0.887132 0.073203 0.025735 0.039216
3 0.915441 0.067974 0.029412 0.039216
3 0.866912 0.072549 0.027941 0.035294
