3 0.149265 0.849673 0.126471 0.120261
3 0.251103 0.901307 0.103676 0.163399
3 0.327941 0.745752 0.060294 0.118954
9 0.295588 0.622876 0.019118 0.045752
8 0.177574 0.641830 0.013971 0.036601
7 0.216176 0.642484 0.013235 0.053595
7 0.234191 0.638562 0.012500 0.053595
7 0.169853 0.571895 0.011765 0.045752
7 0.361397 0.562092 0.015441 0.044444
7 0.385662 0.558824 0.013971 0.050980
8 0.377941 0.495425 0.008824 0.036601
5 0.378676 0.501307 0.008824 0.032680
7 0.301103 0.462745 0.008088 0.039216
8 0.246691 0.362745 0.008088 0.030065
1 0.246324 0.369281 0.019118 0.022222
1 0.172059 0.267320 0.008824 0.016993
5 0.179044 0.267974 0.011029 0.013072
11 0.168750 0.209804 0.021324 0.024837
11 0.152206 0.209804 0.020588 0.024837
3 0.203676 0.301307 0.033824 0.030065
3 0.242647 0.305882 0.032353 0.028758
3 0.236765 0.321569 0.045588 0.028758
3 0.292279 0.323529 0.047794 0.027451
8 0.291176 0.329412 0.007353 0.026144
1 0.291544 0.335294 0.018382 0.016993
5 0.412868 0.298039 0.013971 0.018301
8 0.664706 0.777778 0.013235 0.049673
1 0.664338 0.792157 0.015441 0.060131
8 0.761029 0.697386 0.019118 0.043137
3 0.943382 0.350980 0.051471 0.035294
3 0.987868 0.356209 0.022794 0.027451
8 0.905882 0.360784 0.007353 0.020915
5 0.902941 0.366013 0.017647 0.013072
11 0.836765 0.343791 0.036765 0.036601
3 0.742647 0.382353 0.052941 0.032680
8 0.726103 0.449673 0.011029 0.028758
5 0.725368 0.460131 0.021324 0.026144
8 0.638603 0.376471 0.008088 0.023529
5 0.638971 0.382353 0.017647 0.022222
3 0.580147 0.360784 0.045588 0.039216
7 0.399265 0.361438 0.005882 0.027451
8 0.471691 0.379739 0.006618 0.027451
5 0.471324 0.384314 0.017647 0.020915
8 0.420221 0.370588 0.008088 0.024837
5 0.419853 0.376471 0.017647 0.020915
3 0.359191 0.455556 0.063971 0.048366
8 0.377574 0.367320 0.006618 0.031373
8 0.473897 0.321569 0.005147 0.018301
7 0.379779 0.352288 0.003676 0.030065
7 0.384191 0.352288 0.006618 0.032680
5 0.375368 0.370588 0.016912 0.024837
9 0.473897 0.325490 0.009559 0.026144
3 0.524632 0.284967 0.015441 0.026144
11 0.517647 0.247712 0.011765 0.024837
3 0.492647 0.284314 0.017647 0.032680
3 0.490074 0.269281 0.013971 0.023529
3 0.484926 0.251634 0.013971 0.022222
3 0.483824 0.238562 0.011765 0.019608
3 0.485294 0.226797 0.011765 0.019608
11 0.467647 0.208497 0.013235 0.024837
3 0.483824 0.201961 0.011765 0.019608
8 0.455882 0.216993 0.002941 0.018301
1 0.456250 0.218301 0.003676 0.015686
7 0.459191 0.161438 0.002206 0.011765
7 0.471691 0.166667 0.002206 0.014379
7 0.465441 0.130719 0.001471 0.013072
7 0.502206 0.124183 0.001471 0.010458
8 0.495588 0.132680 0.001471 0.009150
1 0.495956 0.135294 0.002206 0.009150
4 0.529412 0.084967 0.011765 0.018301
4 0.523897 0.067974 0.009559 0.007843
4 0.537868 0.102614 0.009559 0.009150
3 0.528676 0.159477 0.017647 0.013072
11 0.525735 0.152288 0.019118 0.016993
3 0.511029 0.130719 0.005882 0.007843
11 0.505882 0.117647 0.005882 0.010458
3 0.502206 0.109804 0.004412 0.007843
4 0.502206 0.099346 0.008824 0.007843
3 0.494118 0.099346 0.005882 0.007843
3 0.473897 0.099346 0.005147 0.007843
11 0.486397 0.086275 0.003676 0.007843
11 0.458456 0.112418 0.005147 0.010458
4 0.458088 0.098039 0.010294 0.013072
4 0.463971 0.039869 0.010294 0.011765
4 0.472794 0.050980 0.007353 0.018301
4 0.479412 0.064052 0.007353 0.013072
4 0.461397 0.052288 0.006618 0.005229
4 0.460294 0.060784 0.005882 0.006536
4 0.459191 0.075817 0.008088 0.015686
3 0.470588 0.086275 0.002941 0.005229
3 0.469118 0.083660 0.002941 0.005229
11 0.466544 0.076471 0.002206 0.006536
11 0.472059 0.070588 0.002941 0.005229
10 0.476471 0.077124 0.004412 0.010458
7 0.481250 0.088235 0.000735 0.006536
