3 0.922794 0.945752 0.085294 0.105882
3 0.818015 0.596732 0.050735 0.077124
11 0.757721 0.566667 0.053676 0.095425
2 0.759926 0.432026 0.083088 0.158170
9 0.686765 0.335948 0.042647 0.067974
3 0.666912 0.274510 0.026471 0.039216
3 0.749265 0.273856 0.035294 0.027451
3 0.877574 0.249020 0.038971 0.032680
3 0.550000 0.199346 0.016176 0.030065
9 0.538603 0.094118 0.012500 0.026144
11 0.556618 0.063399 0.007353 0.014379
3 0.496324 0.086928 0.010294 0.016993
3 0.491176 0.111765 0.011765 0.022222
3 0.486029 0.060131 0.007353 0.015686
3 0.493382 0.018301 0.010294 0.010458
3 0.469118 0.016340 0.007353 0.009150
10 0.514706 0.016340 0.011765 0.022222
3 0.495588 0.005882 0.004412 0.006536
3 0.409559 0.147712 0.026471 0.018301
10 0.338603 0.167320 0.062500 0.039216
3 0.131618 0.140523 0.030882 0.019608
3 0.076838 0.139216 0.034559 0.022222
10 0.023897 0.132680 0.043382 0.032680
3 0.081250 0.264706 0.025735 0.027451
3 0.200368 0.158170 0.030147 0.023529
7 0.818015 0.454902 0.009559 0.033987
1 0.818015 0.462745 0.009559 0.031373
7 0.805147 0.452941 0.005882 0.032680
1 0.802574 0.463399 0.009559 0.032680
10 0.840441 0.164052 0.080882 0.056209
11 0.892279 0.127451 0.024265 0.019608
3 0.876103 0.120261 0.022794 0.015686
3 0.867647 0.116340 0.022059 0.013072
3 0.858824 0.111111 0.020588 0.013072
3 0.852574 0.107843 0.022794 0.016993
3 0.841544 0.096732 0.021324 0.018301
3 0.891176 0.108497 0.019118 0.010458
3 0.883088 0.105882 0.020588 0.010458
3 0.865809 0.095425 0.025735 0.013072
11 0.857721 0.088235 0.021324 0.011765
11 0.849265 0.084967 0.022059 0.013072
4 0.743750 0.037255 0.033088 0.024837
4 0.756618 0.010458 0.033824 0.020915
4 0.716912 0.016340 0.032353 0.016993
3 0.809926 0.039216 0.019853 0.010458
11 0.821324 0.043791 0.016176 0.011765
3 0.844118 0.052288 0.019118 0.013072
11 0.838971 0.050327 0.017647 0.011765
11 0.833088 0.048366 0.017647 0.010458
3 0.864338 0.060131 0.019853 0.010458
3 0.871324 0.062745 0.025000 0.010458
11 0.878309 0.066013 0.018382 0.014379
3 0.881250 0.073203 0.019853 0.013072
3 0.889706 0.075817 0.019118 0.013072
11 0.901103 0.177124 0.034559 0.024837
3 0.985662 0.191503 0.027206 0.019608
3 0.975368 0.184967 0.033088 0.016993
3 0.963603 0.172549 0.033088 0.018301
3 0.950368 0.163399 0.033088 0.018301
3 0.910662 0.136601 0.030147 0.016993
3 0.923162 0.144444 0.030147 0.016993
3 0.926838 0.128105 0.028676 0.013072
3 0.939338 0.135948 0.028676 0.013072
3 0.918015 0.124183 0.028676 0.013072
3 0.898897 0.118954 0.028676 0.013072
3 0.973897 0.110458 0.028676 0.014379
3 0.962132 0.105882 0.028676 0.018301
3 0.949632 0.100000 0.028676 0.014379
3 0.990074 0.122876 0.018382 0.015686
3 0.900735 0.079739 0.026471 0.013072
5 0.927206 0.089542 0.008824 0.006536
