3 0.781618 0.873856 0.138235 0.218301
3 0.529779 0.670588 0.081618 0.154248
3 0.736397 0.584314 0.059559 0.112418
3 0.476471 0.449673 0.041176 0.078431
3 0.375735 0.709150 0.066176 0.166013
3 0.476471 0.327451 0.032353 0.064052
3 0.483824 0.275163 0.026471 0.048366
3 0.479044 0.200654 0.018382 0.024837
3 0.476103 0.177124 0.018382 0.024837
3 0.477206 0.162745 0.014706 0.024837
3 0.475000 0.151634 0.014706 0.023529
3 0.471691 0.135294 0.015441 0.024837
3 0.502206 0.120915 0.013235 0.019608
3 0.508088 0.101307 0.013235 0.019608
3 0.526471 0.137908 0.013235 0.019608
3 0.536397 0.192810 0.016912 0.027451
3 0.303676 0.285621 0.038235 0.045752
3 0.494118 0.084314 0.007353 0.014379
11 0.145956 0.430719 0.087500 0.098039
11 0.474265 0.074510 0.007353 0.015686
11 0.475735 0.061438 0.007353 0.015686
4 0.481250 0.024837 0.046324 0.044444
3 0.451103 0.080392 0.008088 0.011765
3 0.452941 0.060784 0.008824 0.014379
3 0.466912 0.057516 0.008824 0.010458
3 0.320588 0.230719 0.025000 0.040523
3 0.343382 0.181699 0.036765 0.023529
3 0.368015 0.146405 0.021324 0.023529
4 0.129779 0.264052 0.072794 0.060131
4 0.050368 0.309804 0.063971 0.083660
11 0.038603 0.481699 0.043382 0.071895
5 0.062868 0.408497 0.016912 0.050980
5 0.089706 0.375817 0.022059 0.032680
5 0.049632 0.368627 0.027206 0.026144
5 0.039706 0.394771 0.022059 0.033987
5 0.016544 0.390850 0.013971 0.039216
5 0.008456 0.344444 0.013971 0.037908
5 0.127574 0.311111 0.019853 0.026144
5 0.224265 0.405882 0.025000 0.030065
7 0.183824 0.345098 0.013235 0.049673
7 0.210662 0.340523 0.013971 0.053595
7 0.258824 0.314379 0.008824 0.043137
7 0.238971 0.313725 0.008824 0.044444
5 0.273529 0.243791 0.011765 0.027451
7 0.960294 0.567320 0.019118 0.073203
7 0.930147 0.548366 0.026471 0.069281
7 0.873162 0.399346 0.015441 0.050980
7 0.780147 0.350327 0.013235 0.047059
1 0.939338 0.567974 0.049265 0.037908
1 0.922794 0.367974 0.011765 0.037908
1 0.179412 0.460784 0.033824 0.035294
7 0.155882 0.354248 0.013235 0.049673
7 0.023529 0.607190 0.033824 0.071895
1 0.051471 0.434641 0.030882 0.035294
7 0.180147 0.440523 0.017647 0.052288
7 0.222794 0.400000 0.017647 0.052288
7 0.334191 0.284967 0.006618 0.026144
5 0.334559 0.298693 0.010294 0.022222
9 0.210294 0.281699 0.045588 0.053595
0 0.150368 0.334641 0.049265 0.052288
4 0.168382 0.211765 0.020588 0.039216
4 0.197426 0.172549 0.030147 0.044444
7 0.245221 0.303268 0.008088 0.041830
7 0.243750 0.283660 0.006618 0.031373
7 0.239706 0.269281 0.004412 0.033987
7 0.236029 0.255556 0.008824 0.035294
7 0.229044 0.194771 0.006618 0.020915
5 0.229412 0.205229 0.007353 0.023529
5 0.759926 0.435294 0.025735 0.036601
5 0.707721 0.372549 0.011029 0.031373
5 0.893382 0.445098 0.019118 0.037908
5 0.893382 0.388889 0.019118 0.037908
7 0.763971 0.335948 0.010294 0.047059
7 0.758824 0.324183 0.010294 0.047059
7 0.775735 0.330719 0.008824 0.036601
7 0.908824 0.332026 0.010294 0.044444
7 0.904779 0.321569 0.006618 0.039216
9 0.697059 0.267974 0.016176 0.028758
7 0.787868 0.318301 0.006618 0.035294
11 0.800368 0.400654 0.053676 0.077124
9 0.820588 0.360784 0.029412 0.039216
8 0.823529 0.348366 0.007353 0.027451
8 0.809191 0.346405 0.008088 0.028758
3 0.484926 0.053595 0.006618 0.007843
3 0.501103 0.054902 0.006618 0.010458
8 0.334559 0.903922 0.101471 0.189542
5 0.297794 0.741830 0.025000 0.111111
7 0.302941 0.726797 0.027941 0.081046
