7 0.474632 0.369281 0.018382 0.074510
7 0.543750 0.303268 0.016912 0.088889
7 0.573529 0.299346 0.017647 0.086275
7 0.588235 0.347059 0.017647 0.103268
7 0.600735 0.467320 0.023529 0.100654
7 0.622426 0.490850 0.016912 0.100654
7 0.640809 0.516340 0.018382 0.096732
7 0.659191 0.552941 0.015441 0.109804
7 0.671691 0.522222 0.022794 0.108497
7 0.737500 0.851634 0.026471 0.105882
7 0.772059 0.777124 0.026471 0.103268
7 0.559926 0.503268 0.025735 0.086275
7 0.810662 0.841176 0.031618 0.108497
7 0.928309 0.922876 0.058088 0.094118
7 0.941544 0.963399 0.033088 0.070588
8 0.860294 0.330719 0.022059 0.052288
7 0.866544 0.320915 0.024265 0.064052
8 0.504412 0.241176 0.022059 0.053595
9 0.448529 0.092810 0.050000 0.091503
7 0.523529 0.077778 0.016176 0.056209
7 0.606985 0.031373 0.011029 0.060131
7 0.702206 0.089542 0.011765 0.058824
7 0.637132 0.038562 0.009559 0.056209
3 0.358088 0.141176 0.097059 0.109804
11 0.383088 0.044444 0.100000 0.088889
3 0.870588 0.124183 0.073529 0.101961
3 0.983456 0.094118 0.031618 0.099346
7 0.991544 0.400000 0.015441 0.081046
