3 0.430515 0.827451 0.061029 0.180392
3 0.103676 0.262745 0.076471 0.047059
3 0.121324 0.216340 0.073529 0.053595
3 0.152206 0.177778 0.061765 0.041830
3 0.503309 0.244444 0.028676 0.044444
3 0.220956 0.074510 0.024265 0.033987
3 0.946324 0.539216 0.091176 0.103268
3 0.746691 0.216340 0.036029 0.043137
3 0.689706 0.098039 0.027941 0.039216
3 0.664338 0.061438 0.031618 0.041830
4 0.133824 0.086928 0.088235 0.100654
7 0.066176 0.171895 0.010294 0.032680
11 0.203309 0.113072 0.033088 0.045752
1 0.016912 0.810458 0.032353 0.081046
1 0.872794 0.472549 0.013235 0.040523
4 0.619118 0.041176 0.051471 0.077124
5 0.041544 0.904575 0.041912 0.060131
5 0.855147 0.848366 0.044118 0.067974
1 0.676103 0.696732 0.012500 0.054902
9 0.281618 0.899346 0.035294 0.143791
9 0.919853 0.651634 0.054412 0.090196
9 0.814706 0.389542 0.027941 0.070588
10 0.763971 0.293464 0.041176 0.079739
8 0.013235 0.788889 0.019118 0.069281
8 0.041176 0.867974 0.013235 0.049673
8 0.051103 0.856209 0.008088 0.054902
8 0.277206 0.904575 0.017647 0.067974
8 0.862500 0.822876 0.013235 0.064052
8 0.677574 0.668627 0.008088 0.058824
8 0.539338 0.096732 0.006618 0.036601
8 0.732721 0.388889 0.008088 0.037908
7 0.899632 0.728758 0.016912 0.058824
7 0.881985 0.642484 0.012500 0.064052
7 0.981250 0.762745 0.016912 0.066667
7 0.972426 0.650980 0.015441 0.057516
7 0.956250 0.616340 0.011029 0.066667
7 0.763235 0.548366 0.011765 0.048366
7 0.767647 0.566013 0.007353 0.044444
7 0.720221 0.265359 0.005147 0.049673
7 0.693750 0.243791 0.003676 0.035294
7 0.690441 0.420261 0.008824 0.048366
7 0.707721 0.384967 0.008088 0.043137
7 0.806618 0.394118 0.010294 0.053595
7 0.917647 0.664706 0.013235 0.061438
7 0.945588 0.680392 0.010294 0.069281
7 0.982353 0.571895 0.014706 0.053595
7 0.936397 0.542484 0.012500 0.060131
7 0.846324 0.760784 0.017647 0.094118
7 0.825000 0.767974 0.014706 0.066667
5 0.889338 0.747712 0.018382 0.073203
10 0.811765 0.692157 0.089706 0.171242
9 0.750368 0.584314 0.059559 0.096732
9 0.720221 0.503268 0.038971 0.078431
5 0.187500 0.360131 0.017647 0.045752
8 0.341912 0.025490 0.004412 0.027451
7 0.312868 0.072549 0.005147 0.024837
