7 0.017647 0.537908 0.022059 0.079739
7 0.029779 0.472549 0.016912 0.074510
3 0.055882 0.460784 0.086765 0.103268
3 0.280882 0.559477 0.110294 0.117647
3 0.415441 0.552941 0.105882 0.135948
8 0.660294 0.353595 0.011765 0.040523
7 0.608088 0.425490 0.011765 0.066667
7 0.633088 0.445752 0.014706 0.047059
7 0.623162 0.435294 0.009559 0.057516
1 0.663971 0.539216 0.017647 0.056209
7 0.670588 0.528105 0.025000 0.078431
5 0.768750 0.779085 0.027206 0.086275
8 0.766912 0.757516 0.030882 0.098039
7 0.782353 0.652941 0.020588 0.087582
7 0.772059 0.647059 0.017647 0.081046
7 0.901103 0.289542 0.038971 0.045752
5 0.817647 0.450980 0.013235 0.044444
8 0.816544 0.437908 0.019853 0.054902
