3 0.784115 0.768981 0.169271 0.125000
3 0.951042 0.769907 0.096875 0.141667
7 0.638021 0.836574 0.021875 0.134259
1 0.550521 0.710648 0.015625 0.056481
7 0.557292 0.702315 0.025000 0.056481
1 0.519792 0.642130 0.012500 0.037963
7 0.517969 0.628241 0.013021 0.052778
1 0.105469 0.812037 0.053646 0.100000
1 0.167448 0.755093 0.027604 0.089815
3 0.335677 0.842130 0.094271 0.149074
3 0.266146 0.756944 0.090625 0.128704
3 0.390365 0.739815 0.066146 0.096296
3 0.297135 0.701852 0.064062 0.079630
3 0.397135 0.662037 0.044271 0.061111
3 0.348698 0.621296 0.040104 0.051852
3 0.409635 0.604630 0.028646 0.046296
3 0.445312 0.564352 0.018750 0.032407
1 0.289062 0.651852 0.033333 0.042593
7 0.304688 0.611111 0.007292 0.048148
7 0.305990 0.605556 0.010937 0.048148
7 0.346615 0.571296 0.005729 0.037037
7 0.359115 0.565278 0.005729 0.034259
3 0.406510 0.582870 0.027604 0.041667
3 0.413802 0.564815 0.021354 0.029630
3 0.418490 0.555093 0.018229 0.025000
3 0.426563 0.537963 0.012500 0.020370
3 0.445312 0.549074 0.014583 0.020370
3 0.440625 0.542593 0.015625 0.018519
3 0.433854 0.526852 0.011458 0.016667
4 0.450521 0.526389 0.009375 0.010185
4 0.459375 0.539352 0.011458 0.013889
11 0.466927 0.532407 0.009896 0.020370
7 0.407552 0.535648 0.003646 0.021296
7 0.403646 0.536111 0.004167 0.022222
4 0.419792 0.512500 0.012500 0.025000
1 0.394531 0.555556 0.014063 0.014815
7 0.393490 0.545370 0.005729 0.018519
5 0.382812 0.576389 0.008333 0.025000
7 0.383333 0.563426 0.004167 0.019444
3 0.369531 0.545370 0.033854 0.024074
4 0.459896 0.513426 0.009375 0.013889
4 0.437500 0.498611 0.011458 0.021296
4 0.477344 0.562037 0.014063 0.035185
1 0.248698 0.655556 0.017188 0.044444
