7 0.026471 0.284967 0.014706 0.039216
10 0.118015 0.235948 0.050735 0.066667
3 0.254044 0.308497 0.024265 0.036601
11 0.289338 0.295425 0.019853 0.039216
3 0.479412 0.386275 0.023529 0.048366
10 0.540074 0.302614 0.038971 0.124183
10 0.388235 0.135948 0.026471 0.062745
10 0.395221 0.088235 0.021324 0.040523
10 0.373897 0.086275 0.021324 0.039216
3 0.514706 0.398039 0.023529 0.048366
3 0.465809 0.278431 0.019853 0.036601
3 0.476838 0.181699 0.016912 0.023529
3 0.475368 0.141176 0.013971 0.018301
3 0.501103 0.142484 0.011029 0.018301
3 0.479779 0.122876 0.011029 0.018301
3 0.478676 0.104575 0.011765 0.018301
3 0.478676 0.080392 0.008824 0.014379
3 0.507353 0.090850 0.008824 0.014379
3 0.522059 0.096078 0.008824 0.014379
3 0.497059 0.075163 0.008824 0.014379
3 0.491912 0.059477 0.008824 0.014379
3 0.491912 0.049020 0.008824 0.014379
3 0.489706 0.032680 0.007353 0.013072
3 0.513235 0.124183 0.014706 0.018301
7 0.421324 0.248366 0.005882 0.023529
0 0.430882 0.247712 0.013235 0.037908
3 0.445221 0.149673 0.013971 0.024837
3 0.454044 0.135948 0.012500 0.015686
3 0.457721 0.053595 0.009559 0.015686
3 0.463603 0.048366 0.009559 0.015686
10 0.435662 0.112418 0.040441 0.033987
10 0.454779 0.087582 0.016912 0.028758
3 0.528309 0.078431 0.008088 0.015686
3 0.546691 0.071242 0.018382 0.014379
3 0.546691 0.081699 0.018382 0.014379
3 0.546324 0.090196 0.019118 0.015686
3 0.536029 0.060784 0.019118 0.014379
3 0.577574 0.057516 0.018382 0.015686
3 0.559559 0.058170 0.008824 0.014379
10 0.509926 0.043791 0.011029 0.016993
8 0.529412 0.191503 0.005882 0.011765
3 0.510662 0.053595 0.008088 0.013072
4 0.505515 0.010458 0.106618 0.020915
4 0.421324 0.041830 0.045588 0.047059
3 0.529779 0.054248 0.018382 0.014379
3 0.531618 0.050327 0.019118 0.014379
3 0.527206 0.039869 0.016176 0.014379
3 0.571691 0.045098 0.015441 0.009150
3 0.562868 0.039869 0.016912 0.011765
7 0.538603 0.185621 0.003676 0.020915
8 0.497426 0.036601 0.003676 0.007843
8 0.471324 0.029412 0.002941 0.009150
8 0.504412 0.064706 0.002941 0.009150
8 0.509926 0.067320 0.005147 0.009150
5 0.509926 0.073856 0.003676 0.011765
5 0.505515 0.071895 0.003676 0.013072
5 0.530147 0.200654 0.004412 0.014379
5 0.497794 0.039869 0.002941 0.006536
5 0.471324 0.033987 0.002941 0.007843
3 0.577941 0.156209 0.033824 0.024837
1 0.600368 0.188889 0.011029 0.011765
3 0.626838 0.188235 0.031618 0.023529
7 0.593382 0.211765 0.007353 0.023529
7 0.619853 0.222876 0.007353 0.024837
7 0.687500 0.366667 0.007353 0.035294
7 0.698529 0.366667 0.007353 0.035294
3 0.657353 0.384967 0.057353 0.040523
3 0.631250 0.331373 0.052206 0.027451
3 0.631250 0.307843 0.047794 0.024837
3 0.626838 0.286275 0.046324 0.026144
3 0.624265 0.263399 0.044118 0.030065
3 0.667647 0.220915 0.029412 0.023529
3 0.690074 0.226797 0.033088 0.027451
3 0.694118 0.247059 0.027941 0.026144
1 0.686397 0.295425 0.009559 0.020915
1 0.694485 0.296078 0.009559 0.022222
5 0.702941 0.294118 0.008824 0.023529
5 0.667647 0.190850 0.007353 0.013072
3 0.545956 0.191503 0.013971 0.024837
3 0.548897 0.179739 0.013971 0.024837
7 0.551471 0.168627 0.007353 0.023529
3 0.476838 0.697386 0.037500 0.113725
3 0.555147 0.747059 0.045588 0.113725
11 0.534191 0.549020 0.036029 0.075817
8 0.748162 0.415033 0.009559 0.027451
5 0.746324 0.418954 0.010294 0.030065
7 0.793015 0.501961 0.011029 0.044444
3 0.700735 0.501307 0.077941 0.048366
3 0.773529 0.665359 0.092647 0.075817
11 0.697059 0.564052 0.088235 0.071895
3 0.868015 0.544444 0.059559 0.056209
3 0.788971 0.418301 0.058824 0.044444
3 0.758456 0.362745 0.055147 0.043137
5 0.820221 0.442484 0.022794 0.027451
5 0.861397 0.434641 0.012500 0.032680
5 0.769118 0.339869 0.019118 0.018301
5 0.720221 0.292157 0.009559 0.022222
5 0.738235 0.290850 0.007353 0.019608
5 0.745221 0.292157 0.008088 0.022222
7 0.797059 0.854902 0.014706 0.075817
7 0.810294 0.830065 0.013235 0.065359
11 0.826471 0.965359 0.130882 0.064052
