7 0.018382 0.567974 0.026471 0.077124
3 0.178676 0.685621 0.111765 0.171242
3 0.066912 0.805882 0.105882 0.189542
5 0.005515 0.843137 0.011029 0.109804
7 0.059559 0.975163 0.025000 0.047059
7 0.272794 0.975817 0.020588 0.045752
5 0.328309 0.443791 0.028676 0.035294
5 0.393750 0.611765 0.021324 0.078431
8 0.394118 0.589542 0.019118 0.054902
8 0.393015 0.579085 0.015441 0.052288
3 0.433456 0.797386 0.091912 0.256209
3 0.549632 0.612418 0.056618 0.179085
3 0.535662 0.326797 0.040441 0.104575
3 0.524632 0.223529 0.037500 0.086275
3 0.502574 0.077124 0.027206 0.052288
3 0.507721 0.133987 0.031618 0.084967
3 0.498529 0.024183 0.026471 0.048366
7 0.828309 0.610458 0.030147 0.067974
3 0.944485 0.737908 0.105147 0.118954
5 0.956985 0.611765 0.052206 0.057516
7 0.962500 0.439216 0.023529 0.067974
5 0.535294 0.058170 0.010294 0.035294
8 0.533824 0.049020 0.011765 0.035294
5 0.577574 0.041176 0.008088 0.032680
8 0.577574 0.032026 0.009559 0.032680
7 0.598162 0.012418 0.006618 0.024837
11 0.660662 0.029412 0.056618 0.053595
7 0.628309 0.060784 0.006618 0.040523
8 0.643750 0.075817 0.006618 0.020915
8 0.640074 0.068627 0.006618 0.022222
1 0.653309 0.172549 0.009559 0.041830
8 0.655882 0.160784 0.008824 0.036601
5 0.687500 0.120915 0.023529 0.032680
5 0.723162 0.216340 0.027206 0.040523
5 0.711765 0.212418 0.029412 0.032680
5 0.754044 0.141176 0.024265 0.031373
5 0.743382 0.127451 0.020588 0.030065
