11 0.457813 0.608333 0.017708 0.046296
3 0.465625 0.697222 0.018750 0.042593
3 0.519792 0.675926 0.016667 0.037037
3 0.516146 0.718519 0.017708 0.040741
3 0.513021 0.762037 0.021875 0.046296
7 0.481250 0.787037 0.010417 0.029630
7 0.455729 0.786111 0.007292 0.031481
3 0.511979 0.820370 0.021875 0.062963
8 0.470833 0.908333 0.008333 0.035185
5 0.470833 0.912037 0.025000 0.027778
7 0.583854 0.791667 0.007292 0.031481
7 0.596875 0.809259 0.006250 0.029630
7 0.585938 0.831481 0.007292 0.029630
7 0.582292 0.857407 0.006250 0.033333
1 0.585938 0.862963 0.007292 0.033333
4 0.618750 0.820370 0.014583 0.051852
4 0.624479 0.866667 0.007292 0.033333
9 0.597396 0.674074 0.011458 0.025926
9 0.584896 0.668519 0.009375 0.025926
9 0.573438 0.661111 0.009375 0.029630
5 0.593229 0.656481 0.013542 0.016667
9 0.586458 0.638889 0.010417 0.025926
3 0.553646 0.594444 0.032292 0.025926
11 0.547396 0.579630 0.034375 0.025926
3 0.515625 0.606481 0.016667 0.035185
3 0.516146 0.560185 0.011458 0.020370
3 0.511979 0.539815 0.011458 0.020370
8 0.496875 0.662963 0.004167 0.022222
1 0.496875 0.668519 0.004167 0.018519
2 0.479687 0.551852 0.017708 0.051852
3 0.498437 0.529630 0.011458 0.022222
8 0.489583 0.518519 0.004167 0.018519
1 0.489583 0.524074 0.004167 0.018519
3 0.460938 0.540741 0.013542 0.022222
3 0.473438 0.503704 0.011458 0.018519
3 0.497396 0.482407 0.009375 0.016667
3 0.476042 0.458333 0.010417 0.016667
3 0.506250 0.469444 0.014583 0.012963
3 0.519792 0.496296 0.018750 0.018519
3 0.515625 0.475926 0.008333 0.014815
3 0.474479 0.484259 0.009375 0.016667
7 0.485938 0.479630 0.005208 0.011111
9 0.485938 0.483333 0.005208 0.014815
4 0.490104 0.307407 0.069792 0.077778
4 0.544792 0.352778 0.008333 0.031481
4 0.542188 0.387037 0.015625 0.022222
4 0.563021 0.519444 0.009375 0.020370
7 0.554167 0.517593 0.004167 0.016667
4 0.511979 0.367593 0.003125 0.009259
4 0.515625 0.381481 0.002083 0.011111
4 0.510938 0.399074 0.003125 0.009259
4 0.500521 0.414815 0.003125 0.011111
4 0.504167 0.351852 0.004167 0.007407
11 0.495833 0.371296 0.006250 0.012963
3 0.489583 0.401852 0.006250 0.011111
2 0.461458 0.358333 0.008333 0.020370
3 0.468750 0.424074 0.008333 0.014815
7 0.319271 0.914815 0.009375 0.033333
7 0.285417 0.907407 0.008333 0.033333
11 0.326042 0.860185 0.037500 0.090741
3 0.362500 0.862037 0.029167 0.072222
3 0.390625 0.780556 0.027083 0.061111
5 0.318750 0.744444 0.010417 0.029630
3 0.288021 0.737963 0.036458 0.035185
11 0.332292 0.700926 0.022917 0.050000
3 0.371875 0.601852 0.018750 0.033333
8 0.350521 0.569444 0.005208 0.016667
5 0.350521 0.574074 0.015625 0.014815
8 0.384375 0.656481 0.006250 0.016667
5 0.385417 0.660185 0.008333 0.024074
3 0.417187 0.652778 0.017708 0.038889
3 0.360938 0.536111 0.026042 0.024074
3 0.360938 0.515741 0.026042 0.020370
3 0.392708 0.543519 0.014583 0.024074
3 0.404167 0.513889 0.012500 0.020370
3 0.409896 0.496296 0.013542 0.022222
3 0.387500 0.462037 0.018750 0.016667
3 0.390625 0.454630 0.020833 0.012963
3 0.416146 0.478704 0.011458 0.016667
4 0.428646 0.475000 0.003125 0.012963
4 0.441146 0.472222 0.011458 0.018519
4 0.454167 0.466667 0.004167 0.014815
4 0.456771 0.437963 0.005208 0.016667
4 0.426042 0.461111 0.002083 0.014815
3 0.430208 0.447222 0.010417 0.020370
3 0.435417 0.435185 0.010417 0.014815
3 0.439583 0.420370 0.010417 0.018519
3 0.444271 0.409259 0.009375 0.014815
3 0.447917 0.400000 0.008333 0.011111
3 0.453646 0.392593 0.007292 0.011111
7 0.140104 0.924074 0.009375 0.033333
4 0.121875 0.922222 0.010417 0.025926
7 0.121875 0.956481 0.010417 0.038889
