5 0.048897 0.452941 0.027206 0.032680
7 0.087500 0.437255 0.010294 0.040523
8 0.142279 0.489542 0.015441 0.040523
3 0.113603 0.547712 0.053676 0.081046
1 0.060294 0.530065 0.016176 0.022222
5 0.069118 0.557516 0.039706 0.040523
7 0.022794 0.605229 0.019118 0.070588
7 0.068015 0.607190 0.021324 0.058824
7 0.160294 0.601961 0.017647 0.061438
7 0.176103 0.577124 0.013971 0.056209
11 0.202574 0.512418 0.069853 0.083660
11 0.265441 0.462745 0.061765 0.067974
11 0.422426 0.466667 0.084559 0.070588
11 0.356985 0.375163 0.043382 0.060131
7 0.407721 0.443137 0.013971 0.044444
7 0.355882 0.534641 0.020588 0.049673
7 0.319118 0.547712 0.011765 0.062745
7 0.305882 0.552288 0.010294 0.053595
3 0.109926 0.755556 0.099265 0.128105
3 0.227941 0.862092 0.122059 0.168627
3 0.347059 0.941830 0.133824 0.113725
8 0.106618 0.930719 0.025000 0.062745
8 0.136029 0.880392 0.026471 0.056209
5 0.137500 0.896732 0.036765 0.065359
1 0.110662 0.951634 0.034559 0.081046
3 0.586765 0.896732 0.101471 0.159477
3 0.653309 0.933333 0.109559 0.130719
3 0.466912 0.846405 0.110294 0.158170
3 0.400368 0.802614 0.115441 0.138562
11 0.356985 0.735948 0.090441 0.141176
7 0.985662 0.947059 0.024265 0.092810
3 0.924265 0.728758 0.063235 0.118954
9 0.805882 0.714379 0.064706 0.087582
8 0.791912 0.707190 0.019118 0.036601
3 0.841912 0.672549 0.066176 0.103268
5 0.918750 0.571895 0.028676 0.053595
5 0.904412 0.560131 0.030882 0.058824
5 0.724632 0.545752 0.022794 0.037908
5 0.709191 0.537255 0.024265 0.041830
5 0.664706 0.488235 0.027941 0.035294
5 0.630147 0.490850 0.027941 0.030065
5 0.635662 0.484967 0.022794 0.028758
5 0.649632 0.481699 0.024265 0.035294
7 0.637500 0.441830 0.011765 0.049673
7 0.624265 0.443137 0.013235 0.047059
7 0.611765 0.437908 0.011765 0.049673
7 0.609926 0.428758 0.012500 0.054902
7 0.636397 0.429412 0.009559 0.048366
7 0.632721 0.569281 0.011029 0.058824
7 0.658088 0.568627 0.011765 0.052288
7 0.631618 0.544444 0.014706 0.058824
8 0.619118 0.572549 0.016176 0.044444
8 0.598162 0.560131 0.012500 0.035294
8 0.706618 0.603268 0.013235 0.037908
8 0.699632 0.585621 0.015441 0.033987
8 0.706985 0.587582 0.009559 0.037908
8 0.720221 0.596078 0.011029 0.041830
8 0.717647 0.584967 0.011765 0.040523
7 0.527574 0.603922 0.012500 0.057516
9 0.660294 0.654902 0.082353 0.125490
9 0.752941 0.630719 0.055882 0.139869
9 0.576471 0.608497 0.075000 0.121569
9 0.655882 0.532680 0.075000 0.095425
3 0.638235 0.419608 0.054412 0.054902
3 0.549265 0.397386 0.047059 0.054902
3 0.595588 0.367974 0.027941 0.053595
3 0.651471 0.324183 0.038235 0.047059
3 0.673897 0.306536 0.041912 0.056209
8 0.493015 0.430065 0.012500 0.036601
7 0.447059 0.347712 0.010294 0.039216
7 0.454412 0.298693 0.008824 0.035294
7 0.461765 0.297386 0.004412 0.016993
7 0.466912 0.299346 0.007353 0.031373
1 0.434926 0.260784 0.016912 0.019608
3 0.440809 0.283660 0.047794 0.041830
7 0.444853 0.305882 0.005882 0.015686
3 0.506985 0.244444 0.037500 0.031373
3 0.518382 0.233333 0.033824 0.030065
3 0.566176 0.309150 0.050000 0.040523
3 0.590441 0.298693 0.044118 0.037908
3 0.605882 0.196078 0.038235 0.031373
3 0.619853 0.191503 0.033824 0.027451
3 0.651471 0.174510 0.036765 0.024837
3 0.675368 0.164052 0.034559 0.024837
3 0.678676 0.235948 0.038235 0.027451
3 0.647426 0.252941 0.056618 0.040523
