5 0.258456 0.181046 0.031618 0.084967
3 0.956618 0.069281 0.085294 0.120261
5 0.915441 0.094771 0.025000 0.066667
5 0.893015 0.125490 0.037500 0.070588
7 0.865441 0.081046 0.019118 0.070588
5 0.921324 0.186928 0.048529 0.057516
3 0.954779 0.228758 0.088971 0.117647
3 0.947426 0.435948 0.103676 0.152941
3 0.871691 0.715686 0.194853 0.207843
3 0.818015 0.525490 0.163971 0.159477
7 0.708088 0.539869 0.023529 0.081046
7 0.720221 0.547712 0.027206 0.083660
5 0.697059 0.455556 0.048529 0.061438
8 0.703309 0.453595 0.025735 0.075817
7 0.801103 0.074510 0.021324 0.067974
7 0.801103 0.032026 0.021324 0.064052
7 0.827574 0.030065 0.016912 0.060131
7 0.833088 0.047712 0.020588 0.071895
7 0.834191 0.057516 0.022794 0.073203
7 0.755147 0.036601 0.014706 0.062745
7 0.762500 0.045098 0.017647 0.074510
5 0.751103 0.085621 0.024265 0.074510
1 0.662868 0.016993 0.036029 0.033987
5 0.747794 0.162092 0.041176 0.078431
5 0.676838 0.113072 0.018382 0.066667
5 0.709926 0.200654 0.022794 0.074510
7 0.644118 0.271242 0.016176 0.077124
11 0.655147 0.319608 0.129412 0.158170
7 0.593382 0.258824 0.017647 0.078431
7 0.565441 0.258824 0.011765 0.078431
1 0.501838 0.220915 0.024265 0.081046
1 0.614706 0.043791 0.019118 0.066667
1 0.593382 0.052288 0.026471 0.057516
5 0.591544 0.094771 0.021324 0.077124
7 0.567647 0.073856 0.013235 0.079739
7 0.561397 0.116340 0.015441 0.086275
7 0.543750 0.103268 0.021324 0.081046
7 0.548529 0.137255 0.017647 0.075817
7 0.525000 0.113725 0.010294 0.067974
5 0.366176 0.104575 0.050000 0.052288
7 0.401471 0.047059 0.016176 0.078431
7 0.404412 0.033333 0.014706 0.066667
7 0.424265 0.048366 0.013235 0.067974
7 0.433456 0.033333 0.012500 0.066667
7 0.530882 0.020915 0.013235 0.041830
5 0.509559 0.018301 0.020588 0.036601
5 0.465809 0.033987 0.031618 0.052288
5 0.463235 0.022222 0.030882 0.044444
5 0.498529 0.017647 0.022059 0.035294
