3 0.470833 0.602778 0.022917 0.038889
3 0.464583 0.471296 0.020833 0.024074
3 0.562500 0.881481 0.035417 0.092593
3 0.161979 0.964815 0.048958 0.062963
7 0.295312 0.957407 0.013542 0.051852
8 0.387500 0.692593 0.008333 0.022222
4 0.360938 0.631481 0.028125 0.074074
9 0.380729 0.563889 0.026042 0.020370
4 0.389062 0.526852 0.030208 0.050000
9 0.418750 0.500000 0.018750 0.040741
4 0.494792 0.364815 0.033333 0.033333
4 0.467187 0.272222 0.011458 0.025926
4 0.523438 0.300926 0.011458 0.038889
4 0.530208 0.350000 0.018750 0.044444
4 0.553646 0.354630 0.019792 0.031481
3 0.450521 0.412963 0.011458 0.018519
3 0.454167 0.399074 0.016667 0.016667
3 0.456771 0.387037 0.011458 0.014815
4 0.435417 0.388889 0.014583 0.033333
4 0.450000 0.330556 0.018750 0.024074
3 0.461979 0.306481 0.005208 0.009259
3 0.480208 0.393519 0.010417 0.012963
8 0.496875 0.400926 0.006250 0.009259
8 0.502083 0.433333 0.010417 0.014815
8 0.505729 0.665741 0.007292 0.020370
1 0.507292 0.683333 0.008333 0.025926
7 0.523958 0.945370 0.010417 0.061111
7 0.539583 0.941667 0.010417 0.061111
8 0.508333 0.799074 0.012500 0.050000
1 0.509375 0.827778 0.012500 0.018519
5 0.386458 0.713889 0.010417 0.020370
4 0.544271 0.627778 0.026042 0.048148
