4 0.341406 0.185185 0.155729 0.072222
4 0.607292 0.598611 0.073958 0.106481
4 0.228385 0.281944 0.030729 0.039815
2 0.119792 0.614815 0.089583 0.194444
2 0.226562 0.568056 0.069792 0.180556
3 0.367448 0.683796 0.039062 0.069444
3 0.506510 0.814352 0.057813 0.106481
3 0.444792 0.695833 0.039583 0.075000
3 0.404948 0.600000 0.032813 0.059259
3 0.453125 0.617130 0.034375 0.062037
2 0.632292 0.862037 0.185417 0.274074
2 0.464323 0.468056 0.053646 0.106481
3 0.378385 0.448611 0.022396 0.030556
3 0.409115 0.440278 0.023438 0.034259
3 0.422135 0.395833 0.020313 0.036111
3 0.370833 0.410185 0.019792 0.033333
3 0.395833 0.398611 0.020833 0.030556
3 0.389844 0.366204 0.019271 0.032407
3 0.367448 0.386111 0.018229 0.031481
3 0.338281 0.350463 0.016146 0.028704
3 0.286458 0.343981 0.018750 0.032407
3 0.331510 0.316667 0.013021 0.018519
3 0.334375 0.301389 0.013542 0.023148
2 0.416667 0.345833 0.031250 0.060185
3 0.362240 0.365741 0.015104 0.027778
3 0.226042 0.405556 0.030208 0.037037
3 0.215625 0.391204 0.016667 0.036111
3 0.221354 0.367130 0.018750 0.032407
3 0.236198 0.339815 0.018229 0.025926
3 0.231771 0.326852 0.015625 0.025926
2 0.255469 0.275463 0.020313 0.041667
3 0.356771 0.336574 0.012500 0.021296
3 0.360417 0.350926 0.015625 0.024074
3 0.236458 0.314352 0.013542 0.021296
3 0.242188 0.308333 0.012500 0.022222
3 0.253906 0.300463 0.013021 0.019444
3 0.268490 0.234722 0.010937 0.023148
3 0.381771 0.345370 0.015625 0.022222
3 0.380990 0.332407 0.014063 0.018519
3 0.373698 0.312037 0.014063 0.020370
3 0.385937 0.297222 0.012500 0.018519
3 0.355990 0.325926 0.014063 0.018519
3 0.355729 0.315741 0.012500 0.018519
3 0.354948 0.305556 0.009896 0.014815
3 0.355729 0.298148 0.010417 0.014815
3 0.348177 0.291667 0.009896 0.014815
3 0.384115 0.286574 0.010937 0.013889
3 0.382552 0.275926 0.008854 0.016667
3 0.370573 0.302315 0.013021 0.017593
3 0.370052 0.289815 0.011979 0.014815
3 0.366927 0.282870 0.010937 0.013889
3 0.363281 0.274074 0.008854 0.016667
3 0.368750 0.265278 0.011458 0.013889
3 0.468490 0.282870 0.014063 0.021296
3 0.479167 0.275463 0.009375 0.017593
3 0.464583 0.273148 0.012500 0.016667
3 0.351042 0.286111 0.009375 0.014815
3 0.359115 0.258333 0.008854 0.014815
3 0.378906 0.259722 0.008854 0.013889
3 0.346875 0.272222 0.009375 0.012963
3 0.347656 0.277778 0.009896 0.016667
7 0.019010 0.518519 0.015104 0.055556
7 0.061198 0.514815 0.015104 0.040741
7 0.079948 0.505093 0.013021 0.054630
7 0.113802 0.498148 0.010937 0.055556
7 0.126042 0.499537 0.011458 0.052778
7 0.137760 0.491667 0.013021 0.055556
7 0.086719 0.499537 0.010937 0.056481
7 0.089063 0.494907 0.014583 0.056481
7 0.196615 0.509722 0.014063 0.049074
7 0.197656 0.496296 0.013021 0.042593
7 0.253125 0.502315 0.009375 0.045370
7 0.357812 0.483796 0.013542 0.049074
7 0.357552 0.479167 0.013021 0.049074
7 0.396094 0.499537 0.007812 0.037963
7 0.665365 0.454167 0.010937 0.050926
7 0.671875 0.456481 0.008333 0.046296
7 0.673438 0.486574 0.010417 0.050926
7 0.698958 0.475000 0.010417 0.048148
7 0.687500 0.471296 0.009375 0.048148
7 0.685937 0.482870 0.008333 0.047222
7 0.738802 0.462500 0.009896 0.049074
7 0.776042 0.475463 0.007292 0.045370
7 0.781250 0.485648 0.008333 0.049074
7 0.833333 0.606944 0.016667 0.069444
7 0.847396 0.608333 0.014583 0.064815
3 0.474479 0.971296 0.059375 0.055556
7 0.591667 0.680093 0.009375 0.047222
8 0.745833 0.690278 0.014583 0.028704
8 0.758854 0.688426 0.011458 0.028704
7 0.498958 0.423148 0.005208 0.025926
7 0.520052 0.366667 0.004687 0.020370
7 0.551562 0.371759 0.004167 0.025000
7 0.539062 0.391204 0.005208 0.025000
7 0.521875 0.393981 0.004167 0.023148
7 0.525781 0.393981 0.003646 0.023148
7 0.529687 0.393981 0.004167 0.025000
7 0.557813 0.375926 0.004167 0.025926
7 0.570052 0.364815 0.004687 0.024074
7 0.578906 0.368981 0.003646 0.023148
7 0.019792 0.781481 0.014583 0.055556
7 0.036979 0.675926 0.011458 0.048148
7 0.062760 0.677315 0.010937 0.050926
7 0.037240 0.726852 0.010937 0.051852
7 0.041927 0.719444 0.010937 0.055556
7 0.045573 0.708796 0.009896 0.052778
7 0.005469 0.770833 0.010937 0.058333
7 0.014323 0.749074 0.015104 0.055556
8 0.180208 0.607870 0.011458 0.025000
5 0.180469 0.625000 0.014063 0.035185
7 0.063542 0.608796 0.010417 0.043519
8 0.188802 0.440278 0.006771 0.023148
1 0.189062 0.449074 0.006250 0.022222
7 0.023958 0.363889 0.006250 0.020370
7 0.060677 0.343981 0.006771 0.021296
7 0.057813 0.461574 0.006250 0.032407
7 0.030469 0.478704 0.008854 0.035185
7 0.017188 0.425926 0.005208 0.029630
8 0.038281 0.420370 0.007812 0.016667
1 0.038021 0.431481 0.007292 0.020370
7 0.051823 0.452315 0.007812 0.030556
8 0.046094 0.435648 0.006771 0.021296
1 0.045573 0.449074 0.007812 0.020370
7 0.027865 0.400926 0.005729 0.025926
7 0.030469 0.398148 0.004687 0.027778
7 0.041667 0.383796 0.006250 0.026852
7 0.053125 0.413889 0.006250 0.029630
7 0.059635 0.411111 0.006771 0.029630
7 0.054948 0.394907 0.007812 0.026852
7 0.057292 0.385648 0.007292 0.026852
7 0.066667 0.370370 0.005208 0.024074
7 0.071094 0.373611 0.004687 0.015741
7 0.047656 0.370833 0.008854 0.023148
7 0.053385 0.368981 0.006771 0.021296
7 0.008594 0.350000 0.005729 0.024074
5 0.775260 0.647222 0.026562 0.035185
5 0.728385 0.591204 0.023438 0.028704
1 0.744271 0.610648 0.014583 0.034259
7 0.587240 0.440741 0.008854 0.038889
7 0.544010 0.473148 0.005729 0.027778
0 0.486719 0.362500 0.006771 0.023148
7 0.496354 0.344907 0.004167 0.021296
8 0.504948 0.360648 0.004687 0.013889
5 0.504427 0.368519 0.005729 0.014815
8 0.474740 0.379630 0.004687 0.014815
1 0.474479 0.388889 0.004167 0.016667
7 0.490365 0.318056 0.003646 0.019444
7 0.518750 0.321296 0.003125 0.018519
7 0.543229 0.339352 0.003125 0.019444
8 0.548698 0.339815 0.005729 0.014815
8 0.464583 0.343981 0.004167 0.013889
1 0.464323 0.351852 0.003646 0.014815
7 0.454688 0.334259 0.004167 0.022222
7 0.443490 0.322685 0.004687 0.019444
7 0.456771 0.319907 0.003125 0.015741
7 0.460417 0.321296 0.003125 0.016667
4 0.415104 0.293519 0.045833 0.033333
7 0.395573 0.252778 0.003646 0.014815
3 0.392448 0.240278 0.022396 0.012037
7 0.442969 0.303704 0.003646 0.016667
7 0.481771 0.300463 0.003125 0.017593
7 0.474219 0.299537 0.002604 0.017593
7 0.476823 0.299074 0.002604 0.016667
7 0.447396 0.292130 0.003125 0.017593
8 0.465625 0.299074 0.003125 0.009259
5 0.466146 0.306019 0.003125 0.008333
8 0.459375 0.293056 0.003125 0.008333
5 0.459375 0.299537 0.003125 0.008333
7 0.427865 0.265278 0.002604 0.013889
7 0.441146 0.266204 0.002083 0.015741
7 0.438802 0.267593 0.002604 0.014815
7 0.458073 0.258796 0.002604 0.013889
7 0.448958 0.264815 0.002083 0.011111
3 0.345052 0.263889 0.007812 0.009259
3 0.345052 0.256019 0.007812 0.010185
3 0.343490 0.250463 0.007812 0.010185
3 0.344531 0.243519 0.007812 0.009259
3 0.357031 0.252315 0.008854 0.010185
3 0.370833 0.253704 0.007292 0.009259
3 0.372656 0.247685 0.007812 0.010185
