4 0.237868 0.472549 0.071324 0.181699
5 0.083456 0.950980 0.037500 0.095425
7 0.072794 0.786275 0.041176 0.116340
7 0.251838 0.818301 0.031618 0.107190
7 0.280147 0.803268 0.029412 0.103268
7 0.338971 0.803268 0.023529 0.105882
5 0.242279 0.703268 0.065441 0.094118
7 0.454412 0.730065 0.026471 0.108497
7 0.494485 0.664706 0.021324 0.103268
7 0.571691 0.712418 0.013971 0.104575
7 0.549265 0.713725 0.020588 0.107190
8 0.565441 0.647712 0.022059 0.090196
7 0.589706 0.634641 0.014706 0.084967
8 0.578309 0.627451 0.006618 0.044444
5 0.567279 0.679085 0.034559 0.066667
3 0.388603 0.677778 0.186029 0.215686
3 0.855882 0.633333 0.169118 0.228758
3 0.824265 0.450327 0.144118 0.163399
7 0.847059 0.221569 0.027941 0.100654
8 0.795956 0.262745 0.012500 0.073203
8 0.754044 0.256863 0.011029 0.066667
8 0.738603 0.235948 0.011029 0.045752
7 0.712500 0.209804 0.016176 0.082353
7 0.741176 0.197386 0.019118 0.078431
1 0.773162 0.291503 0.047794 0.052288
7 0.572794 0.232680 0.014706 0.083660
7 0.511397 0.207843 0.018382 0.075817
7 0.521324 0.188235 0.019118 0.083660
7 0.455147 0.196078 0.017647 0.078431
7 0.444118 0.209804 0.013235 0.084967
7 0.421324 0.241176 0.013235 0.071895
7 0.406618 0.215033 0.014706 0.087582
8 0.334926 0.144444 0.016912 0.084967
5 0.336029 0.162092 0.029412 0.057516
8 0.218382 0.137908 0.014706 0.058824
8 0.238603 0.161438 0.015441 0.061438
8 0.254779 0.156209 0.016912 0.074510
8 0.271324 0.144444 0.011765 0.058824
7 0.216176 0.039869 0.008824 0.030065
7 0.206985 0.047059 0.015441 0.067974
8 0.201838 0.035948 0.006618 0.024837
8 0.201838 0.035948 0.006618 0.022222
7 0.223162 0.215686 0.016912 0.065359
7 0.155882 0.216340 0.017647 0.090196
7 0.161765 0.177778 0.017647 0.067974
7 0.093382 0.350327 0.027941 0.091503
5 0.055147 0.564052 0.067647 0.095425
7 0.164706 0.601307 0.032353 0.107190
7 0.136397 0.535294 0.028676 0.092810
7 0.620221 0.567320 0.019853 0.112418
7 0.638971 0.532680 0.020588 0.100654
7 0.660294 0.452941 0.011765 0.092810
7 0.669118 0.440523 0.011765 0.099346
7 0.675000 0.435948 0.011765 0.111111
7 0.673529 0.420915 0.010294 0.104575
7 0.650000 0.404575 0.017647 0.084967
7 0.625735 0.460131 0.011765 0.075817
7 0.632353 0.479085 0.013235 0.071895
7 0.600368 0.481699 0.012500 0.090196
7 0.605147 0.516993 0.016176 0.098039
7 0.592647 0.530719 0.017647 0.107190
7 0.574632 0.555556 0.013971 0.091503
7 0.576471 0.493464 0.017647 0.084967
7 0.558088 0.515686 0.013235 0.092810
7 0.543382 0.515686 0.020588 0.095425
7 0.541544 0.571895 0.019853 0.100654
7 0.512500 0.627451 0.017647 0.109804
7 0.525368 0.604575 0.021324 0.105882
7 0.509926 0.570588 0.019853 0.103268
7 0.522426 0.546405 0.012500 0.075817
7 0.514706 0.489542 0.019118 0.087582
7 0.486397 0.604575 0.021324 0.092810
7 0.487132 0.581699 0.018382 0.088889
7 0.487132 0.534641 0.016912 0.088889
7 0.467279 0.575163 0.015441 0.083660
7 0.434559 0.573203 0.017647 0.064052
7 0.417279 0.576471 0.016912 0.075817
7 0.391176 0.588235 0.016176 0.065359
7 0.206985 0.581046 0.024265 0.100654
7 0.202206 0.525490 0.020588 0.075817
7 0.192647 0.503922 0.025000 0.100654
7 0.163603 0.473203 0.027206 0.096732
7 0.140441 0.394118 0.020588 0.071895
7 0.160294 0.373203 0.019118 0.082353
7 0.176471 0.379739 0.011765 0.053595
7 0.373897 0.248366 0.016912 0.091503
7 0.355882 0.247059 0.014706 0.078431
7 0.354412 0.281046 0.022059 0.086275
7 0.333088 0.313725 0.026471 0.078431
7 0.313971 0.321569 0.020588 0.086275
7 0.320221 0.351634 0.013971 0.070588
8 0.312500 0.349673 0.011765 0.030065
7 0.315809 0.368627 0.019853 0.078431
7 0.219853 0.285621 0.025000 0.069281
7 0.196324 0.299346 0.027941 0.088889
7 0.202206 0.342484 0.023529 0.088889
7 0.273529 0.387582 0.017647 0.082353
7 0.203676 0.370588 0.017647 0.082353
7 0.197794 0.402614 0.019118 0.083660
7 0.202941 0.459477 0.022059 0.100654
7 0.300000 0.488235 0.022059 0.066667
7 0.330147 0.449673 0.013235 0.054902
8 0.296324 0.428758 0.011765 0.047059
8 0.299265 0.452288 0.016176 0.049673
7 0.288603 0.318301 0.019853 0.087582
7 0.294485 0.375817 0.018382 0.074510
7 0.298529 0.346405 0.008824 0.065359
7 0.275735 0.332680 0.019118 0.079739
7 0.241544 0.311765 0.018382 0.082353
7 0.252941 0.343137 0.014706 0.071895
7 0.255882 0.386928 0.020588 0.091503
7 0.323162 0.613072 0.024265 0.099346
7 0.343382 0.592810 0.019118 0.098039
7 0.359926 0.575817 0.018382 0.090196
7 0.380147 0.557516 0.017647 0.095425
7 0.376103 0.498693 0.016912 0.079739
8 0.359559 0.503268 0.019118 0.081046
7 0.338603 0.545752 0.019853 0.090196
8 0.324265 0.518301 0.014706 0.064052
8 0.361029 0.454902 0.017647 0.049673
8 0.336029 0.384314 0.016176 0.052288
8 0.341544 0.415033 0.012500 0.045752
8 0.354412 0.422876 0.020588 0.045752
7 0.285662 0.599346 0.018382 0.098039
7 0.289706 0.562092 0.020588 0.096732
7 0.252941 0.616340 0.023529 0.084967
4 0.247794 0.515686 0.057353 0.111111
4 0.228309 0.411765 0.028676 0.094118
4 0.253309 0.445752 0.015441 0.023529
7 0.234191 0.336601 0.016912 0.064052
7 0.729412 0.902614 0.025000 0.108497
7 0.721691 0.876471 0.033088 0.105882
5 0.685662 0.726797 0.041912 0.096732
1 0.731618 0.669281 0.044118 0.083660
7 0.226103 0.354902 0.015441 0.064052
8 0.033456 0.205229 0.033088 0.047059
