7 0.012760 0.815278 0.011979 0.065741
7 0.026042 0.818981 0.021875 0.075000
8 0.019271 0.783796 0.011458 0.058333
8 0.076563 0.788426 0.020833 0.058333
8 0.037760 0.772222 0.018229 0.048148
8 0.051823 0.769444 0.018229 0.059259
1 0.022135 0.801389 0.036979 0.043519
5 0.050260 0.776389 0.044271 0.045370
1 0.079167 0.799537 0.042708 0.049074
8 0.112500 0.645833 0.011458 0.045370
1 0.110156 0.660648 0.028646 0.032407
11 0.111719 0.564352 0.051562 0.054630
11 0.093750 0.522222 0.052083 0.042593
11 0.064583 0.544907 0.055208 0.049074
8 0.162760 0.650463 0.014063 0.043519
7 0.186979 0.628704 0.012500 0.044444
8 0.226302 0.658796 0.014063 0.045370
8 0.222396 0.630093 0.012500 0.039815
8 0.242969 0.636574 0.013021 0.047222
7 0.213281 0.620370 0.010937 0.042593
7 0.233594 0.647222 0.009896 0.050000
7 0.225521 0.624537 0.007292 0.045370
7 0.253906 0.618519 0.006771 0.042593
7 0.249219 0.605093 0.008854 0.039815
7 0.261979 0.583333 0.007292 0.040741
7 0.276823 0.576389 0.007812 0.041667
1 0.163542 0.659259 0.029167 0.037037
1 0.190625 0.640278 0.027083 0.032407
1 0.215885 0.629630 0.022396 0.029630
1 0.221354 0.640741 0.021875 0.031481
1 0.229167 0.667593 0.029167 0.038889
5 0.244271 0.643056 0.025000 0.028704
1 0.252865 0.614815 0.024479 0.033333
1 0.283073 0.573148 0.013021 0.031481
1 0.207552 0.532407 0.057813 0.044444
3 0.249219 0.728241 0.067187 0.084259
3 0.257292 0.798148 0.073958 0.109259
3 0.175521 0.922222 0.098958 0.142593
3 0.376042 0.601852 0.039583 0.059259
11 0.435417 0.638889 0.041667 0.077778
11 0.424740 0.523148 0.030729 0.061111
3 0.437500 0.459722 0.023958 0.032407
7 0.350260 0.512963 0.008854 0.035185
7 0.358594 0.507407 0.006771 0.035185
7 0.366406 0.507407 0.006771 0.033333
7 0.376042 0.475000 0.008333 0.033333
7 0.430729 0.416204 0.003125 0.021296
8 0.352865 0.528241 0.008854 0.034259
8 0.369531 0.519907 0.008854 0.030556
8 0.393750 0.509722 0.008333 0.026852
8 0.395833 0.479630 0.006250 0.025926
8 0.405729 0.461111 0.006250 0.025926
8 0.452604 0.408333 0.005208 0.018519
8 0.460156 0.400463 0.003646 0.021296
1 0.352344 0.536111 0.006771 0.025926
1 0.369010 0.533796 0.008854 0.025000
1 0.395313 0.487037 0.006250 0.020370
1 0.405208 0.467130 0.005208 0.017593
1 0.459896 0.406481 0.004167 0.014815
5 0.452344 0.415741 0.006771 0.014815
5 0.393750 0.516204 0.009375 0.026852
3 0.457552 0.756019 0.041146 0.080556
3 0.547917 0.671296 0.037500 0.068519
3 0.479427 0.543056 0.025521 0.043519
3 0.482552 0.460185 0.019271 0.027778
3 0.498958 0.487037 0.020833 0.037037
3 0.567969 0.494444 0.021354 0.038889
3 0.534896 0.466204 0.019792 0.032407
3 0.501823 0.437500 0.017188 0.026852
3 0.477865 0.414352 0.019271 0.026852
3 0.512240 0.406019 0.015104 0.025000
3 0.488802 0.391667 0.015104 0.022222
3 0.499740 0.372222 0.013021 0.020370
3 0.518750 0.369444 0.011458 0.016667
8 0.014063 0.949074 0.028125 0.081481
1 0.016406 0.972685 0.032813 0.052778
8 0.548177 0.748611 0.011979 0.045370
1 0.548438 0.762963 0.011458 0.048148
1 0.597917 0.621296 0.020833 0.024074
4 0.594010 0.558333 0.020313 0.096296
7 0.607552 0.507407 0.005729 0.031481
7 0.586979 0.481944 0.007292 0.030556
7 0.591667 0.463889 0.005208 0.027778
7 0.593229 0.443981 0.005208 0.028704
8 0.521354 0.527778 0.006250 0.033333
1 0.521875 0.537500 0.006250 0.025000
8 0.522917 0.432870 0.006250 0.021296
8 0.527604 0.415741 0.005208 0.020370
8 0.535677 0.411111 0.004687 0.020370
8 0.536979 0.393519 0.004167 0.018519
1 0.522917 0.439352 0.005208 0.017593
1 0.527344 0.422685 0.003646 0.017593
1 0.535417 0.415278 0.004167 0.015741
1 0.536719 0.399537 0.003646 0.013889
3 0.464583 0.393056 0.014583 0.025000
3 0.483333 0.378704 0.012500 0.020370
3 0.485417 0.367130 0.011458 0.019444
3 0.489583 0.356481 0.010417 0.018519
3 0.503125 0.359259 0.012500 0.018519
3 0.506510 0.350926 0.009896 0.018519
3 0.512500 0.332407 0.009375 0.018519
3 0.497656 0.341204 0.006771 0.012037
3 0.502604 0.345370 0.008333 0.014815
3 0.499740 0.333796 0.007812 0.012037
4 0.503125 0.317130 0.006250 0.015741
3 0.511458 0.318056 0.007292 0.012037
10 0.519531 0.315741 0.008854 0.020370
4 0.519271 0.297222 0.022917 0.011111
3 0.522396 0.284259 0.006250 0.009259
3 0.533073 0.285648 0.006771 0.010185
3 0.528385 0.281944 0.005729 0.010185
4 0.538542 0.269444 0.012500 0.012963
7 0.463281 0.356944 0.003646 0.017593
7 0.437760 0.289352 0.002604 0.012037
3 0.435156 0.302315 0.014063 0.012037
3 0.390625 0.362500 0.027083 0.021296
3 0.399479 0.360185 0.025000 0.020370
3 0.404427 0.356944 0.022396 0.017593
3 0.411198 0.351852 0.021354 0.016667
3 0.417969 0.345833 0.017188 0.013889
3 0.412760 0.342593 0.023438 0.014815
3 0.423698 0.338426 0.028646 0.019444
3 0.431250 0.331481 0.018750 0.014815
3 0.438542 0.322222 0.014583 0.014815
7 0.446875 0.284722 0.003125 0.013889
7 0.585156 0.359722 0.003646 0.015741
4 0.414583 0.389815 0.026042 0.022222
4 0.365365 0.386111 0.030729 0.020370
