4 0.125368 0.075163 0.249265 0.142484
0 0.124632 0.237255 0.040441 0.079739
1 0.045221 0.241176 0.021324 0.053595
5 0.025368 0.239869 0.019853 0.056209
5 0.009926 0.237255 0.019853 0.045752
3 0.011029 0.294771 0.022059 0.043137
7 0.007353 0.176471 0.014706 0.054902
7 0.069853 0.177778 0.017647 0.052288
5 0.069853 0.198039 0.026471 0.035294
5 0.083088 0.178431 0.016176 0.048366
5 0.135662 0.200000 0.030147 0.047059
7 0.183088 0.188889 0.010294 0.053595
7 0.200000 0.177124 0.010294 0.053595
5 0.150000 0.173856 0.019118 0.044444
5 0.131618 0.171895 0.016176 0.050980
7 0.101471 0.174510 0.016176 0.048366
3 0.039706 0.166667 0.011765 0.032680
0 0.286029 0.054248 0.051471 0.058824
8 0.282721 0.205882 0.015441 0.056209
5 0.280147 0.222876 0.019118 0.043137
5 0.386029 0.237255 0.019118 0.043137
8 0.387868 0.221569 0.015441 0.056209
5 0.354412 0.100654 0.010294 0.036601
8 0.352941 0.111111 0.007353 0.020915
5 0.356250 0.116340 0.015441 0.031373
8 0.302941 0.167320 0.016176 0.052288
5 0.302206 0.178431 0.025000 0.043137
7 0.315074 0.088235 0.008088 0.048366
7 0.341544 0.092157 0.008088 0.053595
7 0.326103 0.084314 0.008088 0.053595
7 0.318382 0.083660 0.007353 0.054902
3 0.320588 0.335948 0.104412 0.109804
3 0.393015 0.112418 0.040441 0.057516
3 0.493382 0.137908 0.035294 0.071895
11 0.228309 0.197386 0.090441 0.094118
3 0.380515 0.064706 0.038971 0.050980
3 0.398529 0.016340 0.030882 0.032680
7 0.647059 0.335294 0.026471 0.082353
8 0.312500 0.009804 0.008824 0.019608
1 0.314338 0.020915 0.005147 0.023529
5 0.350368 0.024183 0.011029 0.027451
7 0.356250 0.016340 0.008088 0.032680
7 0.418750 0.043137 0.009559 0.028758
5 0.418015 0.055556 0.008088 0.030065
8 0.480147 0.056863 0.007353 0.035294
5 0.479779 0.066667 0.006618 0.028758
8 0.586029 0.402614 0.017647 0.073203
5 0.588603 0.420915 0.044853 0.060131
8 0.575735 0.370588 0.020588 0.074510
5 0.579779 0.392810 0.041912 0.035294
11 0.737132 0.449020 0.131618 0.132026
3 0.739706 0.194771 0.066176 0.073203
11 0.546691 0.262092 0.038971 0.113725
3 0.513603 0.025490 0.024265 0.043137
3 0.568015 0.219608 0.038971 0.078431
3 0.552941 0.161438 0.036765 0.064052
3 0.558824 0.108497 0.032353 0.057516
3 0.556250 0.073203 0.033088 0.047059
3 0.556985 0.031373 0.025735 0.044444
3 0.562500 0.011111 0.020588 0.022222
3 0.522059 0.012418 0.020588 0.024837
11 0.603676 0.008497 0.017647 0.016993
8 0.980147 0.426797 0.020588 0.079739
5 0.975735 0.436601 0.047059 0.073203
7 0.862500 0.124837 0.014706 0.058824
7 0.940074 0.175817 0.012500 0.058824
7 0.955147 0.175163 0.013235 0.052288
7 0.986029 0.203268 0.014706 0.053595
7 0.962868 0.128758 0.011029 0.050980
7 0.934926 0.120915 0.012500 0.050980
7 0.946324 0.127451 0.010294 0.053595
7 0.956250 0.126797 0.008088 0.054902
8 0.899265 0.129412 0.011765 0.033987
8 0.931618 0.147059 0.011765 0.030065
8 0.930882 0.145752 0.011765 0.030065
8 0.910294 0.158824 0.017647 0.040523
3 0.308824 0.886275 0.155882 0.224837
