3 0.955515 0.183007 0.087500 0.091503
11 0.967279 0.369935 0.063971 0.096732
3 0.905515 0.289542 0.091912 0.095425
3 0.804412 0.213725 0.083824 0.095425
3 0.784191 0.362745 0.093382 0.103268
3 0.839338 0.516340 0.093382 0.104575
10 0.657353 0.579739 0.100000 0.105882
3 0.649265 0.474510 0.095588 0.109804
3 0.536029 0.550980 0.092647 0.108497
3 0.465809 0.445098 0.100735 0.111111
3 0.415074 0.337255 0.071324 0.083660
3 0.412132 0.627451 0.108088 0.112418
3 0.468750 0.702614 0.099265 0.118954
3 0.277206 0.695425 0.105882 0.122876
3 0.181618 0.866667 0.122059 0.130719
3 0.124632 0.790850 0.108088 0.115033
