4 0.472917 0.261111 0.043750 0.070370
9 0.195312 0.844444 0.040625 0.077778
3 0.219271 0.958333 0.088542 0.079630
3 0.234896 0.888889 0.057292 0.096296
3 0.384896 0.782407 0.038542 0.094444
3 0.286979 0.779630 0.046875 0.085185
3 0.405729 0.589815 0.021875 0.050000
3 0.531771 0.565741 0.021875 0.042593
3 0.428125 0.491667 0.018750 0.027778
3 0.404687 0.473148 0.017708 0.031481
0 0.415625 0.415741 0.016667 0.024074
3 0.439063 0.447222 0.013542 0.027778
3 0.581250 0.390741 0.020833 0.018519
3 0.542188 0.389815 0.019792 0.016667
3 0.527083 0.383333 0.016667 0.014815
11 0.514583 0.386111 0.018750 0.020370
3 0.501563 0.403704 0.011458 0.018519
3 0.490104 0.382407 0.019792 0.016667
9 0.494271 0.390741 0.007292 0.011111
3 0.456771 0.397222 0.011458 0.020370
11 0.442188 0.389815 0.009375 0.020370
11 0.428125 0.376852 0.012500 0.016667
3 0.432812 0.335185 0.009375 0.014815
3 0.434896 0.322222 0.009375 0.011111
3 0.448437 0.322222 0.007292 0.007407
3 0.450000 0.364815 0.008333 0.014815
3 0.454167 0.357407 0.010417 0.014815
3 0.455208 0.344444 0.006250 0.007407
3 0.456771 0.337037 0.007292 0.007407
3 0.458854 0.325000 0.005208 0.009259
3 0.454167 0.318519 0.006250 0.007407
3 0.453646 0.311111 0.005208 0.007407
3 0.459375 0.299074 0.004167 0.009259
3 0.522396 0.353704 0.015625 0.011111
3 0.513542 0.347222 0.004167 0.009259
3 0.490625 0.325926 0.004167 0.007407
0 0.500000 0.325926 0.004167 0.007407
3 0.484896 0.312963 0.003125 0.003704
3 0.492708 0.315741 0.004167 0.005556
3 0.490625 0.311111 0.004167 0.007407
3 0.491667 0.307407 0.004167 0.003704
10 0.486458 0.302778 0.004167 0.009259
7 0.605729 0.573148 0.005208 0.027778
7 0.607292 0.556481 0.004167 0.024074
7 0.559896 0.460185 0.005208 0.020370
7 0.565104 0.465741 0.005208 0.020370
