3 0.527604 0.182870 0.003125 0.004630
11 0.517969 0.207407 0.003646 0.009259
8 0.517448 0.221296 0.001563 0.003704
5 0.517708 0.223148 0.003125 0.003704
3 0.523958 0.224074 0.007292 0.007407
7 0.544271 0.199537 0.001042 0.006481
7 0.541927 0.199537 0.001563 0.006481
8 0.534896 0.222685 0.002083 0.004630
5 0.534635 0.224074 0.003646 0.003704
8 0.535417 0.227315 0.001042 0.004630
5 0.535156 0.230093 0.001563 0.004630
0 0.537760 0.236574 0.003646 0.006481
3 0.538542 0.242593 0.004167 0.005556
3 0.531510 0.235185 0.003646 0.007407
3 0.529687 0.238426 0.005208 0.006481
7 0.511979 0.237037 0.001042 0.007407
7 0.515104 0.239352 0.001042 0.006481
8 0.520052 0.240741 0.001563 0.003704
5 0.519792 0.244907 0.002083 0.004630
8 0.524740 0.241667 0.001563 0.005556
3 0.526302 0.246296 0.005729 0.009259
0 0.533854 0.251389 0.002083 0.008333
8 0.537500 0.250463 0.002083 0.004630
5 0.537500 0.253241 0.002083 0.008333
7 0.526823 0.252315 0.001563 0.006481
7 0.528646 0.259259 0.002083 0.009259
7 0.519010 0.253241 0.001563 0.008333
7 0.515104 0.245370 0.001042 0.007407
8 0.510938 0.243519 0.001042 0.003704
5 0.511458 0.248148 0.002083 0.005556
3 0.504687 0.249074 0.005208 0.009259
3 0.502604 0.257407 0.003125 0.005556
8 0.510938 0.255556 0.002083 0.005556
5 0.511198 0.258796 0.001563 0.004630
8 0.504687 0.263426 0.002083 0.004630
5 0.504687 0.267130 0.002083 0.004630
8 0.511458 0.262037 0.002083 0.003704
5 0.511719 0.267130 0.002604 0.006481
8 0.518750 0.268981 0.002083 0.008333
5 0.518750 0.274074 0.002083 0.009259
8 0.523438 0.271759 0.002083 0.004630
5 0.523698 0.275926 0.002604 0.005556
3 0.541667 0.262500 0.006250 0.008333
3 0.541146 0.269907 0.007292 0.008333
3 0.542708 0.276852 0.007292 0.009259
7 0.534375 0.279630 0.001042 0.011111
3 0.528385 0.282870 0.005729 0.010185
8 0.521615 0.283796 0.001563 0.004630
5 0.521354 0.285185 0.002083 0.011111
3 0.513281 0.283333 0.006771 0.011111
7 0.504687 0.278704 0.002083 0.009259
3 0.496354 0.279630 0.005208 0.011111
7 0.501302 0.276852 0.002604 0.011111
8 0.494271 0.282407 0.002083 0.005556
5 0.494010 0.287500 0.003646 0.008333
0 0.489323 0.294907 0.005729 0.013889
8 0.495573 0.294907 0.002604 0.006481
1 0.495573 0.299074 0.004687 0.009259
8 0.524219 0.294444 0.002604 0.005556
5 0.524219 0.297685 0.002604 0.008333
8 0.522135 0.299537 0.001563 0.004630
5 0.522656 0.303704 0.002604 0.009259
7 0.520312 0.307407 0.002083 0.009259
8 0.516146 0.298148 0.002083 0.005556
5 0.515885 0.303704 0.001563 0.005556
8 0.503385 0.297685 0.002604 0.010185
5 0.503385 0.305093 0.002604 0.010185
3 0.490625 0.306019 0.006250 0.010185
11 0.489323 0.318981 0.007812 0.015741
8 0.521615 0.321296 0.002604 0.007407
5 0.521615 0.326852 0.002604 0.007407
8 0.519271 0.334259 0.003125 0.007407
5 0.519271 0.339815 0.003125 0.007407
8 0.498958 0.331481 0.002083 0.007407
5 0.499479 0.337500 0.003125 0.008333
8 0.492969 0.334259 0.002604 0.009259
5 0.492448 0.340278 0.002604 0.006481
8 0.491667 0.346296 0.002083 0.007407
5 0.491927 0.352778 0.002604 0.009259
7 0.483854 0.347685 0.003125 0.015741
8 0.519792 0.348611 0.002083 0.008333
1 0.519792 0.353704 0.002083 0.009259
8 0.522135 0.358333 0.002604 0.012963
10 0.510156 0.366204 0.026562 0.021296
8 0.486719 0.354167 0.003646 0.006481
5 0.486979 0.359259 0.003125 0.009259
7 0.510156 0.406944 0.004687 0.017593
3 0.535417 0.425000 0.009375 0.018519
3 0.470833 0.366204 0.008333 0.017593
7 0.471615 0.385185 0.001563 0.014815
3 0.465625 0.380556 0.007292 0.020370
8 0.511979 0.431481 0.003125 0.009259
5 0.512240 0.433796 0.003646 0.021296
3 0.460156 0.402778 0.013021 0.022222
0 0.458333 0.415741 0.008333 0.022222
8 0.510938 0.453241 0.003125 0.012037
8 0.480990 0.445833 0.004687 0.012037
5 0.480729 0.453704 0.004167 0.014815
8 0.476042 0.462037 0.003125 0.011111
5 0.475521 0.471296 0.005208 0.014815
8 0.487500 0.503704 0.004167 0.012963
5 0.487240 0.514815 0.004687 0.014815
3 0.454167 0.432870 0.009375 0.021296
3 0.447656 0.445833 0.014063 0.019444
7 0.458854 0.447685 0.003125 0.013889
7 0.455469 0.450926 0.004687 0.014815
7 0.448437 0.453241 0.005208 0.019444
7 0.461198 0.469907 0.003646 0.023148
7 0.453646 0.469444 0.005208 0.020370
7 0.448698 0.471296 0.005729 0.022222
8 0.442969 0.501389 0.005729 0.021296
5 0.442969 0.505556 0.003646 0.016667
3 0.426042 0.519444 0.016667 0.031481
8 0.452604 0.550463 0.006250 0.019444
5 0.452083 0.559259 0.006250 0.014815
3 0.494792 0.574074 0.017708 0.033333
3 0.417969 0.547685 0.017188 0.026852
11 0.405729 0.570370 0.014583 0.033333
3 0.403646 0.610648 0.022917 0.041667
11 0.386719 0.650926 0.025521 0.057407
5 0.376302 0.680093 0.011979 0.025000
7 0.432552 0.559259 0.004687 0.024074
8 0.425260 0.615741 0.007812 0.018519
5 0.424219 0.625463 0.005729 0.019444
8 0.492708 0.636574 0.006250 0.021296
5 0.492448 0.647222 0.006771 0.022222
3 0.518229 0.684259 0.021875 0.048148
3 0.520052 0.759722 0.032813 0.060185
3 0.533594 0.827315 0.024479 0.058333
7 0.513802 0.828704 0.007812 0.044444
7 0.497917 0.668519 0.005208 0.033333
1 0.501823 0.677778 0.003646 0.029630
8 0.477865 0.658333 0.006771 0.020370
5 0.477344 0.668056 0.006771 0.026852
8 0.474219 0.717593 0.008854 0.024074
8 0.473698 0.714815 0.008854 0.029630
5 0.473698 0.717593 0.009896 0.037037
8 0.476302 0.817130 0.008854 0.026852
1 0.476042 0.830093 0.007292 0.034259
8 0.454427 0.759259 0.006771 0.027778
5 0.454427 0.768519 0.004687 0.035185
8 0.457031 0.802315 0.006771 0.017593
8 0.459115 0.793056 0.008854 0.023148
5 0.458073 0.805556 0.006771 0.029630
8 0.404687 0.756481 0.007292 0.022222
5 0.404167 0.771759 0.008333 0.028704
8 0.581250 0.919907 0.011458 0.030556
3 0.534635 0.985185 0.028646 0.027778
3 0.413542 0.933796 0.034375 0.082407
3 0.333333 0.924537 0.038542 0.093519
3 0.347917 0.782870 0.027083 0.062037
3 0.291146 0.978241 0.033333 0.041667
5 0.300781 0.934722 0.023438 0.043519
8 0.458854 0.857407 0.007292 0.025926
8 0.461979 0.852778 0.006250 0.014815
5 0.459115 0.870370 0.006771 0.035185
8 0.390885 0.812500 0.008854 0.023148
5 0.390365 0.830093 0.008854 0.030556
8 0.380208 0.880556 0.005208 0.014815
8 0.380990 0.875926 0.008854 0.031481
8 0.382031 0.869907 0.008854 0.026852
5 0.380208 0.893519 0.011458 0.038889
8 0.027604 0.992593 0.009375 0.012963
7 0.072656 0.968981 0.015104 0.032407
7 0.080729 0.947685 0.013542 0.025000
8 0.105729 0.928704 0.009375 0.025926
7 0.113021 0.929630 0.005208 0.016667
8 0.128385 0.905556 0.009896 0.033333
8 0.146875 0.903704 0.011458 0.025926
8 0.113542 0.900463 0.010417 0.034259
8 0.097656 0.901389 0.014063 0.030556
5 0.109115 0.868981 0.026562 0.034259
5 0.178125 0.843981 0.020833 0.028704
7 0.156510 0.811574 0.005729 0.025000
8 0.143750 0.806019 0.010417 0.030556
1 0.144531 0.782407 0.021354 0.022222
5 0.327865 0.848148 0.011979 0.035185
7 0.267708 0.881019 0.004167 0.025000
8 0.258073 0.898611 0.007812 0.019444
5 0.291667 0.854630 0.020833 0.022222
5 0.291927 0.833333 0.018229 0.018519
5 0.291667 0.819444 0.020833 0.024074
5 0.299740 0.814815 0.021354 0.020370
5 0.301302 0.805556 0.021354 0.018519
5 0.214583 0.547222 0.011458 0.014815
7 0.246875 0.524537 0.005208 0.026852
7 0.255208 0.547685 0.005208 0.026852
5 0.279687 0.543519 0.012500 0.014815
5 0.278906 0.531944 0.015104 0.017593
11 0.273438 0.482407 0.023958 0.035185
3 0.297135 0.468056 0.013021 0.019444
5 0.316667 0.452315 0.011458 0.015741
8 0.308073 0.442130 0.004687 0.012037
8 0.341406 0.460185 0.003646 0.011111
8 0.344010 0.454167 0.003646 0.006481
8 0.342187 0.450926 0.003125 0.011111
8 0.337760 0.452315 0.003646 0.012037
8 0.337500 0.447222 0.004167 0.011111
8 0.342448 0.439352 0.002604 0.015741
5 0.338802 0.427778 0.005729 0.012963
8 0.349740 0.433796 0.003646 0.012037
8 0.357292 0.431944 0.004167 0.012037
7 0.361198 0.434722 0.002604 0.012037
8 0.364583 0.421759 0.005208 0.012037
8 0.370573 0.421296 0.004687 0.011111
8 0.368229 0.403704 0.003125 0.011111
8 0.374740 0.411574 0.002604 0.008333
8 0.375000 0.395370 0.004167 0.009259
7 0.357031 0.405093 0.002604 0.019444
