11 0.250735 0.752288 0.041176 0.066667
7 0.307353 0.609804 0.001471 0.011765
7 0.310294 0.611111 0.001471 0.011765
11 0.376838 0.664052 0.012500 0.020915
3 0.400735 0.866013 0.016176 0.030065
11 0.436765 0.544444 0.010294 0.014379
10 0.809926 0.744444 0.037500 0.037908
10 0.780147 0.450327 0.055882 0.048366
10 0.565441 0.431373 0.013235 0.031373
3 0.538603 0.350327 0.005147 0.007843
3 0.537132 0.332680 0.005147 0.006536
11 0.577941 0.340523 0.005882 0.006536
10 0.527941 0.290850 0.013235 0.024837
10 0.574632 0.313072 0.015441 0.024837
11 0.562500 0.294771 0.004412 0.006536
11 0.569118 0.275163 0.004412 0.006536
11 0.574632 0.280392 0.003676 0.006536
11 0.555515 0.252288 0.003676 0.005229
11 0.568015 0.245752 0.003676 0.005229
11 0.580515 0.248366 0.003676 0.005229
10 0.616176 0.247059 0.013235 0.020915
11 0.595956 0.231373 0.003676 0.005229
11 0.604044 0.202614 0.002206 0.002614
11 0.609191 0.203268 0.002206 0.003922
10 0.631985 0.167974 0.005147 0.011765
3 0.616912 0.166013 0.002941 0.002614
3 0.624632 0.165359 0.002206 0.003922
11 0.616176 0.161438 0.002941 0.003922
3 0.616176 0.158170 0.001471 0.002614
3 0.624632 0.147059 0.002206 0.001307
3 0.630147 0.147712 0.001471 0.002614
3 0.633456 0.154248 0.002206 0.002614
3 0.626103 0.141176 0.002206 0.002614
11 0.631618 0.139869 0.001471 0.002614
11 0.638235 0.141176 0.001471 0.002614
11 0.658088 0.166013 0.001471 0.002614
3 0.644485 0.116340 0.002206 0.002614
3 0.650000 0.110458 0.001471 0.001307
11 0.652941 0.105229 0.001471 0.003922
10 0.648162 0.107190 0.002206 0.005229
4 0.661765 0.094118 0.011765 0.018301
4 0.672059 0.071895 0.013235 0.018301
10 0.550368 0.222876 0.011029 0.016993
3 0.171691 0.298039 0.011029 0.007843
3 0.073162 0.341830 0.012500 0.006536
