3 0.159115 0.921759 0.053646 0.141667
7 0.078125 0.908333 0.017708 0.062963
3 0.217708 0.684722 0.047917 0.087963
3 0.135677 0.728241 0.056771 0.095370
3 0.065885 0.738426 0.066146 0.093519
3 0.022917 0.719444 0.045833 0.101852
3 0.178906 0.635648 0.046354 0.075000
3 0.121615 0.647222 0.051562 0.075926
3 0.079948 0.631944 0.055729 0.076852
3 0.126823 0.555093 0.045312 0.056481
3 0.169010 0.561574 0.040104 0.058333
11 0.258594 0.574074 0.042188 0.088889
3 0.290365 0.497685 0.032813 0.052778
11 0.244792 0.493981 0.034375 0.060185
3 0.211979 0.486574 0.034375 0.049074
3 0.181771 0.463889 0.036458 0.053704
3 0.311979 0.440741 0.027083 0.038889
3 0.274219 0.444444 0.029687 0.040741
3 0.238281 0.436111 0.031771 0.040741
3 0.227865 0.396296 0.026562 0.037037
8 0.244531 0.312037 0.005729 0.012963
1 0.244271 0.323611 0.006250 0.013889
3 0.279948 0.363426 0.022396 0.032407
3 0.307812 0.339815 0.018750 0.029630
10 0.332031 0.369907 0.043229 0.082407
3 0.354427 0.331019 0.019271 0.030556
11 0.335938 0.308796 0.016667 0.034259
11 0.356250 0.305556 0.015625 0.029630
3 0.366927 0.290741 0.016146 0.029630
3 0.336458 0.293056 0.021875 0.026852
3 0.347917 0.276389 0.016667 0.021296
3 0.378125 0.266667 0.014583 0.024074
3 0.315625 0.218519 0.003125 0.018519
8 0.329948 0.204630 0.004687 0.009259
1 0.330469 0.210185 0.003646 0.009259
3 0.443490 0.305093 0.014063 0.025000
3 0.449219 0.218519 0.008854 0.014815
3 0.451302 0.184259 0.007812 0.012963
8 0.466146 0.171296 0.002083 0.003704
9 0.466146 0.174537 0.003125 0.006481
3 0.387500 0.242130 0.011458 0.019444
3 0.372917 0.228241 0.010417 0.017593
3 0.380208 0.216204 0.011458 0.017593
3 0.392448 0.225926 0.008854 0.014815
3 0.397917 0.217593 0.009375 0.014815
3 0.365885 0.211111 0.010937 0.016667
3 0.351823 0.204167 0.010937 0.017593
3 0.372135 0.195370 0.008854 0.012963
3 0.375781 0.165741 0.007812 0.011111
3 0.385156 0.180556 0.007812 0.012963
11 0.385417 0.175463 0.007292 0.015741
11 0.401562 0.206481 0.010417 0.022222
11 0.404687 0.188426 0.008333 0.012037
11 0.409896 0.182870 0.008333 0.017593
3 0.404167 0.196296 0.009375 0.014815
3 0.399740 0.173148 0.008854 0.012963
3 0.396354 0.166204 0.007292 0.010185
11 0.392188 0.161111 0.006250 0.014815
11 0.388021 0.151389 0.006250 0.010185
3 0.397135 0.151389 0.005729 0.008333
3 0.404167 0.157407 0.007292 0.009259
10 0.414323 0.160185 0.013021 0.038889
3 0.420573 0.153704 0.006771 0.011111
3 0.423177 0.145833 0.006771 0.008333
3 0.424219 0.142593 0.005729 0.009259
3 0.426042 0.140278 0.006250 0.010185
3 0.427865 0.135648 0.005729 0.006481
3 0.428646 0.131019 0.005208 0.008333
3 0.429948 0.129630 0.003646 0.005556
3 0.432552 0.123611 0.003646 0.008333
11 0.439063 0.136574 0.005208 0.010185
11 0.441146 0.132407 0.005208 0.011111
11 0.442448 0.122222 0.004687 0.011111
3 0.460417 0.106944 0.004167 0.006481
3 0.451562 0.109259 0.003125 0.003704
11 0.404687 0.135648 0.005208 0.012037
3 0.400260 0.131019 0.004687 0.006481
3 0.404948 0.124074 0.003646 0.007407
3 0.413281 0.125926 0.004687 0.007407
3 0.422917 0.122222 0.006250 0.007407
3 0.418229 0.116204 0.003125 0.006481
11 0.428125 0.108333 0.004167 0.009259
3 0.423698 0.105093 0.003646 0.006481
3 0.416667 0.109259 0.003125 0.005556
3 0.410677 0.115278 0.004687 0.008333
4 0.450000 0.081944 0.048958 0.030556
4 0.445573 0.106019 0.007812 0.019444
4 0.735417 0.244907 0.004167 0.010185
4 0.919271 0.314815 0.006250 0.016667
