4 0.504948 0.534722 0.066146 0.065741
3 0.245052 0.831019 0.084896 0.128704
5 0.287500 0.753241 0.021875 0.067593
5 0.276823 0.742130 0.020313 0.050926
3 0.651042 0.926852 0.103125 0.144444
1 0.548698 0.940741 0.029687 0.116667
8 0.549479 0.910648 0.030208 0.126852
3 0.352083 0.763889 0.072917 0.092593
3 0.445573 0.760648 0.061979 0.089815
3 0.402865 0.688889 0.043229 0.066667
3 0.384375 0.635185 0.065625 0.044444
3 0.611719 0.820370 0.071354 0.112963
3 0.592448 0.749074 0.065104 0.096296
3 0.578906 0.702778 0.047396 0.055556
3 0.569792 0.676852 0.041667 0.057407
3 0.563802 0.653241 0.035937 0.045370
3 0.561979 0.630093 0.029167 0.036111
3 0.549740 0.599537 0.022396 0.034259
3 0.471875 0.659259 0.037500 0.050000
3 0.451562 0.599074 0.022917 0.033333
3 0.481771 0.619907 0.028125 0.041667
3 0.500000 0.577778 0.017708 0.025926
3 0.514583 0.588426 0.021875 0.034259
1 0.469531 0.600463 0.006771 0.023148
8 0.467969 0.594444 0.009896 0.029630
3 0.463021 0.583796 0.021875 0.028704
3 0.466406 0.575000 0.018229 0.022222
1 0.521875 0.630556 0.009375 0.031481
8 0.522396 0.619444 0.008333 0.037037
5 0.532552 0.581944 0.007812 0.019444
8 0.532552 0.576852 0.006771 0.024074
1 0.534115 0.626389 0.007812 0.032407
8 0.534635 0.615741 0.007812 0.037037
1 0.532031 0.606944 0.007812 0.023148
8 0.532552 0.597685 0.005729 0.019444
3 0.377865 0.963426 0.119271 0.071296
