4 0.487500 0.220370 0.016667 0.046296
4 0.600781 0.235648 0.060937 0.037963
3 0.499740 0.242593 0.006771 0.011111
8 0.492969 0.260185 0.001563 0.007407
3 0.492188 0.269907 0.007292 0.012037
3 0.501042 0.257870 0.006250 0.010185
3 0.503646 0.262037 0.006250 0.007407
3 0.504427 0.272685 0.006771 0.012037
10 0.483854 0.282870 0.007292 0.013889
3 0.507292 0.285648 0.006250 0.012037
3 0.508854 0.302315 0.009375 0.012037
8 0.498437 0.291204 0.002083 0.008333
5 0.498437 0.298611 0.002083 0.008333
8 0.493490 0.297685 0.001563 0.006481
5 0.492969 0.301852 0.002604 0.009259
3 0.514323 0.320833 0.010937 0.015741
7 0.510938 0.339815 0.003125 0.014815
3 0.477604 0.313426 0.009375 0.013889
0 0.480208 0.322222 0.007292 0.016667
0 0.459896 0.367593 0.007292 0.016667
0 0.457813 0.382407 0.013542 0.018519
0 0.462760 0.396296 0.009896 0.020370
0 0.447135 0.393519 0.014063 0.018519
7 0.484896 0.383796 0.004167 0.017593
3 0.498958 0.394907 0.012500 0.025000
3 0.486198 0.413426 0.014063 0.023148
5 0.438542 0.421296 0.011458 0.009259
5 0.438021 0.429167 0.011458 0.012037
7 0.438542 0.430556 0.004167 0.014815
8 0.524740 0.403704 0.003646 0.012963
1 0.524479 0.412037 0.003125 0.012963
3 0.555208 0.410648 0.019792 0.015741
3 0.560417 0.419907 0.021875 0.013889
3 0.565104 0.428241 0.026042 0.019444
3 0.570833 0.441667 0.022917 0.020370
3 0.571615 0.460185 0.028646 0.024074
3 0.537500 0.443519 0.016667 0.027778
8 0.556250 0.480093 0.005208 0.013889
8 0.553385 0.482870 0.003646 0.012037
5 0.555990 0.490278 0.009896 0.012037
3 0.548177 0.510185 0.021354 0.042593
8 0.525521 0.443519 0.004167 0.012963
5 0.525260 0.452778 0.004687 0.016667
8 0.522396 0.455556 0.003125 0.009259
8 0.521354 0.452315 0.004167 0.013889
5 0.521875 0.459722 0.005208 0.015741
8 0.513802 0.456019 0.003646 0.013889
5 0.513802 0.463889 0.006771 0.018519
8 0.505729 0.440278 0.005208 0.013889
5 0.505729 0.450000 0.006250 0.016667
8 0.498698 0.443981 0.004687 0.015741
5 0.498698 0.452778 0.004687 0.018519
8 0.464583 0.434259 0.004167 0.011111
9 0.464583 0.440741 0.007292 0.022222
7 0.461979 0.455556 0.004167 0.022222
7 0.454948 0.451389 0.004687 0.023148
5 0.451302 0.457870 0.005729 0.019444
8 0.445312 0.449074 0.004167 0.014815
5 0.444792 0.455556 0.005208 0.020370
7 0.439063 0.467593 0.004167 0.024074
7 0.433333 0.487500 0.006250 0.025000
5 0.423958 0.494444 0.010417 0.018519
8 0.443229 0.498148 0.004167 0.012963
9 0.442188 0.507870 0.010417 0.021296
8 0.489063 0.491204 0.002083 0.012037
8 0.486719 0.490278 0.004687 0.015741
8 0.483854 0.489352 0.005208 0.015741
5 0.484896 0.499537 0.012500 0.017593
8 0.544792 0.548148 0.006250 0.031481
5 0.545312 0.553241 0.014583 0.015741
5 0.577083 0.562500 0.011458 0.019444
7 0.568229 0.591667 0.007292 0.031481
8 0.545052 0.600000 0.006771 0.022222
5 0.544010 0.609722 0.005729 0.025000
3 0.500000 0.600000 0.026042 0.050000
8 0.446354 0.552778 0.004167 0.018519
5 0.446094 0.560648 0.010937 0.017593
7 0.439583 0.575463 0.005208 0.030556
5 0.425521 0.582407 0.015625 0.020370
3 0.425000 0.610648 0.020833 0.047222
8 0.465365 0.568981 0.004687 0.017593
5 0.464844 0.583333 0.005729 0.022222
8 0.475260 0.604167 0.005729 0.021296
5 0.475260 0.617593 0.005729 0.027778
8 0.464062 0.604630 0.007292 0.022222
5 0.463542 0.617593 0.006250 0.022222
3 0.589844 0.646759 0.027604 0.062037
5 0.602865 0.686574 0.023438 0.025000
3 0.605469 0.731019 0.034896 0.060185
3 0.628125 0.795833 0.038542 0.076852
5 0.647396 0.861574 0.011458 0.039815
3 0.621354 0.877778 0.042708 0.087037
8 0.551302 0.777778 0.007812 0.033333
5 0.550000 0.793519 0.007292 0.037037
8 0.578646 0.813426 0.010417 0.025000
5 0.578906 0.815741 0.006771 0.040741
8 0.579427 0.806944 0.004687 0.012037
5 0.414323 0.644907 0.016146 0.013889
5 0.413281 0.654630 0.021354 0.018519
3 0.410677 0.678704 0.023438 0.042593
5 0.389844 0.620370 0.016146 0.018519
3 0.406250 0.731019 0.025000 0.026852
7 0.425781 0.750000 0.007812 0.031481
8 0.423177 0.768519 0.004687 0.014815
6 0.425521 0.774537 0.008333 0.032407
3 0.398698 0.802778 0.035937 0.072222
3 0.381510 0.986111 0.031771 0.025926
0 0.470313 0.952315 0.022917 0.093519
8 0.471354 0.958796 0.014583 0.030556
8 0.975521 0.986111 0.012500 0.025926
7 0.959635 0.974537 0.010937 0.045370
7 0.938021 0.981481 0.008333 0.029630
5 0.864062 0.939815 0.031250 0.040741
7 0.882292 0.908796 0.007292 0.034259
5 0.910156 0.895370 0.031771 0.042593
8 0.894792 0.866667 0.011458 0.031481
8 0.874740 0.868056 0.010937 0.032407
8 0.851302 0.819907 0.013021 0.037963
8 0.844010 0.798611 0.009896 0.025000
7 0.826042 0.735185 0.009375 0.046296
7 0.860156 0.742130 0.009896 0.039815
7 0.882031 0.743981 0.005729 0.030556
8 0.880990 0.729167 0.005729 0.023148
5 0.850521 0.718519 0.027083 0.035185
5 0.823958 0.675926 0.023958 0.022222
8 0.757292 0.659722 0.003125 0.015741
7 0.754687 0.670370 0.007292 0.038889
8 0.735156 0.678241 0.010937 0.021296
5 0.788021 0.633333 0.018750 0.025926
5 0.816927 0.636574 0.018229 0.021296
5 0.814583 0.621296 0.015625 0.018519
8 0.810937 0.608796 0.007292 0.023148
7 0.791146 0.527778 0.005208 0.029630
7 0.772396 0.536111 0.006250 0.029630
7 0.767448 0.538426 0.003646 0.021296
8 0.705469 0.526389 0.007812 0.023148
7 0.688021 0.520370 0.005208 0.029630
3 0.683333 0.507870 0.038542 0.030556
7 0.734115 0.504630 0.005729 0.024074
3 0.744792 0.502315 0.043750 0.030556
3 0.695573 0.499074 0.042188 0.031481
3 0.671615 0.471296 0.028646 0.025926
11 0.622656 0.474074 0.029687 0.035185
8 0.702604 0.460185 0.005208 0.012963
8 0.737500 0.468981 0.006250 0.015741
7 0.732031 0.477778 0.002604 0.018519
7 0.729688 0.476389 0.003125 0.019444
8 0.755729 0.475000 0.004167 0.022222
1 0.757552 0.481944 0.010937 0.015741
9 0.761198 0.468981 0.013021 0.025000
8 0.772656 0.467593 0.004687 0.016667
8 0.716406 0.463426 0.004687 0.013889
9 0.777865 0.471296 0.009896 0.024074
7 0.789323 0.472685 0.003646 0.019444
1 0.786979 0.480093 0.004167 0.017593
3 0.808333 0.497222 0.016667 0.031481
7 0.804167 0.436574 0.003125 0.021296
5 0.806771 0.440278 0.009375 0.019444
5 0.793229 0.424537 0.008333 0.015741
1 0.783854 0.418056 0.009375 0.013889
8 0.776823 0.400926 0.002604 0.011111
5 0.777604 0.407870 0.009375 0.010185
7 0.771354 0.404630 0.004167 0.024074
7 0.753385 0.383333 0.003646 0.014815
7 0.763021 0.346759 0.003125 0.013889
7 0.765365 0.350926 0.001563 0.009259
8 0.770052 0.344444 0.002604 0.012963
7 0.793490 0.388889 0.002604 0.009259
7 0.799740 0.385648 0.002604 0.019444
7 0.809375 0.377778 0.004167 0.016667
7 0.802083 0.371296 0.004167 0.016667
