3 0.577941 0.611765 0.058824 0.115033
3 0.843750 0.606536 0.066912 0.115033
3 0.317279 0.848366 0.140441 0.183007
3 0.243015 0.941176 0.128676 0.115033
3 0.308824 0.637255 0.064706 0.142484
3 0.340441 0.522876 0.057353 0.099346
3 0.245956 0.325490 0.049265 0.060131
3 0.302206 0.322222 0.033824 0.056209
3 0.347426 0.318954 0.038971 0.062745
3 0.406250 0.313072 0.031618 0.058824
3 0.639338 0.333987 0.036029 0.058824
3 0.669118 0.271242 0.026471 0.035294
3 0.831250 0.364706 0.065441 0.057516
3 0.429412 0.211111 0.054412 0.040523
3 0.347794 0.238562 0.069118 0.050980
3 0.408088 0.197386 0.042647 0.033987
11 0.435662 0.183007 0.033088 0.039216
3 0.436765 0.163399 0.033824 0.026144
11 0.442279 0.140523 0.031618 0.027451
11 0.461029 0.150327 0.022059 0.031373
2 0.445588 0.120915 0.058824 0.040523
3 0.501471 0.117647 0.014706 0.018301
3 0.550368 0.115033 0.012500 0.023529
8 0.534559 0.115033 0.004412 0.018301
1 0.534559 0.122222 0.004412 0.014379
7 0.559559 0.103922 0.004412 0.019608
7 0.682721 0.242484 0.009559 0.035294
1 0.739706 0.364706 0.029412 0.033987
5 0.720956 0.330065 0.016912 0.030065
3 0.533456 0.077778 0.011029 0.019608
3 0.484926 0.045752 0.006618 0.013072
3 0.464338 0.090850 0.012500 0.016993
3 0.445588 0.094118 0.016176 0.015686
3 0.454044 0.082353 0.015441 0.015686
3 0.451103 0.074510 0.009559 0.013072
3 0.450735 0.047712 0.017647 0.014379
3 0.451471 0.064706 0.007353 0.014379
3 0.464706 0.041830 0.013235 0.013072
3 0.451103 0.063399 0.009559 0.011765
3 0.527941 0.067974 0.007353 0.013072
3 0.524265 0.060784 0.008824 0.016993
3 0.520588 0.058170 0.011765 0.011765
3 0.622059 0.220261 0.058824 0.037908
3 0.520221 0.050980 0.021324 0.010458
3 0.525368 0.048366 0.025735 0.010458
3 0.518382 0.042484 0.022059 0.006536
4 0.489706 0.019608 0.077941 0.036601
3 0.214706 0.459477 0.111765 0.077124
