3 0.423162 0.592810 0.133088 0.244444
3 0.399632 0.295425 0.111029 0.177778
8 0.213235 0.287582 0.016176 0.052288
8 0.212868 0.284314 0.027206 0.071895
5 0.213971 0.324183 0.048529 0.078431
5 0.536029 0.145098 0.055882 0.057516
7 0.931985 0.090196 0.038971 0.088889
8 0.879779 0.240523 0.018382 0.054902
8 0.901471 0.263399 0.019118 0.074510
8 0.905147 0.437908 0.023529 0.096732
5 0.863971 0.271895 0.027941 0.047059
5 0.889338 0.285621 0.024265 0.048366
5 0.889706 0.450980 0.039706 0.057516
3 0.746324 0.162745 0.116176 0.155556
3 0.960294 0.273203 0.077941 0.149020
3 0.276471 0.064706 0.091176 0.116340
