4 0.557292 0.305556 0.064583 0.040741
4 0.508854 0.300000 0.023958 0.044444
4 0.501042 0.373148 0.033333 0.038889
4 0.606771 0.294444 0.030208 0.029630
10 0.795312 0.706481 0.067708 0.038889
5 0.745833 0.710185 0.014583 0.016667
7 0.736979 0.607407 0.003125 0.022222
3 0.722396 0.632407 0.042708 0.027778
5 0.649479 0.772222 0.009375 0.037037
3 0.668750 0.593519 0.035417 0.024074
3 0.672917 0.563889 0.037500 0.024074
3 0.629687 0.718519 0.023958 0.048148
3 0.441146 0.975926 0.030208 0.044444
7 0.431250 0.903704 0.006250 0.040741
3 0.479687 0.882407 0.048958 0.064815
3 0.266146 0.958333 0.044792 0.079630
7 0.356771 0.745370 0.007292 0.027778
5 0.361458 0.809259 0.010417 0.029630
7 0.216667 0.788889 0.010417 0.029630
9 0.203646 0.893519 0.038542 0.079630
3 0.352083 0.714815 0.045833 0.037037
3 0.375000 0.662037 0.047917 0.027778
3 0.404687 0.705556 0.023958 0.048148
3 0.436979 0.677778 0.021875 0.048148
3 0.407292 0.590741 0.022917 0.029630
3 0.414583 0.568519 0.033333 0.022222
3 0.419271 0.549074 0.032292 0.020370
3 0.434375 0.506481 0.031250 0.020370
7 0.480729 0.551852 0.005208 0.018519
11 0.588021 0.634259 0.009375 0.027778
11 0.617708 0.571296 0.014583 0.031481
10 0.613542 0.527778 0.016667 0.037037
3 0.609375 0.499074 0.012500 0.016667
3 0.603646 0.477778 0.011458 0.018519
3 0.566667 0.567593 0.008333 0.024074
3 0.546354 0.509259 0.011458 0.022222
3 0.554688 0.452778 0.009375 0.016667
0 0.523958 0.435185 0.006250 0.014815
10 0.483854 0.444444 0.017708 0.029630
7 0.502604 0.433333 0.003125 0.014815
3 0.514062 0.411111 0.009375 0.014815
3 0.526042 0.348148 0.006250 0.007407
3 0.544792 0.342593 0.006250 0.011111
3 0.592187 0.385185 0.009375 0.011111
3 0.597917 0.409259 0.008333 0.014815
3 0.598437 0.425926 0.009375 0.018519
3 0.520833 0.335185 0.006250 0.007407
10 0.502083 0.409259 0.010417 0.022222
7 0.427083 0.427778 0.002083 0.022222
3 0.570312 0.335185 0.005208 0.007407
