3 0.722059 0.430065 0.061765 0.060131
3 0.783088 0.388889 0.061765 0.061438
3 0.869485 0.358170 0.066912 0.052288
3 0.772059 0.301961 0.058824 0.049673
3 0.288603 0.767320 0.087500 0.130719
3 0.175000 0.588889 0.060294 0.084967
3 0.102574 0.619608 0.055147 0.094118
3 0.334191 0.943791 0.143382 0.109804
11 0.365441 0.737908 0.073529 0.121569
11 0.249632 0.621569 0.059559 0.105882
11 0.112868 0.737908 0.072794 0.134641
11 0.306618 0.496078 0.054412 0.090196
11 0.136029 0.428758 0.039706 0.083660
3 0.710294 0.342484 0.057353 0.057516
3 0.237500 0.275163 0.055882 0.043137
3 0.301471 0.259477 0.052941 0.045752
3 0.268750 0.220915 0.030147 0.054902
7 0.306250 0.361438 0.009559 0.045752
7 0.737500 0.364706 0.010294 0.041830
7 0.350368 0.791503 0.016912 0.079739
7 0.304044 0.835948 0.028676 0.071895
10 0.221691 0.822876 0.112500 0.223529
3 0.650368 0.368627 0.062500 0.060131
3 0.041912 0.098693 0.047059 0.024837
3 0.049632 0.074510 0.031618 0.023529
3 0.076103 0.066013 0.022794 0.027451
3 0.121691 0.128758 0.028676 0.027451
3 0.092279 0.116993 0.036029 0.022222
3 0.136397 0.099346 0.043382 0.023529
3 0.147426 0.067974 0.036029 0.023529
4 0.142279 0.235948 0.081618 0.084967
10 0.065074 0.224183 0.059559 0.103268
4 0.161029 0.171895 0.032353 0.035294
4 0.017647 0.219608 0.029412 0.122876
7 0.074265 0.092157 0.005882 0.027451
7 0.023162 0.114379 0.008088 0.027451
7 0.106250 0.074510 0.005147 0.023529
7 0.026103 0.061438 0.005147 0.026144
7 0.091912 0.084314 0.007353 0.022222
1 0.093750 0.089542 0.016912 0.016993
8 0.034191 0.134641 0.005147 0.015686
8 0.045221 0.132026 0.006618 0.015686
8 0.052206 0.128758 0.005882 0.014379
8 0.059559 0.130065 0.005882 0.014379
8 0.063603 0.129412 0.005147 0.015686
8 0.013971 0.145098 0.005882 0.013072
8 0.020221 0.143137 0.005147 0.014379
8 0.026471 0.143137 0.005882 0.014379
7 0.150368 0.115033 0.006618 0.028758
7 0.058456 0.467974 0.012500 0.047059
5 0.169853 0.489542 0.016176 0.048366
5 0.186765 0.510458 0.016176 0.048366
1 0.209926 0.547712 0.019853 0.041830
1 0.216544 0.542484 0.018382 0.054902
1 0.199265 0.506536 0.014706 0.045752
1 0.245588 0.565359 0.032353 0.035294
11 0.841544 0.171895 0.040441 0.043137
3 0.898162 0.201307 0.049265 0.039216
3 0.861029 0.200000 0.041176 0.044444
3 0.983824 0.220915 0.030882 0.033987
3 0.878676 0.101307 0.027941 0.022222
3 0.884559 0.067320 0.026471 0.022222
9 0.828309 0.086928 0.021324 0.019608
