4 0.537500 0.564815 0.020833 0.020370
4 0.474740 0.562500 0.010937 0.008333
4 0.817969 0.975926 0.080729 0.046296
3 0.748177 0.862037 0.118229 0.103704
1 0.303906 0.860648 0.034896 0.050926
1 0.334115 0.819907 0.018229 0.052778
3 0.510938 0.939352 0.071875 0.119444
3 0.479687 0.830556 0.053125 0.083333
3 0.399219 0.820833 0.058854 0.089815
3 0.414062 0.772222 0.050000 0.055556
1 0.406771 0.724537 0.026042 0.030556
3 0.452604 0.689352 0.030208 0.043519
8 0.601042 0.894907 0.017708 0.082407
1 0.601302 0.912037 0.020313 0.074074
8 0.603646 0.787037 0.016667 0.059259
1 0.603385 0.795833 0.014063 0.045370
8 0.576562 0.688426 0.007292 0.041667
3 0.488021 0.750926 0.035417 0.059259
3 0.492448 0.712963 0.031771 0.050000
1 0.576302 0.698611 0.007812 0.034259
4 0.559115 0.616204 0.010937 0.021296
8 0.565885 0.651389 0.005729 0.030556
1 0.565625 0.658796 0.005208 0.023148
1 0.560417 0.644444 0.005208 0.018519
8 0.560156 0.633796 0.005729 0.023148
3 0.497135 0.680556 0.028646 0.048148
3 0.494792 0.657870 0.025000 0.034259
3 0.502865 0.645370 0.021354 0.029630
3 0.506771 0.629167 0.018750 0.025000
3 0.511719 0.615278 0.016146 0.026852
3 0.536719 0.615278 0.016146 0.026852
3 0.535156 0.630093 0.020313 0.032407
11 0.555990 0.570833 0.014063 0.021296
11 0.556771 0.580093 0.012500 0.021296
3 0.522396 0.595370 0.027083 0.018519
3 0.528906 0.599537 0.031771 0.021296
3 0.478646 0.595833 0.035417 0.019444
8 0.487760 0.600463 0.005729 0.019444
1 0.487500 0.606944 0.005208 0.015741
8 0.505729 0.583333 0.005208 0.012963
5 0.505990 0.587963 0.005729 0.014815
