3 0.123897 0.337255 0.053676 0.054902
3 0.198162 0.247059 0.038971 0.039216
3 0.268750 0.847059 0.159559 0.130719
11 0.277574 0.943137 0.188971 0.111111
3 0.774632 0.930719 0.184559 0.135948
11 0.689338 0.835294 0.166912 0.183007
3 0.675368 0.737255 0.134559 0.088889
3 0.639706 0.671242 0.120588 0.090196
11 0.622059 0.598693 0.116176 0.081046
3 0.584559 0.523529 0.092647 0.077124
3 0.341912 0.539216 0.098529 0.071895
3 0.348529 0.472549 0.091176 0.074510
3 0.348897 0.426797 0.080147 0.061438
3 0.356985 0.398693 0.080147 0.052288
3 0.559191 0.471242 0.080147 0.061438
3 0.579779 0.416340 0.069853 0.050980
7 0.651838 0.443791 0.011029 0.056209
7 0.675735 0.434641 0.011765 0.053595
7 0.581250 0.321569 0.008088 0.041830
7 0.558456 0.374510 0.061029 0.048366
7 0.549632 0.350327 0.058088 0.044444
7 0.539338 0.328758 0.058088 0.037908
7 0.531618 0.307843 0.060294 0.035294
3 0.389706 0.324183 0.057353 0.044444
3 0.388603 0.305882 0.061029 0.039216
3 0.393750 0.283007 0.062500 0.045752
7 0.930882 0.579739 0.011765 0.066667
7 0.908456 0.587582 0.019853 0.066667
8 0.877574 0.524837 0.016912 0.056209
8 0.897426 0.519608 0.016912 0.058824
3 0.258088 0.184314 0.027941 0.033987
3 0.304044 0.141176 0.019853 0.020915
11 0.340809 0.103922 0.013971 0.024837
3 0.340441 0.087582 0.011765 0.013072
3 0.357721 0.073203 0.009559 0.013072
3 0.372794 0.060784 0.008824 0.011765
3 0.389706 0.062092 0.008824 0.011765
3 0.386029 0.049020 0.007353 0.009150
3 0.391176 0.045098 0.007353 0.009150
10 0.116544 0.035948 0.015441 0.011765
2 0.304044 0.025490 0.028676 0.019608
4 0.375000 0.028758 0.035294 0.015686
4 0.419853 0.037255 0.041176 0.024837
3 0.461397 0.033987 0.013971 0.007843
3 0.484926 0.034641 0.015441 0.009150
3 0.600735 0.035294 0.014706 0.007843
3 0.789706 0.038562 0.013235 0.009150
3 0.887132 0.040523 0.013971 0.007843
3 0.973897 0.040523 0.012500 0.010458
