5 0.055147 0.791503 0.045588 0.043137
5 0.078309 0.724837 0.041912 0.037908
5 0.109926 0.533987 0.040441 0.048366
5 0.086765 0.483007 0.039706 0.037908
5 0.060662 0.460784 0.031618 0.024837
5 0.055147 0.424837 0.030882 0.039216
7 0.209926 0.652288 0.016912 0.052288
7 0.213235 0.583007 0.014706 0.039216
7 0.244485 0.519608 0.015441 0.053595
7 0.229779 0.521569 0.013971 0.052288
3 0.029044 0.156863 0.058088 0.060131
3 0.013603 0.030065 0.027206 0.054902
3 0.091176 0.033987 0.069118 0.054902
8 0.337132 0.204575 0.009559 0.035294
1 0.338235 0.217647 0.029412 0.027451
8 0.326838 0.022876 0.013971 0.027451
9 0.330515 0.028105 0.027206 0.056209
3 0.401838 0.955556 0.047794 0.086275
3 0.389706 0.721569 0.042647 0.156863
3 0.410662 0.426144 0.038971 0.115033
11 0.464338 0.611765 0.044853 0.151634
5 0.697059 0.955556 0.039706 0.054902
7 0.623897 0.807843 0.016912 0.049673
5 0.714338 0.724837 0.038971 0.040523
5 0.658456 0.671895 0.038971 0.039216
5 0.639706 0.611765 0.030882 0.033987
5 0.695221 0.617647 0.030147 0.043137
5 0.752206 0.633987 0.033824 0.049673
5 0.721691 0.544444 0.036029 0.053595
5 0.663235 0.493464 0.033824 0.037908
5 0.652206 0.478431 0.035294 0.033987
1 0.649265 0.426144 0.029412 0.031373
5 0.773529 0.917647 0.027941 0.026144
5 0.801103 0.915033 0.018382 0.062745
1 0.755515 0.591503 0.031618 0.048366
1 0.754779 0.569935 0.024265 0.049673
1 0.817279 0.549020 0.030147 0.041830
5 0.823529 0.538562 0.029412 0.041830
5 0.789706 0.501961 0.026471 0.039216
7 0.659191 0.560131 0.013971 0.050980
7 0.604412 0.541176 0.016176 0.041830
7 0.605882 0.255556 0.013235 0.043137
7 0.590441 0.114379 0.013235 0.043137
7 0.483088 0.160784 0.011765 0.044444
7 0.569118 0.233333 0.010294 0.043137
7 0.597426 0.474510 0.011029 0.041830
7 0.701838 0.492810 0.016912 0.049673
7 0.738235 0.476471 0.011765 0.043137
7 0.857353 0.399346 0.016176 0.043137
7 0.730147 0.463399 0.017647 0.040523
7 0.688971 0.483660 0.013235 0.047059
7 0.694853 0.478431 0.013235 0.047059
7 0.706618 0.473856 0.013235 0.043137
7 0.837132 0.164052 0.018382 0.043137
7 0.837868 0.279085 0.016912 0.043137
5 0.782353 0.438562 0.013235 0.058824
5 0.794485 0.482353 0.028676 0.031373
5 0.810662 0.462745 0.036029 0.041830
5 0.800000 0.486928 0.030882 0.045752
7 0.834191 0.494118 0.018382 0.044444
5 0.869118 0.487582 0.019118 0.049673
5 0.830147 0.320915 0.017647 0.050980
5 0.865441 0.325490 0.017647 0.049673
5 0.847059 0.324183 0.017647 0.049673
7 0.627574 0.357516 0.011029 0.037908
7 0.662132 0.401961 0.009559 0.040523
7 0.656618 0.390850 0.013235 0.041830
8 0.637500 0.366013 0.010294 0.026144
8 0.631618 0.342484 0.010294 0.036601
8 0.524265 0.200000 0.011765 0.036601
5 0.523529 0.207190 0.010294 0.037908
8 0.555882 0.243791 0.011765 0.043137
5 0.556618 0.259477 0.007353 0.030065
8 0.634559 0.167974 0.014706 0.037908
5 0.635294 0.177124 0.013235 0.035294
8 0.583088 0.213725 0.010294 0.027451
8 0.582721 0.202614 0.011029 0.033987
5 0.581250 0.211111 0.012500 0.037908
7 0.628676 0.092157 0.008824 0.035294
7 0.603676 0.073856 0.008824 0.035294
7 0.612868 0.075163 0.009559 0.035294
7 0.620956 0.063399 0.009559 0.035294
3 0.651103 0.017647 0.058088 0.035294
8 0.465441 0.152941 0.010294 0.031373
5 0.463235 0.170588 0.008824 0.032680
8 0.494853 0.033333 0.010294 0.027451
5 0.493750 0.049673 0.008088 0.028758
7 0.638971 0.058170 0.005882 0.030065
8 0.636029 0.042484 0.010294 0.016993
1 0.639706 0.059477 0.020588 0.014379
1 0.635662 0.049020 0.021324 0.016993
7 0.692647 0.015686 0.010294 0.031373
7 0.704412 0.015686 0.010294 0.031373
3 0.935662 0.324183 0.061029 0.062745
3 0.941176 0.236601 0.076471 0.057516
3 0.972794 0.175817 0.052941 0.056209
3 0.966176 0.087582 0.063235 0.054902
5 0.727574 0.347059 0.019853 0.050980
9 0.466912 0.322222 0.026471 0.079739
8 0.465809 0.299346 0.015441 0.023529
