7 0.239063 0.928704 0.059375 0.090741
7 0.394792 0.875926 0.029167 0.059259
7 0.427604 0.907407 0.040625 0.059259
7 0.214062 0.758333 0.051042 0.079630
7 0.320833 0.736111 0.039583 0.075926
7 0.399479 0.759259 0.038542 0.096296
7 0.513021 0.724074 0.023958 0.070370
7 0.547396 0.695370 0.028125 0.079630
7 0.652083 0.697222 0.022917 0.068519
7 0.727083 0.684259 0.037500 0.053704
7 0.926042 0.601852 0.027083 0.051852
7 0.938542 0.670370 0.052083 0.062963
7 0.039062 0.669444 0.067708 0.075926
7 0.235937 0.520370 0.040625 0.081481
7 0.334896 0.500926 0.038542 0.075926
7 0.391146 0.484259 0.030208 0.079630
7 0.484896 0.483333 0.028125 0.081481
7 0.634375 0.565741 0.033333 0.079630
7 0.707292 0.550000 0.033333 0.066667
7 0.582812 0.448148 0.023958 0.074074
7 0.610417 0.452778 0.016667 0.072222
7 0.600000 0.374074 0.022917 0.077778
7 0.644792 0.340741 0.029167 0.077778
7 0.617708 0.341667 0.016667 0.079630
7 0.569271 0.314815 0.023958 0.062963
7 0.489063 0.318519 0.026042 0.074074
7 0.404687 0.313889 0.021875 0.072222
7 0.330208 0.317593 0.037500 0.083333
7 0.245312 0.325926 0.038542 0.081481
7 0.901042 0.253704 0.043750 0.081481
8 0.943229 0.262963 0.030208 0.044444
7 0.851042 0.087963 0.031250 0.075926
7 0.825000 0.066667 0.029167 0.077778
7 0.554167 0.196296 0.014583 0.070370
8 0.443750 0.262037 0.022917 0.068519
8 0.465625 0.246296 0.018750 0.062963
8 0.370312 0.252778 0.019792 0.061111
8 0.393229 0.237037 0.023958 0.062963
7 0.610417 0.054630 0.020833 0.090741
7 0.538542 0.096296 0.016667 0.081481
7 0.515104 0.076852 0.015625 0.090741
7 0.390104 0.116667 0.023958 0.081481
7 0.380729 0.159259 0.021875 0.077778
7 0.341667 0.054630 0.020833 0.083333
7 0.348958 0.182407 0.022917 0.072222
7 0.328125 0.170370 0.025000 0.070370
8 0.261458 0.262037 0.025000 0.057407
8 0.239063 0.261111 0.019792 0.055556
1 0.170313 0.255556 0.040625 0.070370
7 0.216146 0.212037 0.026042 0.079630
7 0.201042 0.212037 0.033333 0.079630
8 0.191146 0.168519 0.026042 0.070370
1 0.171875 0.199074 0.031250 0.064815
7 0.167187 0.164815 0.032292 0.070370
7 0.129688 0.250926 0.038542 0.079630
7 0.117188 0.214815 0.028125 0.066667
7 0.113542 0.184259 0.045833 0.072222
7 0.136458 0.148148 0.037500 0.081481
7 0.071354 0.220370 0.038542 0.066667
7 0.026562 0.249074 0.044792 0.075926
7 0.092708 0.187037 0.035417 0.085185
7 0.086979 0.137963 0.038542 0.072222
1 0.100521 0.125926 0.019792 0.085185
7 0.121354 0.076852 0.038542 0.087037
7 0.113542 0.028704 0.027083 0.057407
7 0.101562 0.044444 0.030208 0.077778
7 0.070312 0.068519 0.030208 0.070370
7 0.068750 0.159259 0.037500 0.074074
7 0.057813 0.125000 0.038542 0.061111
7 0.069792 0.025000 0.029167 0.050000
7 0.041146 0.198148 0.044792 0.059259
8 0.027604 0.206481 0.021875 0.031481
7 0.043229 0.182407 0.036458 0.064815
7 0.017708 0.207407 0.035417 0.059259
7 0.029167 0.139815 0.043750 0.072222
7 0.015104 0.133333 0.030208 0.059259
7 0.049479 0.077778 0.030208 0.059259
4 0.016146 0.046296 0.032292 0.092593
8 0.183333 0.057407 0.018750 0.040741
8 0.200000 0.046296 0.020833 0.044444
8 0.208333 0.024074 0.018750 0.037037
8 0.169271 0.051852 0.013542 0.040741
8 0.174479 0.020370 0.017708 0.037037
