11 0.893382 0.338562 0.016176 0.013072
3 0.886397 0.337908 0.016912 0.011765
11 0.885294 0.335948 0.013235 0.013072
11 0.881618 0.333987 0.014706 0.009150
11 0.869853 0.328105 0.014706 0.013072
3 0.863971 0.326797 0.013235 0.010458
3 0.862132 0.324183 0.015441 0.007843
10 0.861765 0.315686 0.022059 0.016993
3 0.907721 0.328758 0.018382 0.009150
3 0.899265 0.325490 0.013235 0.007843
3 0.930882 0.338562 0.022059 0.010458
3 0.923529 0.335294 0.016176 0.009150
3 0.929779 0.326144 0.015441 0.009150
11 0.932353 0.328105 0.016176 0.010458
11 0.937868 0.329412 0.016912 0.010458
3 0.939706 0.332026 0.011765 0.007843
3 0.952574 0.336601 0.018382 0.011765
3 0.953676 0.338562 0.016176 0.010458
3 0.961397 0.339216 0.018382 0.011765
3 0.976103 0.344444 0.019853 0.014379
3 0.966544 0.325490 0.012500 0.007843
11 0.975000 0.328105 0.011765 0.007843
10 0.992279 0.334641 0.013971 0.013072
3 0.740441 0.347059 0.016176 0.019608
3 0.786029 0.360784 0.017647 0.015686
3 0.640809 0.311111 0.008088 0.010458
3 0.633456 0.295425 0.003676 0.007843
7 0.847794 0.486275 0.008824 0.028758
7 0.885294 0.499346 0.007353 0.031373
7 0.921324 0.501307 0.004412 0.035294
7 0.968015 0.506536 0.006618 0.032680
7 0.912132 0.501961 0.005147 0.031373
7 0.915074 0.503268 0.005147 0.020915
7 0.907353 0.500000 0.007353 0.030065
7 0.880515 0.490196 0.011029 0.028758
7 0.875368 0.490196 0.008088 0.028758
7 0.858456 0.478431 0.008088 0.026144
7 0.856985 0.474510 0.006618 0.026144
7 0.865809 0.477124 0.008088 0.028758
7 0.864706 0.473856 0.005882 0.027451
5 0.069853 0.633333 0.026471 0.037908
8 0.066912 0.620915 0.014706 0.039216
8 0.129044 0.623529 0.016912 0.031373
