4 0.298438 0.634722 0.061458 0.084259
4 0.492188 0.315741 0.237500 0.205556
4 0.548698 0.653704 0.038021 0.109259
1 0.571354 0.982870 0.020833 0.021296
1 0.561979 0.849537 0.020833 0.012037
1 0.569271 0.796296 0.016667 0.014815
1 0.570833 0.971759 0.021875 0.019444
1 0.570052 0.962500 0.022396 0.019444
1 0.569010 0.951852 0.022396 0.020370
1 0.567969 0.939352 0.022396 0.019444
1 0.567969 0.932407 0.022396 0.020370
1 0.567448 0.914352 0.022396 0.019444
1 0.562240 0.843056 0.019271 0.019444
1 0.561719 0.837963 0.019271 0.020370
1 0.560417 0.822685 0.019792 0.019444
1 0.560937 0.813426 0.019792 0.019444
1 0.567969 0.790278 0.019271 0.019444
1 0.570833 0.777778 0.019792 0.020370
1 0.558594 0.744444 0.017188 0.018519
1 0.185417 0.819907 0.014583 0.025000
3 0.204948 0.768056 0.016146 0.023148
3 0.206250 0.760648 0.016667 0.023148
3 0.217969 0.751852 0.015104 0.016667
3 0.214844 0.742130 0.015104 0.015741
3 0.248177 0.718981 0.007812 0.021296
3 0.499740 0.948148 0.025521 0.070370
3 0.448177 0.956481 0.031771 0.074074
3 0.406510 0.962963 0.033854 0.068519
3 0.426823 0.814352 0.026562 0.050926
3 0.471875 0.774074 0.025000 0.048148
3 0.446094 0.725926 0.023438 0.038889
3 0.485156 0.714352 0.020313 0.037963
3 0.526563 0.805093 0.020833 0.043519
3 0.514583 0.753241 0.020833 0.043519
3 0.510417 0.704167 0.019792 0.043519
3 0.464844 0.660648 0.019271 0.032407
3 0.510156 0.621759 0.018229 0.025000
3 0.523438 0.563426 0.015625 0.023148
3 0.504687 0.661111 0.017708 0.031481
3 0.472135 0.606019 0.017188 0.025000
3 0.456510 0.579630 0.017188 0.027778
3 0.484375 0.577778 0.016667 0.027778
3 0.326562 0.769907 0.030208 0.054630
3 0.378125 0.700926 0.022917 0.046296
3 0.403125 0.632407 0.020833 0.033333
3 0.422656 0.560185 0.016146 0.031481
3 0.401562 0.557407 0.016667 0.029630
3 0.356250 0.678704 0.022917 0.037037
3 0.347656 0.643981 0.021354 0.036111
3 0.238802 0.784259 0.033854 0.051852
3 0.253125 0.949074 0.048958 0.092593
3 0.284375 0.698611 0.026042 0.037963
3 0.262760 0.732870 0.029687 0.043519
8 0.265104 0.753704 0.006250 0.018519
8 0.282552 0.742130 0.007812 0.019444
5 0.283854 0.753704 0.010417 0.022222
5 0.265625 0.767130 0.009375 0.023148
8 0.102604 0.768056 0.007292 0.028704
8 0.093490 0.766667 0.007812 0.022222
1 0.102344 0.777315 0.015104 0.017593
1 0.096354 0.775463 0.013542 0.017593
7 0.126042 0.762037 0.009375 0.037037
7 0.134115 0.762500 0.006771 0.036111
7 0.153385 0.758796 0.007812 0.032407
7 0.150000 0.750000 0.007292 0.031481
7 0.155469 0.737963 0.006771 0.029630
7 0.165885 0.736111 0.006771 0.031481
7 0.156510 0.721296 0.006771 0.024074
8 0.239583 0.726389 0.007292 0.019444
7 0.261719 0.690741 0.008854 0.020370
7 0.209115 0.704630 0.005729 0.033333
7 0.202604 0.704167 0.006250 0.032407
8 0.154688 0.989352 0.012500 0.019444
7 0.726823 0.935185 0.008854 0.042593
7 0.651042 0.813889 0.007292 0.031481
7 0.604427 0.731481 0.007812 0.031481
7 0.587500 0.787037 0.007292 0.031481
7 0.535677 0.873611 0.007812 0.043519
7 0.526302 0.897222 0.007812 0.042593
7 0.657813 0.776389 0.007292 0.034259
7 0.650521 0.772685 0.007292 0.034259
7 0.640104 0.773148 0.006250 0.038889
7 0.684635 0.788889 0.005729 0.033333
7 0.678385 0.789815 0.005729 0.033333
7 0.683854 0.965278 0.008333 0.047222
7 0.702604 0.969444 0.007292 0.044444
7 0.696094 0.973148 0.006771 0.044444
7 0.607031 0.977315 0.007812 0.043519
7 0.604427 0.932870 0.007812 0.043519
7 0.575000 0.894444 0.008333 0.040741
7 0.613542 0.931944 0.008333 0.034259
7 0.596354 0.975000 0.010417 0.040741
7 0.590625 0.675000 0.008333 0.027778
7 0.639323 0.650926 0.005729 0.027778
7 0.621094 0.600000 0.005729 0.024074
7 0.586198 0.538426 0.003646 0.023148
7 0.581250 0.538426 0.004167 0.023148
4 0.610677 0.466667 0.076563 0.096296
7 0.569010 0.474537 0.003646 0.019444
3 0.555729 0.456481 0.018750 0.016667
3 0.557552 0.437500 0.020313 0.012037
11 0.557813 0.428241 0.022917 0.015741
7 0.624479 0.920833 0.006250 0.039815
7 0.619010 0.919907 0.005729 0.037963
8 0.653906 0.954630 0.009896 0.035185
8 0.640625 0.866204 0.007292 0.026852
8 0.629687 0.860648 0.007292 0.026852
8 0.624219 0.740278 0.007812 0.019444
8 0.621094 0.705556 0.005729 0.018519
8 0.617969 0.662963 0.005729 0.018519
8 0.617708 0.645370 0.005208 0.016667
8 0.610938 0.599074 0.005208 0.016667
8 0.606771 0.548611 0.005208 0.012037
1 0.654427 0.968056 0.007812 0.030556
1 0.642188 0.877315 0.005208 0.030556
1 0.629948 0.869907 0.004687 0.026852
1 0.623698 0.750463 0.005729 0.021296
1 0.621094 0.718056 0.004687 0.021296
1 0.617448 0.673611 0.002604 0.017593
1 0.617708 0.654630 0.003125 0.011111
1 0.609635 0.608333 0.004687 0.020370
7 0.266927 0.549074 0.004687 0.022222
11 0.464323 0.853704 0.027604 0.062963
5 0.556250 0.773611 0.015625 0.023148
8 0.603385 0.594907 0.003646 0.010185
8 0.541927 0.718056 0.006771 0.013889
7 0.554167 0.725926 0.004167 0.027778
7 0.690365 0.726852 0.004687 0.027778
7 0.663021 0.683796 0.004167 0.021296
7 0.667969 0.689352 0.003646 0.019444
7 0.654948 0.673611 0.004687 0.025000
7 0.672135 0.638426 0.004687 0.023148
7 0.636458 0.562963 0.004167 0.018519
7 0.640625 0.561574 0.004167 0.017593
7 0.644010 0.560185 0.004687 0.022222
8 0.602865 0.590741 0.003646 0.012963
5 0.602865 0.599537 0.004687 0.012037
1 0.606510 0.557870 0.003646 0.012037
4 0.619792 0.545833 0.016667 0.017593
4 0.598437 0.545833 0.006250 0.017593
3 0.649219 0.592593 0.017188 0.029630
3 0.651563 0.633333 0.020833 0.042593
3 0.675781 0.593519 0.024479 0.038889
7 0.685677 0.706481 0.004687 0.027778
7 0.690365 0.703241 0.005729 0.028704
7 0.669271 0.667593 0.004167 0.025926
7 0.684635 0.674074 0.005729 0.027778
7 0.741667 0.856019 0.007292 0.036111
8 0.794271 0.957407 0.012500 0.029630
7 0.280208 0.529167 0.005208 0.017593
7 0.280469 0.544444 0.004687 0.022222
7 0.286198 0.526852 0.006771 0.022222
7 0.289583 0.502315 0.004167 0.023148
7 0.322396 0.500926 0.005208 0.022222
7 0.343750 0.500000 0.005208 0.022222
7 0.369010 0.497685 0.005729 0.021296
7 0.389583 0.501389 0.004167 0.019444
7 0.384115 0.495833 0.002604 0.019444
7 0.424219 0.500926 0.005729 0.020370
7 0.423698 0.494444 0.005729 0.020370
7 0.441406 0.499537 0.005729 0.021296
7 0.546615 0.512500 0.005729 0.021296
7 0.478125 0.506019 0.004167 0.019444
7 0.492448 0.502315 0.004687 0.021296
7 0.454948 0.508796 0.003646 0.019444
7 0.456771 0.498148 0.004167 0.018519
7 0.461719 0.505093 0.003646 0.017593
7 0.464323 0.500926 0.003646 0.014815
7 0.500260 0.508796 0.004687 0.013889
7 0.504427 0.510185 0.003646 0.012963
7 0.508073 0.503704 0.003646 0.012963
7 0.511979 0.501852 0.003125 0.012963
3 0.544792 0.585185 0.016667 0.025926
3 0.544271 0.546759 0.006250 0.012037
3 0.555469 0.547222 0.005729 0.012963
7 0.318229 0.584259 0.005208 0.012963
1 0.316406 0.589815 0.015104 0.011111
1 0.330208 0.555093 0.005208 0.013889
7 0.337240 0.548611 0.003646 0.017593
8 0.357552 0.543981 0.003646 0.013889
5 0.357552 0.551389 0.005729 0.013889
3 0.508854 0.882870 0.026042 0.058333
2 0.506771 0.523611 0.022917 0.062037
3 0.513021 0.494444 0.012500 0.020370
3 0.510156 0.468056 0.009896 0.019444
3 0.535417 0.440278 0.009375 0.015741
3 0.449740 0.476389 0.009896 0.019444
3 0.458333 0.440741 0.011458 0.020370
3 0.476042 0.481944 0.012500 0.017593
3 0.474740 0.467130 0.009896 0.017593
3 0.481250 0.443519 0.010417 0.016667
3 0.413021 0.444907 0.012500 0.021296
2 0.429948 0.439815 0.018229 0.040741
3 0.452344 0.425926 0.011979 0.012963
3 0.480208 0.454630 0.010417 0.014815
3 0.482812 0.431019 0.009375 0.013889
2 0.519271 0.436574 0.012500 0.034259
8 0.398958 0.472685 0.004167 0.006481
8 0.396875 0.451852 0.003125 0.007407
8 0.406250 0.458796 0.003125 0.008333
5 0.398698 0.479167 0.003646 0.010185
5 0.405729 0.465278 0.003125 0.006481
5 0.397135 0.460185 0.002604 0.009259
7 0.412500 0.462037 0.003125 0.018519
7 0.355208 0.470833 0.003125 0.015741
7 0.352083 0.470370 0.003125 0.016667
7 0.339844 0.461574 0.002604 0.012037
7 0.336719 0.461111 0.002604 0.012963
7 0.336198 0.479167 0.003646 0.013889
7 0.339323 0.480093 0.003646 0.013889
4 0.365365 0.440278 0.040104 0.041667
7 0.404167 0.431944 0.004167 0.017593
