3 0.212500 0.031373 0.025000 0.028758
3 0.173897 0.094771 0.027206 0.037908
3 0.312132 0.282353 0.043382 0.060131
3 0.170221 0.182353 0.055147 0.043137
0 0.147794 0.154248 0.030882 0.047059
3 0.144118 0.139216 0.045588 0.056209
5 0.260662 0.030719 0.006618 0.014379
5 0.267647 0.028758 0.005882 0.013072
5 0.265809 0.034641 0.012500 0.016993
5 0.323897 0.084967 0.021324 0.023529
1 0.304044 0.068627 0.006618 0.024837
9 0.293750 0.076471 0.016912 0.032680
7 0.252941 0.080392 0.008824 0.035294
7 0.306618 0.066667 0.005882 0.031373
5 0.276838 0.047059 0.013971 0.015686
7 0.279412 0.045098 0.005882 0.032680
3 0.465809 0.268627 0.043382 0.045752
3 0.410294 0.218301 0.044118 0.039216
3 0.424265 0.160131 0.048529 0.040523
3 0.408088 0.150980 0.044118 0.035294
3 0.578309 0.319608 0.061029 0.079739
3 0.761765 0.556209 0.086765 0.105882
3 0.671691 0.457516 0.074265 0.091503
7 0.986397 0.671895 0.022794 0.078431
3 0.951838 0.857516 0.094853 0.125490
3 0.663971 0.821569 0.110294 0.184314
3 0.591176 0.927451 0.123529 0.142484
7 0.297059 0.892157 0.023529 0.084967
7 0.474265 0.722876 0.014706 0.073203
3 0.352941 0.534641 0.067647 0.107190
3 0.294853 0.437255 0.061765 0.087582
3 0.276838 0.358170 0.050735 0.073203
7 0.215441 0.371242 0.013235 0.060131
7 0.205147 0.375817 0.014706 0.056209
7 0.857353 0.547712 0.014706 0.062745
