7 0.584635 0.359722 0.027604 0.189815
7 0.454167 0.243056 0.023958 0.125000
1 0.534896 0.207407 0.037500 0.064815
6 0.606250 0.180556 0.082292 0.218519
10 0.220573 0.265278 0.263021 0.417593
3 0.061979 0.304630 0.123958 0.157407
3 0.054167 0.119444 0.088542 0.055556
10 0.303646 0.108796 0.172917 0.130556
11 0.530729 0.123611 0.073958 0.060185
3 0.773958 0.148148 0.091667 0.062963
11 0.620052 0.123148 0.060937 0.055556
3 0.537760 0.087037 0.016146 0.016667
3 0.568490 0.088889 0.016146 0.018519
3 0.585677 0.088426 0.016146 0.017593
10 0.631510 0.084259 0.031771 0.044444
9 0.554948 0.087963 0.008854 0.011111
1 0.522135 0.089352 0.007812 0.012037
3 0.651302 0.090278 0.016146 0.019444
10 0.673698 0.087500 0.030729 0.045370
1 0.693229 0.105093 0.006250 0.015741
1 0.718490 0.110648 0.013021 0.017593
5 0.711458 0.108796 0.013542 0.017593
1 0.705729 0.110648 0.012500 0.015741
