4 0.345956 0.129412 0.103676 0.101961
4 0.491912 0.281699 0.008824 0.006536
3 0.369485 0.186275 0.008088 0.006536
3 0.361397 0.186928 0.008088 0.007843
3 0.346691 0.194118 0.005147 0.006536
3 0.287868 0.196078 0.003676 0.005229
3 0.341176 0.248366 0.007353 0.010458
3 0.358088 0.246405 0.005882 0.009150
11 0.367279 0.210458 0.003676 0.010458
10 0.364706 0.224183 0.010294 0.027451
3 0.406985 0.267320 0.006618 0.009150
3 0.377574 0.227451 0.005147 0.007843
3 0.379779 0.233987 0.005147 0.007843
3 0.386397 0.239869 0.006618 0.009150
3 0.388971 0.249020 0.005882 0.009150
10 0.390074 0.220261 0.011029 0.022222
10 0.403676 0.237908 0.014706 0.031373
3 0.402206 0.214379 0.004412 0.005229
3 0.403676 0.218954 0.002941 0.006536
3 0.423897 0.245752 0.006618 0.007843
10 0.442279 0.213725 0.016912 0.027451
3 0.435294 0.251634 0.007353 0.009150
3 0.433088 0.247059 0.007353 0.010458
3 0.438235 0.264706 0.007353 0.011765
3 0.445221 0.269935 0.008088 0.009150
3 0.456618 0.268627 0.005882 0.009150
4 0.451471 0.267320 0.004412 0.014379
7 0.466544 0.281699 0.002206 0.011765
7 0.469118 0.281699 0.002941 0.011765
3 0.485294 0.270588 0.014706 0.007843
3 0.476103 0.259477 0.006618 0.009150
7 0.479779 0.260131 0.000735 0.010458
7 0.483088 0.259477 0.001471 0.009150
4 0.493382 0.246405 0.014706 0.030065
3 0.038971 0.361438 0.020588 0.016993
10 0.094485 0.397386 0.053676 0.036601
10 0.088235 0.407843 0.055882 0.041830
11 0.086397 0.431373 0.036029 0.023529
10 0.068382 0.441830 0.039706 0.028758
3 0.040809 0.507190 0.041912 0.026144
3 0.029044 0.535294 0.038971 0.024837
3 0.030882 0.520915 0.047059 0.022222
3 0.004044 0.398693 0.008088 0.023529
3 0.019853 0.549673 0.039706 0.027451
5 0.017647 0.739869 0.014706 0.041830
3 0.175735 0.724837 0.029412 0.056209
3 0.250368 0.317647 0.009559 0.013072
3 0.227206 0.396732 0.014706 0.022222
3 0.216176 0.428105 0.016176 0.024837
3 0.234559 0.435948 0.016176 0.024837
5 0.248162 0.449673 0.005147 0.018301
8 0.248529 0.445752 0.004412 0.015686
5 0.227574 0.534641 0.005147 0.018301
8 0.227574 0.528758 0.005147 0.019608
9 0.186397 0.467974 0.009559 0.023529
8 0.186765 0.465359 0.005882 0.020915
10 0.362500 0.400654 0.020588 0.058824
2 0.430515 0.521569 0.034559 0.086275
10 0.410294 0.658824 0.047059 0.177778
3 0.489338 0.570588 0.021324 0.030065
3 0.474265 0.425490 0.016176 0.019608
3 0.484926 0.441830 0.015441 0.020915
3 0.500735 0.478431 0.017647 0.023529
3 0.513235 0.509150 0.019118 0.024837
3 0.520221 0.531373 0.016912 0.027451
3 0.512500 0.422222 0.016176 0.020915
3 0.525000 0.443137 0.019118 0.023529
3 0.534559 0.466667 0.020588 0.023529
3 0.544485 0.554248 0.024265 0.028758
3 0.556618 0.579739 0.030882 0.030065
3 0.555147 0.500654 0.019118 0.026144
3 0.567647 0.522876 0.026471 0.033987
3 0.582353 0.558170 0.025000 0.031373
3 0.574632 0.615033 0.036029 0.037908
3 0.579044 0.649673 0.027206 0.041830
3 0.548162 0.422876 0.016912 0.019608
3 0.604412 0.592810 0.026471 0.032680
3 0.623529 0.632680 0.030882 0.036601
3 0.610662 0.667974 0.034559 0.039216
11 0.598529 0.694771 0.039706 0.056209
3 0.611397 0.753595 0.034559 0.056209
11 0.638235 0.707190 0.032353 0.054902
3 0.660294 0.698039 0.035294 0.041830
11 0.660662 0.766667 0.041912 0.064052
11 0.644853 0.816340 0.039706 0.066667
3 0.693750 0.762092 0.041912 0.054902
3 0.699265 0.850980 0.047059 0.067974
3 0.677206 0.906536 0.048529 0.077124
3 0.753676 0.867974 0.051471 0.073203
3 0.743015 0.932680 0.056618 0.082353
3 0.700368 0.975817 0.050735 0.045752
3 0.808088 0.962745 0.061765 0.071895
3 0.843015 0.892157 0.059559 0.079739
3 0.786029 0.806536 0.050000 0.067974
3 0.741544 0.732680 0.041912 0.050980
3 0.745588 0.654248 0.033824 0.040523
10 0.916176 0.962092 0.095588 0.073203
10 0.718382 0.597386 0.038235 0.047059
10 0.836765 0.749673 0.138235 0.210458
10 0.872794 0.718301 0.085294 0.129412
10 0.791176 0.601307 0.104412 0.141176
10 0.723897 0.511765 0.065441 0.092810
10 0.689706 0.545098 0.051471 0.081046
3 0.652941 0.514379 0.023529 0.030065
10 0.712500 0.665359 0.041176 0.054902
10 0.658456 0.571242 0.083088 0.128105
11 0.602941 0.500654 0.025000 0.039216
11 0.626471 0.475163 0.025000 0.035294
3 0.608824 0.457516 0.022059 0.023529
10 0.593750 0.422222 0.034559 0.057516
10 0.634191 0.422876 0.058088 0.077124
