7 0.903309 0.130719 0.011029 0.041830
7 0.914338 0.113072 0.012500 0.040523
9 0.896324 0.140523 0.025000 0.027451
7 0.924265 0.126144 0.008824 0.040523
7 0.943382 0.132680 0.010294 0.045752
7 0.957353 0.138562 0.016176 0.054902
7 0.991912 0.134641 0.010294 0.052288
10 0.884559 0.223529 0.086765 0.169935
10 0.952574 0.236601 0.093382 0.167320
10 0.883456 0.043137 0.061029 0.083660
10 0.816912 0.036601 0.064706 0.070588
10 0.765441 0.032680 0.039706 0.060131
10 0.711397 0.033333 0.041912 0.064052
10 0.656618 0.032026 0.033824 0.064052
10 0.529779 0.024837 0.036029 0.049673
10 0.275000 0.030065 0.080882 0.060131
10 0.359559 0.065359 0.111765 0.091503
7 0.388971 0.026144 0.010294 0.036601
10 0.363603 0.151634 0.083088 0.122876
10 0.209559 0.230065 0.164706 0.128105
10 0.391544 0.343137 0.106618 0.226144
10 0.532721 0.369281 0.075735 0.197386
7 0.571691 0.032680 0.008088 0.041830
7 0.577206 0.036601 0.005882 0.049673
7 0.727206 0.333987 0.014706 0.069281
7 0.734191 0.394118 0.024265 0.074510
7 0.699632 0.381046 0.016912 0.071895
7 0.702574 0.364052 0.013971 0.069281
10 0.720588 0.575817 0.254412 0.220915
10 0.598162 0.864706 0.121324 0.267974
1 0.128676 0.218954 0.025000 0.050980
10 0.201471 0.017647 0.058824 0.032680
10 0.152574 0.016993 0.053676 0.031373
7 0.124265 0.026144 0.011765 0.044444
7 0.114338 0.029412 0.012500 0.045752
7 0.105515 0.027451 0.011029 0.049673
7 0.092647 0.026797 0.011765 0.045752
7 0.079779 0.030065 0.011029 0.047059
7 0.073162 0.022876 0.009559 0.043137
7 0.046324 0.024183 0.013235 0.045752
7 0.048162 0.091503 0.008088 0.047059
7 0.052206 0.104575 0.013235 0.054902
7 0.047794 0.133333 0.019118 0.060131
7 0.018750 0.122222 0.015441 0.058824
7 0.006250 0.123529 0.012500 0.050980
10 0.034559 0.188235 0.069118 0.099346
10 0.097426 0.102614 0.071324 0.105882
10 0.148897 0.141830 0.113971 0.118954
