7 0.064706 0.915033 0.019118 0.075817
7 0.087500 0.922876 0.017647 0.070588
7 0.125368 0.800000 0.016912 0.054902
7 0.138603 0.798693 0.015441 0.065359
5 0.130882 0.935294 0.030882 0.064052
7 0.130882 0.918301 0.026471 0.079739
3 0.029044 0.682353 0.058088 0.101961
3 0.139338 0.515033 0.038971 0.049673
3 0.201471 0.423529 0.033824 0.052288
3 0.238971 0.366013 0.047059 0.033987
3 0.242279 0.345752 0.021324 0.037908
9 0.110662 0.405229 0.027206 0.036601
8 0.146324 0.379739 0.005882 0.024837
8 0.159191 0.381699 0.006618 0.023529
8 0.165074 0.384967 0.006618 0.022222
8 0.173897 0.385621 0.006618 0.020915
8 0.167647 0.373856 0.005882 0.018301
8 0.176471 0.373856 0.007353 0.023529
8 0.177941 0.381699 0.005882 0.023529
11 0.276103 0.307843 0.022794 0.040523
11 0.284559 0.292810 0.016176 0.036601
5 0.318382 0.392810 0.005882 0.019608
8 0.318382 0.382353 0.005882 0.019608
3 0.355515 0.293464 0.019853 0.027451
3 0.379044 0.232026 0.012500 0.019608
1 0.179044 0.291503 0.013971 0.018301
7 0.224265 0.257516 0.005882 0.023529
7 0.238971 0.254902 0.004412 0.020915
8 0.261765 0.221569 0.004412 0.011765
3 0.277574 0.218301 0.015441 0.018301
7 0.295588 0.205229 0.002941 0.015686
7 0.313235 0.222876 0.004412 0.019608
3 0.322059 0.237908 0.017647 0.023529
3 0.330147 0.219608 0.013235 0.020915
3 0.355882 0.185621 0.013235 0.018301
10 0.391912 0.194771 0.017647 0.039216
4 0.319485 0.179739 0.038971 0.037908
3 0.330882 0.153595 0.011765 0.014379
7 0.347059 0.152941 0.002941 0.013072
7 0.346691 0.173856 0.003676 0.015686
10 0.370221 0.142484 0.038971 0.023529
3 0.390809 0.142484 0.016912 0.013072
3 0.349265 0.137908 0.019118 0.011765
3 0.358456 0.122876 0.008088 0.010458
7 0.372426 0.124837 0.002206 0.014379
7 0.374632 0.124837 0.000735 0.011765
7 0.379044 0.115686 0.002206 0.011765
7 0.383088 0.124837 0.001471 0.011765
3 0.389338 0.119608 0.006618 0.009150
11 0.381250 0.097386 0.005147 0.009150
4 0.397794 0.093464 0.014706 0.037908
4 0.423162 0.071242 0.012500 0.014379
4 0.423162 0.122876 0.016912 0.036601
4 0.478309 0.049673 0.028676 0.047059
3 0.486397 0.081046 0.003676 0.007843
4 0.495956 0.109804 0.008088 0.041830
3 0.490441 0.088235 0.004412 0.006536
3 0.486765 0.102614 0.004412 0.006536
3 0.486397 0.096732 0.003676 0.007843
3 0.506250 0.113072 0.005147 0.009150
3 0.463235 0.078431 0.004412 0.005229
11 0.468382 0.119608 0.005882 0.011765
0 0.465441 0.132680 0.004412 0.011765
3 0.469118 0.091503 0.004412 0.007843
3 0.475000 0.094118 0.004412 0.007843
3 0.475735 0.107190 0.004412 0.007843
3 0.486029 0.120915 0.004412 0.009150
11 0.476103 0.150327 0.008088 0.015686
3 0.480515 0.158170 0.009559 0.013072
11 0.488971 0.147712 0.005882 0.013072
3 0.492279 0.156863 0.008088 0.010458
10 0.510662 0.130065 0.008088 0.019608
3 0.513235 0.142484 0.007353 0.010458
4 0.501838 0.158170 0.006618 0.039216
11 0.515074 0.160784 0.006618 0.015686
3 0.520221 0.177124 0.008088 0.016993
3 0.525000 0.182353 0.011765 0.016993
3 0.519118 0.259477 0.013235 0.019608
3 0.508824 0.311111 0.016176 0.026144
3 0.441176 0.205229 0.010294 0.018301
3 0.445221 0.191503 0.011029 0.014379
3 0.444853 0.179085 0.010294 0.015686
3 0.445221 0.172549 0.006618 0.013072
7 0.263971 0.469281 0.007353 0.036601
5 0.433456 0.403268 0.006618 0.027451
8 0.433456 0.393464 0.006618 0.026144
5 0.437868 0.284314 0.005147 0.016993
8 0.437868 0.279739 0.005147 0.018301
5 0.549265 0.344444 0.005882 0.022222
8 0.548897 0.339869 0.006618 0.023529
3 0.556250 0.310458 0.016912 0.024837
3 0.550000 0.283007 0.014706 0.027451
3 0.547426 0.268627 0.012500 0.019608
11 0.541544 0.244444 0.011029 0.023529
3 0.539706 0.235294 0.010294 0.020915
3 0.534926 0.217647 0.012500 0.016993
3 0.531618 0.203268 0.010294 0.014379
5 0.604044 0.488235 0.008088 0.030065
7 0.603676 0.480392 0.007353 0.030065
3 0.920221 0.839869 0.088971 0.121569
3 0.905147 0.645752 0.069118 0.062745
3 0.928309 0.575163 0.055147 0.086275
7 0.750000 0.560784 0.011765 0.047059
10 0.787500 0.536601 0.107353 0.205229
8 0.964706 0.507190 0.008824 0.020915
5 0.899632 0.419608 0.009559 0.023529
11 0.853309 0.477124 0.037500 0.067974
7 0.825735 0.412418 0.005882 0.022222
7 0.817647 0.409804 0.007353 0.035294
7 0.800000 0.411765 0.007353 0.033987
3 0.764706 0.383007 0.051471 0.031373
7 0.738235 0.333333 0.004412 0.020915
5 0.757721 0.296732 0.006618 0.015686
10 0.646691 0.297386 0.033088 0.064052
3 0.604412 0.260131 0.016176 0.023529
4 0.702941 0.251634 0.067647 0.116340
4 0.589338 0.184967 0.046324 0.111111
4 0.550368 0.130065 0.025735 0.053595
