1 0.029412 0.822876 0.022059 0.058824
5 0.044485 0.800000 0.021324 0.060131
7 0.025000 0.670588 0.014706 0.062745
8 0.050000 0.661438 0.014706 0.049673
1 0.050735 0.686275 0.025000 0.047059
7 0.139706 0.591503 0.013235 0.056209
7 0.162132 0.633333 0.006618 0.058824
7 0.158824 0.626797 0.008824 0.056209
7 0.096324 0.503922 0.010294 0.048366
7 0.077941 0.465359 0.008824 0.036601
7 0.090441 0.458824 0.010294 0.036601
7 0.146324 0.499346 0.008824 0.041830
7 0.153676 0.492810 0.010294 0.044444
7 0.205515 0.484314 0.009559 0.045752
1 0.084926 0.733987 0.041912 0.043137
1 0.088971 0.715686 0.041176 0.043137
1 0.066544 0.430065 0.015441 0.026144
1 0.118015 0.683007 0.024265 0.032680
1 0.123897 0.676471 0.030147 0.040523
1 0.132721 0.667320 0.034559 0.040523
1 0.176103 0.608497 0.013971 0.040523
1 0.194118 0.579085 0.025000 0.031373
1 0.201838 0.563399 0.021324 0.031373
1 0.229779 0.529412 0.015441 0.031373
7 0.137500 0.452941 0.008824 0.040523
8 0.164338 0.454902 0.008088 0.028758
5 0.165441 0.469935 0.013235 0.019608
7 0.135662 0.403268 0.009559 0.032680
7 0.204044 0.366667 0.006618 0.027451
7 0.210294 0.366667 0.005882 0.030065
7 0.215074 0.368627 0.005147 0.026144
7 0.281985 0.411111 0.006618 0.037908
1 0.307721 0.422876 0.013971 0.016993
1 0.316544 0.415033 0.013971 0.016993
7 0.263235 0.432680 0.007353 0.033987
7 0.256618 0.431373 0.007353 0.036601
8 0.227206 0.425490 0.007353 0.022222
5 0.226838 0.435294 0.008088 0.023529
8 0.213235 0.412418 0.007353 0.022222
1 0.213603 0.424837 0.011029 0.020915
7 0.219118 0.391503 0.005882 0.030065
7 0.229779 0.399346 0.008088 0.035294
8 0.245588 0.410458 0.005882 0.028758
1 0.245956 0.423529 0.008088 0.023529
8 0.256250 0.397386 0.008088 0.020915
1 0.255882 0.407843 0.007353 0.020915
8 0.296324 0.339216 0.004412 0.014379
1 0.295588 0.349673 0.004412 0.011765
7 0.317279 0.354902 0.005147 0.027451
8 0.306985 0.351634 0.005147 0.018301
1 0.305882 0.361438 0.008824 0.014379
8 0.305147 0.344444 0.005882 0.014379
7 0.329412 0.374510 0.002941 0.024837
7 0.326838 0.371895 0.003676 0.022222
7 0.340441 0.369281 0.002941 0.027451
7 0.333824 0.359477 0.004412 0.026144
7 0.329779 0.356863 0.005147 0.023529
7 0.345956 0.346405 0.006618 0.026144
7 0.340074 0.345752 0.005147 0.027451
7 0.352941 0.333333 0.002941 0.023529
7 0.357721 0.333333 0.003676 0.026144
7 0.363971 0.296078 0.007353 0.027451
7 0.358456 0.294771 0.005147 0.027451
8 0.317279 0.300000 0.006618 0.011765
11 0.331985 0.296078 0.013971 0.024837
4 0.393382 0.300000 0.023529 0.040523
3 0.280147 0.943137 0.076471 0.111111
3 0.248529 0.802614 0.075000 0.133333
3 0.128676 0.836601 0.091176 0.146405
3 0.416544 0.705882 0.052206 0.117647
3 0.352941 0.713725 0.055882 0.109804
3 0.231618 0.658824 0.061765 0.101961
3 0.460294 0.591503 0.033824 0.069281
3 0.379412 0.622222 0.042647 0.081046
3 0.330515 0.597386 0.041912 0.073203
3 0.270221 0.572549 0.043382 0.067974
3 0.397426 0.561438 0.036029 0.058824
3 0.366544 0.532680 0.038971 0.056209
3 0.327206 0.528105 0.042647 0.065359
3 0.301471 0.504575 0.038235 0.049673
3 0.335662 0.441176 0.038971 0.040523
3 0.355515 0.483660 0.030147 0.041830
3 0.387132 0.488889 0.027206 0.044444
11 0.410662 0.505229 0.030147 0.071895
3 0.461765 0.496078 0.030882 0.056209
3 0.430147 0.483660 0.026471 0.044444
3 0.390441 0.444444 0.029412 0.047059
3 0.439338 0.455556 0.025735 0.037908
3 0.470588 0.437908 0.022059 0.041830
3 0.472059 0.400000 0.019118 0.031373
3 0.477206 0.377124 0.014706 0.024837
3 0.478676 0.353595 0.016176 0.027451
3 0.485662 0.335294 0.012500 0.024837
3 0.485294 0.314379 0.013235 0.019608
3 0.487868 0.300000 0.009559 0.019608
3 0.484559 0.282353 0.011765 0.015686
3 0.435662 0.425490 0.022794 0.032680
3 0.441912 0.406536 0.019118 0.033987
3 0.444485 0.387582 0.018382 0.022222
3 0.451103 0.368627 0.016912 0.028758
11 0.453309 0.349020 0.013971 0.028758
3 0.457353 0.341830 0.011765 0.024837
3 0.460662 0.333333 0.012500 0.020915
3 0.462132 0.321569 0.012500 0.020915
3 0.466176 0.313072 0.013235 0.019608
11 0.467279 0.301307 0.011029 0.019608
3 0.465074 0.294771 0.008088 0.014379
3 0.469485 0.289542 0.009559 0.016993
3 0.401838 0.421569 0.022794 0.032680
3 0.412868 0.394771 0.018382 0.033987
3 0.419853 0.378431 0.016176 0.027451
3 0.427206 0.363399 0.016176 0.023529
3 0.431250 0.349020 0.015441 0.023529
3 0.435662 0.337255 0.013971 0.023529
3 0.438235 0.326797 0.011765 0.020915
3 0.445956 0.316340 0.013971 0.023529
3 0.447059 0.307843 0.010294 0.019608
3 0.451103 0.301961 0.009559 0.015686
3 0.452206 0.294771 0.008824 0.014379
3 0.453676 0.288235 0.011765 0.014379
3 0.369853 0.418301 0.025000 0.031373
3 0.375735 0.390196 0.022059 0.027451
3 0.393382 0.375817 0.019118 0.024837
3 0.405147 0.358170 0.019118 0.020915
3 0.398162 0.340523 0.018382 0.024837
2 0.418015 0.315686 0.021324 0.048366
3 0.429779 0.309804 0.011029 0.018301
3 0.433456 0.299346 0.009559 0.015686
3 0.434191 0.290850 0.011029 0.014379
3 0.439706 0.232026 0.007353 0.009150
3 0.519485 0.284314 0.011029 0.014379
3 0.537132 0.283660 0.009559 0.015686
3 0.569485 0.291503 0.009559 0.013072
3 0.575735 0.303922 0.010294 0.016993
3 0.576471 0.317647 0.008824 0.015686
2 0.559191 0.312418 0.031618 0.052288
3 0.530515 0.326144 0.013971 0.019608
3 0.516912 0.361438 0.017647 0.024837
3 0.525735 0.450327 0.023529 0.040523
3 0.614338 0.416340 0.019853 0.030065
3 0.589706 0.467974 0.027941 0.036601
3 0.556985 0.481699 0.025735 0.040523
3 0.521691 0.537908 0.030147 0.045752
3 0.352206 0.227451 0.008824 0.013072
3 0.533456 0.675163 0.043382 0.074510
3 0.594853 0.664706 0.045588 0.079739
11 0.664706 0.502614 0.039706 0.053595
3 0.727206 0.632026 0.042647 0.064052
3 0.794118 0.771895 0.075000 0.100654
3 0.865809 0.925490 0.099265 0.143791
8 0.754779 0.876471 0.015441 0.045752
5 0.750735 0.900000 0.022059 0.074510
8 0.716544 0.748366 0.016912 0.050980
5 0.712868 0.772549 0.015441 0.057516
8 0.679044 0.687582 0.018382 0.041830
5 0.675735 0.705229 0.017647 0.053595
8 0.650368 0.590196 0.011029 0.032680
5 0.647794 0.606536 0.013235 0.047059
4 0.603676 0.316993 0.032353 0.056209
11 0.707721 0.430719 0.043382 0.043137
3 0.723529 0.458170 0.051471 0.032680
7 0.652574 0.439216 0.009559 0.033987
7 0.679779 0.468627 0.006618 0.032680
4 0.736397 0.527451 0.041912 0.045752
7 0.989338 0.732026 0.015441 0.067974
1 0.970956 0.805882 0.021324 0.061438
7 0.913971 0.903268 0.016176 0.088889
7 0.931985 0.926797 0.015441 0.088889
7 0.977574 0.924183 0.018382 0.073203
8 0.968015 0.957516 0.024265 0.061438
1 0.963971 0.979739 0.025000 0.037908
1 0.951103 0.897386 0.036029 0.045752
1 0.958824 0.873856 0.033824 0.043137
1 0.933088 0.852941 0.026471 0.032680
1 0.922794 0.827451 0.041176 0.041830
1 0.911765 0.815686 0.038235 0.041830
1 0.905515 0.803268 0.034559 0.045752
