10 0.925735 0.331373 0.069118 0.215686
10 0.942279 0.143791 0.083088 0.151634
10 0.624632 0.180392 0.115441 0.138562
10 0.420956 0.315033 0.177206 0.211765
10 0.486765 0.425490 0.175000 0.220915
10 0.560662 0.493464 0.190441 0.236601
10 0.640074 0.547712 0.166912 0.219608
7 0.683824 0.674510 0.030882 0.096732
9 0.840441 0.909804 0.158824 0.169935
10 0.082721 0.690850 0.165441 0.396078
3 0.046691 0.115686 0.077206 0.077124
9 0.076103 0.150327 0.069853 0.073203
7 0.230515 0.233333 0.019853 0.058824
7 0.234191 0.488235 0.028676 0.090196
7 0.252574 0.683660 0.031618 0.099346
7 0.165441 0.946405 0.030882 0.101961
7 0.257721 0.947712 0.030147 0.101961
7 0.332353 0.495425 0.023529 0.086275
7 0.381985 0.539216 0.018382 0.095425
7 0.397794 0.583660 0.020588 0.105882
7 0.426471 0.609804 0.023529 0.095425
7 0.431618 0.547059 0.020588 0.100654
7 0.448897 0.564052 0.022794 0.100654
7 0.410662 0.574510 0.019853 0.098039
7 0.621324 0.021569 0.016176 0.043137
7 0.172059 0.176471 0.017647 0.060131
7 0.166544 0.038562 0.016912 0.064052
4 0.387132 0.064052 0.236029 0.117647
8 0.841912 0.922876 0.047059 0.086275
8 0.873529 0.945752 0.041176 0.105882
