4 0.444853 0.162745 0.107353 0.066667
4 0.519853 0.216340 0.030882 0.050980
4 0.382721 0.232680 0.019853 0.018301
3 0.416912 0.203268 0.004412 0.014379
3 0.401103 0.208497 0.012500 0.006536
3 0.402941 0.205229 0.008824 0.005229
11 0.393382 0.213072 0.017647 0.013072
3 0.426103 0.212418 0.005147 0.006536
7 0.411765 0.215686 0.001471 0.007843
3 0.395956 0.243137 0.006618 0.007843
3 0.366912 0.264052 0.007353 0.010458
10 0.377574 0.253595 0.028676 0.015686
11 0.377574 0.273203 0.012500 0.023529
7 0.386029 0.268627 0.002941 0.016993
3 0.401103 0.274510 0.009559 0.015686
3 0.427941 0.257516 0.007353 0.010458
11 0.433456 0.305229 0.009559 0.019608
3 0.352206 0.292157 0.025000 0.014379
4 0.405515 0.252941 0.008088 0.014379
11 0.472059 0.205882 0.002941 0.006536
3 0.459559 0.228758 0.005882 0.010458
3 0.460662 0.256863 0.006618 0.009150
3 0.461397 0.282353 0.009559 0.015686
3 0.475368 0.260131 0.006618 0.013072
3 0.479044 0.281046 0.008088 0.013072
9 0.491912 0.295425 0.007353 0.013072
3 0.480515 0.309804 0.011029 0.015686
3 0.482353 0.337908 0.011765 0.022222
4 0.480147 0.228105 0.002941 0.009150
3 0.483456 0.211765 0.005147 0.007843
3 0.491176 0.213725 0.004412 0.006536
7 0.489338 0.218301 0.002206 0.005229
3 0.497794 0.220261 0.010294 0.009150
10 0.498897 0.236601 0.009559 0.015686
3 0.497059 0.253595 0.007353 0.010458
10 0.498529 0.264706 0.008824 0.014379
4 0.523529 0.260784 0.025000 0.011765
11 0.530882 0.252941 0.014706 0.014379
3 0.512132 0.251634 0.015441 0.014379
3 0.508456 0.278431 0.009559 0.013072
3 0.519853 0.281046 0.010294 0.013072
3 0.521691 0.290850 0.008088 0.014379
7 0.516176 0.296732 0.004412 0.013072
3 0.537132 0.279085 0.013971 0.014379
3 0.543015 0.266013 0.006618 0.011765
3 0.552574 0.266013 0.008088 0.011765
3 0.556250 0.279085 0.016912 0.014379
11 0.704412 0.265359 0.014706 0.013072
10 0.719485 0.268627 0.030147 0.019608
10 0.717279 0.279739 0.031618 0.020915
11 0.700000 0.284967 0.010294 0.013072
11 0.681985 0.266667 0.008088 0.010458
10 0.682721 0.292810 0.022794 0.036601
9 0.516544 0.322876 0.008088 0.013072
8 0.517279 0.322222 0.003676 0.014379
4 0.527941 0.318301 0.002941 0.016993
3 0.552574 0.302614 0.016912 0.014379
3 0.564338 0.313072 0.022794 0.014379
11 0.568750 0.304575 0.018382 0.015686
3 0.573897 0.334641 0.030147 0.020915
3 0.594485 0.364052 0.024265 0.022222
9 0.412500 0.312418 0.007353 0.013072
8 0.411765 0.309804 0.004412 0.013072
11 0.604044 0.429412 0.027206 0.040523
3 0.570956 0.433333 0.019853 0.035294
9 0.579779 0.479085 0.018382 0.043137
5 0.538971 0.448366 0.004412 0.020915
8 0.539338 0.444444 0.003676 0.020915
5 0.526103 0.375163 0.005147 0.015686
8 0.526471 0.369935 0.004412 0.015686
8 0.527574 0.373203 0.002206 0.014379
11 0.629044 0.486928 0.034559 0.035294
3 0.653676 0.503268 0.050000 0.031373
3 0.657353 0.525490 0.054412 0.039216
7 0.704044 0.520261 0.003676 0.026144
11 0.608088 0.520915 0.025000 0.045752
7 0.598162 0.533987 0.008088 0.035294
9 0.554412 0.434641 0.011765 0.032680
3 0.651103 0.665359 0.043382 0.060131
11 0.702206 0.603268 0.077941 0.056209
3 0.706250 0.628758 0.062500 0.047059
3 0.715809 0.657516 0.059559 0.052288
11 0.733824 0.673856 0.067647 0.066667
7 0.748162 0.611765 0.009559 0.039216
7 0.769118 0.633333 0.008824 0.045752
8 0.741912 0.583660 0.008824 0.022222
8 0.738971 0.586928 0.007353 0.020915
9 0.700368 0.794771 0.024265 0.060131
3 0.830515 0.818954 0.080147 0.090196
7 0.705882 0.921569 0.014706 0.067974
1 0.891544 0.902614 0.028676 0.048366
11 0.277941 0.313072 0.029412 0.024837
7 0.331985 0.391503 0.003676 0.022222
7 0.340441 0.392157 0.004412 0.026144
3 0.391176 0.437908 0.019118 0.031373
3 0.330882 0.501307 0.023529 0.043137
3 0.269118 0.528105 0.050000 0.047059
7 0.234191 0.500654 0.006618 0.020915
7 0.227206 0.496078 0.005882 0.030065
3 0.259559 0.383660 0.036765 0.024837
5 0.262868 0.418954 0.008088 0.016993
3 0.268015 0.436601 0.052206 0.026144
3 0.266176 0.449020 0.052941 0.032680
3 0.250368 0.462745 0.050735 0.031373
3 0.250735 0.483007 0.052941 0.032680
5 0.296691 0.464052 0.008088 0.026144
8 0.296691 0.458824 0.006618 0.031373
7 0.213971 0.530719 0.005882 0.028758
7 0.206618 0.526144 0.007353 0.032680
11 0.206618 0.586275 0.063235 0.058824
9 0.154044 0.598693 0.019853 0.041830
5 0.134559 0.635948 0.023529 0.027451
11 0.109191 0.710458 0.081618 0.074510
3 0.106250 0.661438 0.058088 0.075817
3 0.122794 0.850980 0.069118 0.109804
3 0.052941 0.962745 0.105882 0.071895
5 0.459559 0.574510 0.010294 0.032680
8 0.459191 0.566013 0.011029 0.031373
