1 0.035156 0.912037 0.007812 0.027778
3 0.103906 0.937037 0.041146 0.072222
7 0.105729 0.783796 0.005208 0.030556
3 0.170052 0.821759 0.040104 0.063889
3 0.220833 0.862037 0.037500 0.066667
3 0.256250 0.764815 0.029167 0.048148
8 0.140885 0.676389 0.004687 0.015741
1 0.141667 0.689352 0.006250 0.015741
8 0.151562 0.660185 0.004167 0.016667
1 0.151562 0.670833 0.005208 0.017593
7 0.169271 0.668519 0.004167 0.020370
11 0.167448 0.678704 0.022396 0.024074
1 0.219010 0.635185 0.011979 0.012963
8 0.210417 0.612500 0.004167 0.017593
1 0.209635 0.620833 0.010937 0.012037
1 0.223958 0.622685 0.012500 0.012037
1 0.221615 0.611574 0.009896 0.015741
7 0.261458 0.454167 0.003125 0.017593
7 0.269271 0.454167 0.003125 0.015741
7 0.263542 0.454167 0.003125 0.015741
7 0.275781 0.450463 0.003646 0.017593
7 0.284115 0.449074 0.003646 0.014815
7 0.296354 0.456481 0.003125 0.018519
7 0.298438 0.456481 0.002083 0.014815
7 0.321094 0.457407 0.003646 0.016667
7 0.336719 0.457870 0.002604 0.019444
7 0.345833 0.457407 0.003125 0.016667
7 0.375781 0.458796 0.002604 0.015741
7 0.383073 0.437500 0.002604 0.010185
1 0.383073 0.442593 0.003646 0.009259
7 0.332031 0.415741 0.002604 0.011111
7 0.315885 0.434259 0.002604 0.016667
7 0.313021 0.435648 0.002083 0.015741
7 0.304688 0.439352 0.002083 0.013889
7 0.301302 0.439815 0.002604 0.012963
7 0.288802 0.436111 0.002604 0.014815
7 0.298698 0.429167 0.002604 0.013889
7 0.294792 0.431019 0.002083 0.015741
7 0.282292 0.428704 0.003125 0.014815
7 0.315625 0.408333 0.002083 0.012963
7 0.304167 0.413889 0.003125 0.012963
7 0.307552 0.390741 0.001563 0.011111
7 0.333854 0.404167 0.002083 0.012037
7 0.296875 0.409259 0.002083 0.012963
7 0.299740 0.408796 0.001563 0.013889
7 0.291146 0.406019 0.002083 0.012037
4 0.291667 0.385185 0.026042 0.029630
7 0.287760 0.409722 0.002604 0.012037
7 0.256510 0.507870 0.002604 0.017593
7 0.317708 0.329167 0.002083 0.010185
7 0.280469 0.318056 0.002604 0.010185
7 0.290625 0.556481 0.003125 0.018519
7 0.270833 0.568056 0.002083 0.019444
7 0.265885 0.560648 0.002604 0.017593
7 0.280469 0.551852 0.002604 0.018519
7 0.321875 0.497222 0.003125 0.014815
7 0.306771 0.531481 0.004167 0.014815
7 0.304167 0.515741 0.002083 0.014815
7 0.285417 0.550463 0.003125 0.019444
7 0.276042 0.552778 0.003125 0.022222
7 0.296615 0.538426 0.002604 0.015741
7 0.292708 0.534259 0.003125 0.018519
4 0.282031 0.531481 0.017188 0.016667
3 0.304688 0.616667 0.022917 0.031481
3 0.330729 0.912037 0.030208 0.057407
3 0.382552 0.816667 0.022396 0.050000
3 0.354948 0.731481 0.024479 0.040741
3 0.302604 0.675926 0.023958 0.038889
3 0.382292 0.650000 0.021875 0.031481
3 0.394792 0.689815 0.020833 0.033333
3 0.354687 0.573148 0.017708 0.025926
3 0.405990 0.657407 0.019271 0.031481
3 0.401562 0.611574 0.018750 0.026852
3 0.415104 0.627778 0.017708 0.025926
2 0.425000 0.675000 0.038542 0.105556
3 0.355729 0.505093 0.017708 0.025000
3 0.379948 0.515278 0.017188 0.025000
3 0.407813 0.587037 0.016667 0.020370
3 0.423698 0.600926 0.018229 0.025926
3 0.422135 0.561574 0.015104 0.021296
3 0.425521 0.539352 0.013542 0.019444
7 0.435937 0.953704 0.008333 0.035185
8 0.484115 0.927778 0.006771 0.020370
5 0.484115 0.937500 0.007812 0.032407
8 0.471615 0.980556 0.009896 0.027778
7 0.525781 0.839815 0.005729 0.033333
7 0.531771 0.839815 0.004167 0.033333
7 0.488802 0.846296 0.005729 0.029630
1 0.488802 0.856019 0.004687 0.026852
7 0.451562 0.881481 0.005208 0.027778
7 0.460417 0.840741 0.007292 0.033333
7 0.465625 0.806019 0.005208 0.030556
4 0.443750 0.825926 0.023958 0.079630
4 0.457292 0.737037 0.018750 0.098148
4 0.474479 0.658796 0.020833 0.084259
1 0.604167 0.886574 0.006250 0.032407
8 0.618750 0.860648 0.008333 0.021296
5 0.594010 0.842130 0.006771 0.026852
1 0.585156 0.826852 0.009896 0.029630
7 0.561198 0.762037 0.006771 0.027778
11 0.523958 0.750926 0.017708 0.044444
8 0.570833 0.691667 0.006250 0.014815
8 0.501302 0.717593 0.004687 0.016667
1 0.501823 0.727778 0.003646 0.022222
8 0.502344 0.688889 0.004687 0.016667
1 0.502604 0.696296 0.003125 0.022222
8 0.488021 0.696296 0.005208 0.020370
5 0.488281 0.704167 0.003646 0.017593
8 0.498177 0.651852 0.005729 0.014815
5 0.498437 0.661111 0.004167 0.016667
7 0.488281 0.616204 0.003646 0.021296
7 0.492969 0.608333 0.003646 0.022222
8 0.502604 0.625000 0.004167 0.016667
1 0.502865 0.631481 0.004687 0.016667
8 0.509115 0.627315 0.003646 0.015741
1 0.508854 0.633333 0.003125 0.016667
7 0.520833 0.628241 0.004167 0.023148
7 0.566406 0.613426 0.003646 0.021296
8 0.552604 0.627778 0.004167 0.014815
5 0.552344 0.633333 0.004687 0.012963
11 0.562760 0.597685 0.014063 0.034259
4 0.572135 0.539815 0.011979 0.031481
4 0.519531 0.525926 0.017188 0.040741
7 0.540104 0.525926 0.003125 0.018519
7 0.535417 0.504630 0.004167 0.018519
7 0.505208 0.588426 0.004167 0.019444
7 0.515625 0.572222 0.003125 0.020370
7 0.512760 0.565278 0.003646 0.019444
7 0.508073 0.565741 0.003646 0.020370
1 0.498437 0.574074 0.004167 0.016667
7 0.558073 0.516204 0.002604 0.013889
3 0.438021 0.575000 0.012500 0.020370
2 0.450260 0.595370 0.032813 0.075926
3 0.442188 0.507870 0.015625 0.017593
3 0.458594 0.510648 0.013021 0.019444
3 0.447917 0.531019 0.015625 0.021296
3 0.473438 0.535648 0.015625 0.019444
2 0.486979 0.494907 0.025000 0.056481
7 0.390885 0.465741 0.004687 0.012963
7 0.422135 0.461574 0.004687 0.017593
7 0.426563 0.464815 0.003125 0.014815
7 0.434635 0.464815 0.003646 0.012963
7 0.437240 0.462500 0.003646 0.019444
7 0.440104 0.461574 0.002083 0.015741
7 0.442708 0.463426 0.002083 0.013889
7 0.452865 0.462500 0.002604 0.021296
7 0.461979 0.468981 0.003125 0.017593
7 0.473177 0.469444 0.003646 0.016667
7 0.512760 0.464352 0.004687 0.019444
7 0.558594 0.465278 0.003646 0.019444
8 0.395313 0.443981 0.003125 0.010185
1 0.394792 0.447685 0.004167 0.008333
3 0.395052 0.434259 0.013021 0.012963
3 0.415365 0.452315 0.010937 0.015741
3 0.434896 0.419907 0.011458 0.019444
3 0.441667 0.431944 0.010417 0.015741
3 0.429167 0.387963 0.008333 0.011111
8 0.434375 0.391667 0.003125 0.007407
3 0.433854 0.380556 0.008333 0.009259
2 0.345833 0.434722 0.029167 0.034259
2 0.377083 0.410648 0.033333 0.023148
7 0.315365 0.391667 0.002604 0.011111
7 0.333333 0.393519 0.003125 0.012963
4 0.407813 0.389352 0.018750 0.034259
4 0.439583 0.360648 0.028125 0.026852
3 0.438802 0.375926 0.007812 0.009259
7 0.457813 0.316667 0.002083 0.012963
7 0.450000 0.317130 0.002083 0.010185
7 0.446875 0.317130 0.001042 0.012037
7 0.444792 0.318519 0.001042 0.012963
7 0.442708 0.318519 0.002083 0.012963
7 0.432552 0.320370 0.001563 0.009259
7 0.435156 0.320370 0.001563 0.009259
3 0.458594 0.406019 0.009896 0.013889
3 0.453646 0.395833 0.009375 0.012037
3 0.465885 0.393981 0.008854 0.012037
3 0.464844 0.373611 0.008854 0.010185
3 0.480208 0.368056 0.008333 0.010185
3 0.473438 0.380093 0.008333 0.012037
7 0.571615 0.445833 0.002604 0.015741
4 0.461198 0.355556 0.001563 0.009259
4 0.468229 0.343519 0.003125 0.016667
3 0.485938 0.344907 0.006250 0.010185
3 0.496354 0.345370 0.007292 0.009259
3 0.485156 0.335185 0.007812 0.007407
3 0.466406 0.454630 0.011979 0.011111
3 0.473438 0.415741 0.009375 0.012963
3 0.475521 0.436574 0.009375 0.013889
3 0.480729 0.425463 0.009375 0.013889
3 0.486458 0.413889 0.010417 0.014815
3 0.486458 0.446759 0.009375 0.015741
2 0.496875 0.451852 0.018750 0.033333
3 0.492448 0.431481 0.009896 0.012963
3 0.497917 0.418981 0.009375 0.012037
3 0.508073 0.433796 0.008854 0.013889
3 0.511458 0.422685 0.010417 0.012037
2 0.508333 0.397685 0.013542 0.034259
3 0.526823 0.406019 0.006771 0.012037
3 0.518750 0.401389 0.007292 0.012037
3 0.500260 0.391204 0.006771 0.012037
3 0.501302 0.377778 0.007812 0.011111
3 0.519531 0.390278 0.009896 0.013889
3 0.507292 0.365741 0.005208 0.009259
2 0.514844 0.369907 0.011979 0.026852
3 0.525781 0.385648 0.006771 0.012037
3 0.526302 0.379630 0.006771 0.009259
3 0.525781 0.373611 0.005729 0.008333
3 0.529427 0.369444 0.006771 0.011111
3 0.533594 0.363426 0.005729 0.010185
4 0.544010 0.373148 0.011979 0.020370
3 0.529687 0.353704 0.007292 0.007407
3 0.510677 0.349537 0.006771 0.008333
3 0.517708 0.351389 0.006250 0.008333
3 0.519531 0.344907 0.006771 0.008333
3 0.523177 0.338426 0.005729 0.008333
11 0.531510 0.343519 0.006771 0.011111
3 0.533333 0.335185 0.007292 0.007407
4 0.526823 0.318056 0.015104 0.002778
4 0.557813 0.318519 0.019792 0.005556
4 0.505469 0.316667 0.002604 0.003704
4 0.494531 0.315741 0.001563 0.003704
3 0.492448 0.307407 0.005729 0.007407
3 0.499479 0.312963 0.005208 0.007407
3 0.507292 0.313426 0.004167 0.006481
3 0.505990 0.300926 0.004687 0.007407
3 0.517188 0.306481 0.005208 0.007407
3 0.513542 0.300463 0.005208 0.008333
2 0.504687 0.285185 0.007292 0.018519
4 0.489844 0.275463 0.017188 0.017593
4 0.481510 0.299074 0.008854 0.024074
4 0.452865 0.272222 0.018229 0.012963
7 0.544271 0.440278 0.002083 0.015741
7 0.550781 0.431019 0.003646 0.013889
7 0.555469 0.426852 0.002604 0.016667
7 0.564063 0.448148 0.002083 0.016667
7 0.565885 0.449537 0.002604 0.015741
7 0.568490 0.459722 0.001563 0.013889
7 0.572135 0.415741 0.001563 0.011111
7 0.575260 0.416204 0.001563 0.013889
7 0.562500 0.409722 0.002083 0.013889
7 0.562500 0.419907 0.002083 0.012037
7 0.559896 0.416204 0.002083 0.012037
7 0.554167 0.412037 0.002083 0.012963
7 0.551823 0.418981 0.002604 0.012037
4 0.542969 0.393056 0.010937 0.012037
4 0.539323 0.417593 0.014063 0.027778
7 0.551042 0.390278 0.002083 0.012037
7 0.553125 0.390278 0.001042 0.012037
7 0.555990 0.390741 0.001563 0.012963
7 0.557552 0.390741 0.001563 0.012963
7 0.564323 0.387963 0.001563 0.012963
7 0.571875 0.387963 0.002083 0.011111
7 0.574479 0.389815 0.002083 0.014815
7 0.568750 0.387963 0.002083 0.016667
4 0.574740 0.356019 0.005729 0.043519
7 0.559115 0.371759 0.001563 0.012037
7 0.504687 0.269444 0.001042 0.005556
3 0.518490 0.295833 0.005729 0.006481
3 0.510677 0.295370 0.004687 0.005556
3 0.525000 0.291667 0.005208 0.007407
3 0.515885 0.282870 0.003646 0.006481
3 0.511979 0.276389 0.004167 0.012037
4 0.542188 0.239352 0.050000 0.058333
3 0.538281 0.305093 0.004687 0.006481
4 0.527604 0.312500 0.008333 0.010185
4 0.529948 0.303241 0.005729 0.004630
4 0.533854 0.296296 0.005208 0.005556
2 0.539062 0.285185 0.008333 0.014815
3 0.550781 0.308333 0.004687 0.007407
4 0.541927 0.313426 0.005729 0.006481
2 0.559896 0.297685 0.008333 0.013889
3 0.550521 0.292593 0.004167 0.005556
3 0.547135 0.283796 0.003646 0.004630
3 0.525000 0.283796 0.005208 0.004630
3 0.531250 0.279630 0.004167 0.005556
3 0.518750 0.276852 0.004167 0.005556
11 0.549219 0.274074 0.005729 0.012963
4 0.571875 0.263889 0.008333 0.018519
3 0.568490 0.281019 0.003646 0.010185
2 0.557292 0.287963 0.005208 0.014815
3 0.561979 0.273611 0.003125 0.004630
