3 0.440809 0.026797 0.016912 0.053595
3 0.479044 0.115686 0.013971 0.061438
3 0.453309 0.150327 0.015441 0.065359
3 0.436397 0.344444 0.013971 0.064052
3 0.461029 0.376471 0.016176 0.062745
3 0.491912 0.320261 0.014706 0.060131
3 0.399265 0.581699 0.038235 0.049673
3 0.500000 0.560784 0.017647 0.065359
3 0.441912 0.457516 0.014706 0.065359
3 0.387500 0.158824 0.038235 0.030065
3 0.380147 0.205882 0.035294 0.035294
3 0.386397 0.067320 0.033088 0.037908
3 0.420221 0.011765 0.013971 0.023529
3 0.395956 0.447712 0.038971 0.037908
5 0.359191 0.151634 0.005147 0.023529
7 0.361765 0.178431 0.005882 0.011765
5 0.419853 0.183007 0.005882 0.020915
8 0.420221 0.180392 0.005147 0.007843
7 0.513603 0.269281 0.005147 0.010458
7 0.516176 0.288235 0.004412 0.009150
8 0.521324 0.249673 0.004412 0.013072
1 0.521324 0.251634 0.004412 0.019608
8 0.509191 0.449020 0.005147 0.009150
5 0.509191 0.448366 0.005147 0.020915
3 0.006618 0.717647 0.013235 0.026144
11 0.068750 0.715686 0.038971 0.030065
3 0.123162 0.649020 0.019853 0.071895
3 0.151471 0.640523 0.019118 0.067974
3 0.171691 0.652288 0.018382 0.065359
3 0.193382 0.649673 0.017647 0.073203
3 0.215074 0.647059 0.016912 0.067974
3 0.174265 0.766667 0.041176 0.030065
3 0.078676 0.785621 0.023529 0.020915
3 0.245221 0.680392 0.036029 0.030065
3 0.259559 0.766667 0.038235 0.032680
3 0.472059 0.620915 0.016176 0.062745
3 0.445588 0.631373 0.017647 0.065359
3 0.568015 0.596732 0.036029 0.032680
3 0.545221 0.705229 0.015441 0.056209
3 0.576103 0.869281 0.037500 0.041830
3 0.552941 0.254248 0.030882 0.048366
3 0.526471 0.296732 0.016176 0.062745
3 0.523529 0.381046 0.016176 0.064052
3 0.560294 0.301961 0.029412 0.039216
3 0.535662 0.528105 0.016912 0.062745
7 0.416544 0.303922 0.003676 0.011765
11 0.402941 0.532026 0.032353 0.036601
5 0.448897 0.544444 0.006618 0.022222
8 0.448529 0.543791 0.005882 0.010458
7 0.412868 0.710458 0.005147 0.006536
7 0.389706 0.842484 0.002941 0.014379
7 0.382353 0.844444 0.004412 0.007843
5 0.518382 0.630719 0.004412 0.019608
8 0.518015 0.628105 0.003676 0.009150
3 0.507353 0.745752 0.016176 0.061438
3 0.479044 0.837908 0.016912 0.070588
3 0.451471 0.889542 0.014706 0.071895
3 0.486029 0.952941 0.017647 0.065359
3 0.406618 0.913725 0.016176 0.070588
11 0.407721 0.820915 0.012500 0.062745
4 0.519853 0.502614 0.008824 0.037908
5 0.540441 0.898693 0.004412 0.022222
8 0.540074 0.900000 0.005147 0.009150
7 0.897794 0.667974 0.007353 0.005229
7 0.761397 0.990850 0.008088 0.007843
7 0.601103 0.980392 0.006618 0.010458
7 0.606618 0.975163 0.004412 0.010458
7 0.605147 0.879085 0.002941 0.009150
6 0.738971 0.127451 0.023529 0.082353
