3 0.448897 0.228758 0.080147 0.081046
3 0.636765 0.268627 0.095588 0.098039
3 0.743750 0.117647 0.056618 0.062745
3 0.847794 0.171242 0.073529 0.067974
3 0.268015 0.062092 0.063971 0.061438
3 0.202574 0.129412 0.075735 0.065359
3 0.197059 0.079085 0.060294 0.056209
3 0.034191 0.422876 0.068382 0.121569
3 0.115441 0.951634 0.117647 0.094118
8 0.083088 0.254902 0.013235 0.039216
8 0.488603 0.069281 0.008088 0.028758
8 0.938971 0.175163 0.013235 0.028758
8 0.955147 0.166013 0.011765 0.028758
8 0.631985 0.022876 0.009559 0.024837
8 0.640074 0.031373 0.009559 0.026144
1 0.087500 0.277778 0.020588 0.037908
1 0.484559 0.084967 0.023529 0.028758
7 0.858456 0.891503 0.037500 0.096732
7 0.877574 0.878431 0.016912 0.091503
9 0.943015 0.191503 0.062500 0.053595
7 0.658824 0.026144 0.005882 0.031373
5 0.631985 0.041176 0.021324 0.027451
