7 0.551838 0.478431 0.006618 0.033987
7 0.539706 0.566667 0.005882 0.040523
7 0.533824 0.574510 0.005882 0.019608
7 0.377941 0.619608 0.010294 0.036601
8 0.175735 0.577778 0.013235 0.033987
7 0.231250 0.577778 0.006618 0.044444
8 0.224265 0.566667 0.005882 0.022222
7 0.236765 0.516993 0.005882 0.037908
7 0.310662 0.513072 0.008088 0.037908
7 0.326103 0.494118 0.008088 0.036601
1 0.372426 0.489542 0.011029 0.027451
9 0.358824 0.490850 0.022059 0.019608
4 0.323897 0.401307 0.021324 0.020915
3 0.156985 0.277124 0.028676 0.015686
5 0.092647 0.285621 0.008824 0.011765
7 0.381618 0.315686 0.004412 0.019608
8 0.395221 0.383007 0.006618 0.023529
7 0.343750 0.388889 0.003676 0.030065
8 0.347059 0.389542 0.004412 0.015686
7 0.471691 0.367974 0.003676 0.024837
8 0.461029 0.368627 0.004412 0.015686
7 0.455882 0.361438 0.002941 0.014379
3 0.650735 0.254248 0.020588 0.016993
7 0.768015 0.403922 0.003676 0.023529
8 0.770588 0.400000 0.004412 0.010458
4 0.960662 0.276471 0.077206 0.045752
4 0.969118 0.571242 0.033824 0.041830
7 0.786765 0.745752 0.014706 0.050980
3 0.971691 0.322876 0.036029 0.023529
4 0.881618 0.265359 0.036765 0.028758
4 0.910662 0.262745 0.025735 0.018301
11 0.909926 0.281699 0.024265 0.016993
7 0.876103 0.400654 0.003676 0.019608
7 0.873529 0.395425 0.005882 0.024837
7 0.903676 0.516340 0.005882 0.028758
7 0.994853 0.927451 0.007353 0.071895
7 0.986397 0.923529 0.011029 0.048366
3 0.965074 0.821569 0.059559 0.098039
8 0.883088 0.811111 0.014706 0.037908
7 0.927941 0.806536 0.008824 0.054902
7 0.915809 0.800000 0.009559 0.052288
7 0.919485 0.818301 0.015441 0.060131
8 0.919853 0.806536 0.005882 0.031373
9 0.891544 0.840523 0.043382 0.075817
9 0.924265 0.774510 0.033824 0.074510
7 0.907353 0.690196 0.010294 0.049673
11 0.873529 0.665359 0.054412 0.099346
7 0.898162 0.656863 0.006618 0.043137
3 0.991544 0.403922 0.015441 0.039216
7 0.980882 0.431373 0.005882 0.026144
7 0.973529 0.433987 0.005882 0.023529
8 0.959926 0.437908 0.006618 0.018301
11 0.992647 0.467974 0.013235 0.039216
7 0.950735 0.671242 0.013235 0.050980
7 0.961765 0.658824 0.008824 0.047059
7 0.956250 0.644444 0.006618 0.047059
7 0.937132 0.626797 0.009559 0.045752
7 0.920221 0.608497 0.009559 0.048366
3 0.913971 0.601961 0.008824 0.037908
3 0.888603 0.597386 0.046324 0.067974
1 0.983088 0.619608 0.013235 0.031373
7 0.985294 0.618301 0.013235 0.039216
0 0.945956 0.553595 0.027206 0.056209
3 0.958824 0.502614 0.042647 0.043137
7 0.973162 0.505229 0.005147 0.040523
0 0.966544 0.524183 0.031618 0.057516
7 0.983088 0.523529 0.008824 0.030065
7 0.997426 0.528758 0.003676 0.035294
7 0.987868 0.524837 0.009559 0.040523
