10 0.730515 0.030065 0.058088 0.060131
10 0.617279 0.016993 0.077206 0.033987
7 0.618015 0.023529 0.008088 0.047059
10 0.527941 0.080392 0.036765 0.116340
7 0.573162 0.086275 0.008088 0.052288
10 0.628676 0.097386 0.114706 0.105882
10 0.667279 0.137908 0.109559 0.092810
10 0.665809 0.208497 0.125735 0.108497
7 0.486765 0.117647 0.014706 0.049673
7 0.466176 0.094118 0.008824 0.049673
7 0.451838 0.083007 0.008088 0.040523
7 0.445588 0.094771 0.005882 0.040523
7 0.451103 0.100654 0.008088 0.041830
7 0.456618 0.109804 0.010294 0.049673
8 0.450368 0.120915 0.011029 0.045752
5 0.450735 0.126144 0.022059 0.045752
7 0.441912 0.126144 0.022059 0.053595
7 0.418015 0.035294 0.012500 0.047059
7 0.417279 0.118301 0.009559 0.050980
7 0.408456 0.113725 0.009559 0.049673
10 0.389706 0.084967 0.077941 0.073203
10 0.402206 0.047712 0.100000 0.077124
10 0.412868 0.028758 0.096324 0.057516
10 0.159559 0.082353 0.102941 0.094118
7 0.459559 0.171242 0.008824 0.052288
7 0.462132 0.283007 0.011029 0.056209
3 0.536765 0.274510 0.041176 0.099346
7 0.564338 0.326144 0.013971 0.056209
7 0.594853 0.318301 0.014706 0.056209
9 0.611029 0.341830 0.054412 0.066667
3 0.603676 0.505229 0.050000 0.134641
5 0.625368 0.596078 0.021324 0.081046
3 0.628309 0.894771 0.069853 0.207843
3 0.343015 0.717647 0.072794 0.216993
9 0.375368 0.564706 0.088971 0.081046
5 0.395588 0.479085 0.030882 0.064052
8 0.302574 0.309150 0.021324 0.043137
7 0.311397 0.282353 0.011029 0.065359
7 0.319485 0.316993 0.018382 0.066667
