3 0.469271 0.277778 0.015625 0.059259
3 0.576823 0.321296 0.011979 0.059259
3 0.540365 0.141667 0.013021 0.053704
3 0.544792 0.080556 0.012500 0.051852
3 0.548958 0.018056 0.010417 0.036111
3 0.452865 0.423148 0.013021 0.051852
3 0.447656 0.520370 0.011979 0.031481
3 0.465625 0.510185 0.017708 0.057407
3 0.526563 0.521759 0.013542 0.052778
3 0.541146 0.568981 0.014583 0.043519
4 0.311719 0.095833 0.271354 0.182407
4 0.869010 0.505556 0.259896 0.120370
4 0.933854 0.589815 0.113542 0.100000
4 0.292708 0.747222 0.157292 0.227778
4 0.255990 0.901852 0.132812 0.166667
3 0.228906 0.421296 0.030729 0.031481
3 0.273958 0.445370 0.032292 0.038889
3 0.315365 0.475000 0.030729 0.033333
3 0.286719 0.494907 0.030729 0.032407
3 0.233854 0.462500 0.030208 0.032407
3 0.192188 0.438426 0.032292 0.034259
3 0.145573 0.414815 0.033854 0.035185
3 0.080469 0.376852 0.031771 0.035185
3 0.121094 0.480556 0.027604 0.029630
3 0.015885 0.342130 0.031771 0.032407
10 0.260417 0.542593 0.075000 0.059259
3 0.317969 0.598611 0.030729 0.034259
3 0.352083 0.543056 0.026042 0.034259
3 0.386719 0.670833 0.017188 0.049074
3 0.405469 0.631944 0.019271 0.054630
3 0.458854 0.595370 0.016667 0.059259
3 0.434635 0.676852 0.015104 0.055556
3 0.379427 0.966204 0.019271 0.062037
3 0.369531 0.884259 0.015104 0.055556
3 0.393750 0.827778 0.016667 0.062963
3 0.409635 0.851389 0.018229 0.056481
11 0.440885 0.959722 0.017188 0.045370
3 0.450000 0.903704 0.018750 0.057407
10 0.435156 0.825926 0.022396 0.075926
3 0.535156 0.798611 0.018229 0.052778
3 0.574219 0.681944 0.028646 0.045370
3 0.701823 0.580556 0.031771 0.040741
3 0.851042 0.637500 0.033333 0.034259
3 0.855990 0.673148 0.028646 0.031481
3 0.700000 0.619907 0.030208 0.034259
3 0.738281 0.642593 0.029687 0.033333
3 0.777083 0.665278 0.031250 0.034259
3 0.822917 0.689815 0.030208 0.033333
3 0.862760 0.716204 0.031771 0.032407
3 0.903646 0.736111 0.032292 0.035185
3 0.949219 0.759259 0.031771 0.037037
3 0.987240 0.778704 0.024479 0.035185
3 0.609115 0.149074 0.011979 0.053704
3 0.648438 0.166667 0.014583 0.050000
3 0.650521 0.100463 0.012500 0.052778
3 0.654948 0.007870 0.013021 0.015741
3 0.720052 0.015741 0.030729 0.029630
3 0.717969 0.044444 0.030729 0.027778
3 0.716667 0.075000 0.030208 0.025926
3 0.715104 0.100926 0.025000 0.025926
3 0.714844 0.131019 0.024479 0.026852
3 0.714063 0.160648 0.028125 0.030556
3 0.711458 0.191204 0.027083 0.023148
3 0.709896 0.218056 0.029167 0.026852
3 0.708073 0.248148 0.030729 0.025926
3 0.707552 0.275000 0.018229 0.022222
3 0.703646 0.306019 0.026042 0.023148
3 0.779427 0.037037 0.029687 0.031481
11 0.768750 0.090741 0.014583 0.042593
3 0.739844 0.311111 0.019271 0.055556
3 0.590885 0.984259 0.033854 0.029630
3 0.596615 0.955556 0.031771 0.035185
11 0.602604 0.923148 0.026042 0.031481
3 0.608333 0.887963 0.030208 0.031481
3 0.617708 0.860185 0.033333 0.035185
3 0.622917 0.826852 0.031250 0.037037
3 0.657292 0.823611 0.020833 0.063889
3 0.708073 0.848611 0.033854 0.034259
3 0.702604 0.878241 0.031250 0.034259
3 0.700521 0.911574 0.033333 0.034259
3 0.692708 0.941667 0.030208 0.037037
3 0.689323 0.977315 0.026562 0.026852
3 0.678906 0.991204 0.028646 0.015741
3 0.814323 0.903241 0.028646 0.036111
3 0.792969 0.923148 0.032813 0.038889
3 0.790885 0.953704 0.027604 0.031481
3 0.780990 0.980093 0.029687 0.034259
3 0.920573 0.886111 0.033854 0.037037
3 0.898958 0.930093 0.030208 0.039815
3 0.925260 0.948148 0.019271 0.031481
3 0.894531 0.962037 0.033854 0.033333
3 0.893490 0.987037 0.033854 0.024074
4 0.959896 0.990278 0.016667 0.017593
