4 0.329044 0.062092 0.021324 0.037908
4 0.101471 0.043137 0.036765 0.062745
4 0.432721 0.345098 0.028676 0.033987
3 0.946691 0.930065 0.105147 0.082353
3 0.832353 0.939869 0.089706 0.088889
3 0.974265 0.796078 0.050000 0.070588
11 0.961765 0.701961 0.075000 0.091503
11 0.894853 0.813072 0.079412 0.083660
10 0.781618 0.820261 0.133824 0.137255
11 0.766176 0.745098 0.073529 0.081046
11 0.859191 0.713072 0.096324 0.087582
5 0.967279 0.428105 0.016912 0.027451
5 0.930882 0.435294 0.017647 0.023529
11 0.974632 0.528105 0.049265 0.070588
7 0.993750 0.564052 0.011029 0.037908
7 0.968015 0.579739 0.011029 0.037908
3 0.959191 0.616993 0.078676 0.057516
7 0.921691 0.577778 0.009559 0.041830
7 0.952206 0.571242 0.010294 0.036601
7 0.944118 0.566013 0.008824 0.031373
3 0.879779 0.554248 0.063971 0.075817
3 0.829412 0.545098 0.045588 0.083660
7 0.838971 0.643137 0.008824 0.039216
7 0.833088 0.662092 0.008824 0.037908
9 0.849265 0.626144 0.039706 0.070588
9 0.767647 0.517647 0.011765 0.036601
7 0.822794 0.664052 0.008824 0.044444
7 0.808456 0.673203 0.011029 0.039216
9 0.810662 0.641830 0.031618 0.073203
8 0.791912 0.654902 0.010294 0.033987
9 0.779412 0.649020 0.036765 0.071895
7 0.767279 0.684314 0.015441 0.037908
9 0.750368 0.658824 0.031618 0.062745
9 0.717647 0.662745 0.032353 0.070588
7 0.737132 0.663399 0.012500 0.040523
7 0.736029 0.594118 0.010294 0.032680
1 0.716176 0.587582 0.022059 0.037908
8 0.706250 0.676471 0.009559 0.035294
8 0.545588 0.484967 0.007353 0.023529
7 0.526471 0.466013 0.005882 0.035294
8 0.640441 0.485621 0.008824 0.032680
8 0.648529 0.483007 0.007353 0.030065
7 0.593015 0.450327 0.005147 0.037908
7 0.585662 0.441830 0.005147 0.036601
5 0.691176 0.526797 0.022059 0.031373
5 0.699632 0.570588 0.022794 0.032680
1 0.687868 0.598039 0.024265 0.030065
5 0.676471 0.545752 0.020588 0.030065
5 0.652941 0.592810 0.007353 0.040523
1 0.616176 0.591503 0.030882 0.024837
5 0.685294 0.734641 0.032353 0.036601
8 0.684559 0.726144 0.016176 0.040523
9 0.648897 0.673203 0.027206 0.067974
7 0.634191 0.686275 0.008088 0.036601
7 0.626103 0.681046 0.008088 0.039216
7 0.623529 0.701307 0.011765 0.037908
7 0.613235 0.705882 0.007353 0.041830
5 0.601471 0.732026 0.027941 0.031373
8 0.602574 0.728758 0.012500 0.050980
9 0.606250 0.681046 0.031618 0.070588
5 0.527574 0.739216 0.024265 0.040523
7 0.576103 0.675817 0.009559 0.041830
7 0.566176 0.692157 0.010294 0.043137
7 0.542647 0.686928 0.007353 0.043137
7 0.526471 0.696078 0.008824 0.048366
9 0.562868 0.673203 0.028676 0.078431
9 0.528676 0.660131 0.023529 0.067974
5 0.501838 0.575817 0.021324 0.027451
7 0.500000 0.618301 0.008824 0.044444
7 0.447794 0.690196 0.008824 0.044444
7 0.348529 0.726797 0.014706 0.044444
7 0.468382 0.566013 0.007353 0.039216
7 0.475735 0.554248 0.008824 0.036601
8 0.476103 0.545098 0.005147 0.023529
8 0.469853 0.657516 0.010294 0.033987
9 0.479779 0.619608 0.025735 0.060131
8 0.412868 0.695425 0.011029 0.033987
9 0.421324 0.688889 0.032353 0.070588
9 0.398897 0.666013 0.041912 0.066667
7 0.394853 0.658824 0.013235 0.033987
8 0.367647 0.626797 0.008824 0.024837
7 0.386765 0.637255 0.010294 0.045752
9 0.375000 0.629412 0.026471 0.069281
9 0.398529 0.560131 0.050000 0.035294
7 0.400000 0.543791 0.005882 0.036601
7 0.439706 0.487582 0.007353 0.036601
10 0.446324 0.588889 0.041176 0.113725
5 0.495588 0.511111 0.019118 0.026144
5 0.486029 0.494771 0.026471 0.032680
1 0.496324 0.481046 0.010294 0.033987
5 0.464706 0.343137 0.005882 0.027451
11 0.456618 0.461438 0.054412 0.052288
3 0.429779 0.426797 0.040441 0.053595
3 0.408824 0.397386 0.039706 0.054902
7 0.385662 0.403268 0.006618 0.032680
5 0.477574 0.432026 0.016912 0.022222
9 0.483456 0.405229 0.011029 0.036601
5 0.472794 0.393464 0.010294 0.018301
10 0.434926 0.275163 0.038971 0.043137
3 0.420588 0.240523 0.048529 0.033987
11 0.422794 0.215686 0.033824 0.031373
3 0.357353 0.162745 0.025000 0.032680
2 0.389706 0.150980 0.033824 0.098039
11 0.390441 0.126144 0.029412 0.030065
3 0.382353 0.077778 0.032353 0.022222
7 0.356618 0.101307 0.004412 0.022222
7 0.342279 0.092157 0.003676 0.022222
8 0.351471 0.115033 0.002941 0.013072
10 0.351103 0.080392 0.018382 0.045752
10 0.372426 0.034641 0.066912 0.053595
7 0.339706 0.032026 0.002941 0.016993
9 0.367279 0.064706 0.022794 0.016993
8 0.316176 0.537908 0.010294 0.030065
5 0.316544 0.547059 0.008088 0.037908
3 0.258824 0.528758 0.029412 0.074510
8 0.006250 0.739869 0.012500 0.028758
9 0.018382 0.756209 0.036765 0.048366
5 0.098162 0.813072 0.018382 0.052288
8 0.098897 0.805229 0.019853 0.041830
7 0.051471 0.733333 0.013235 0.044444
7 0.122059 0.668627 0.016176 0.043137
7 0.109191 0.683007 0.013971 0.045752
7 0.076471 0.737255 0.010294 0.044444
7 0.056250 0.728105 0.011029 0.031373
7 0.056250 0.712418 0.016912 0.054902
7 0.064338 0.711111 0.011029 0.044444
7 0.062868 0.695425 0.009559 0.044444
7 0.079779 0.705229 0.011029 0.050980
7 0.088603 0.700000 0.013971 0.045752
7 0.073162 0.728105 0.015441 0.041830
9 0.088603 0.677778 0.031618 0.077124
7 0.105882 0.628758 0.011765 0.041830
7 0.113235 0.611111 0.011765 0.040523
9 0.100735 0.610458 0.027941 0.057516
11 0.126471 0.489542 0.045588 0.079739
11 0.134191 0.403268 0.031618 0.082353
11 0.166176 0.417647 0.029412 0.074510
3 0.154412 0.283660 0.025000 0.049673
9 0.223529 0.327451 0.013235 0.037908
8 0.223897 0.325490 0.008088 0.026144
11 0.224265 0.266013 0.023529 0.056209
1 0.211029 0.238562 0.004412 0.027451
8 0.211765 0.233987 0.005882 0.023529
11 0.166176 0.224183 0.020588 0.050980
3 0.192647 0.232026 0.023529 0.043137
3 0.176103 0.197386 0.021324 0.036601
7 0.192279 0.198039 0.005147 0.027451
9 0.200000 0.199346 0.017647 0.024837
3 0.187868 0.145752 0.019853 0.035294
11 0.208824 0.133333 0.017647 0.041830
7 0.229412 0.106536 0.004412 0.019608
7 0.233824 0.103922 0.005882 0.022222
10 0.198897 0.046405 0.028676 0.087582
11 0.234559 0.037255 0.016176 0.035294
11 0.229044 0.011765 0.022794 0.023529
