0 0.114583 0.746759 0.107292 0.265741
3 0.273177 0.944907 0.240104 0.108333
3 0.582552 0.897685 0.196354 0.202778
3 0.357552 0.827778 0.146354 0.229630
8 0.704427 0.793056 0.034896 0.152778
1 0.702083 0.846759 0.047917 0.141667
8 0.767448 0.801389 0.036979 0.165741
1 0.762500 0.850463 0.044792 0.143519
8 0.638802 0.696759 0.032813 0.091667
5 0.633854 0.737037 0.031250 0.088889
8 0.645312 0.657870 0.018750 0.076852
7 0.275521 0.674537 0.031250 0.136111
1 0.219271 0.649537 0.028125 0.063889
7 0.475000 0.712500 0.033333 0.156481
7 0.482812 0.684259 0.026042 0.142593
7 0.411979 0.693056 0.027083 0.119444
8 0.358854 0.621759 0.018750 0.073148
1 0.358333 0.649537 0.020833 0.065741
8 0.588542 0.600000 0.014583 0.057407
1 0.586719 0.625926 0.007812 0.035185
3 0.425781 0.668981 0.069271 0.108333
3 0.438542 0.613889 0.054167 0.064815
3 0.514323 0.615278 0.046354 0.078704
3 0.516406 0.575000 0.031771 0.042593
3 0.451562 0.592130 0.044792 0.062037
3 0.460938 0.560648 0.029167 0.037963
3 0.505208 0.550926 0.026042 0.033333
3 0.502344 0.536574 0.021354 0.023148
3 0.469792 0.546759 0.027083 0.030556
11 0.472396 0.524537 0.020833 0.026852
3 0.495573 0.526389 0.017188 0.021296
11 0.497135 0.516667 0.015104 0.025926
3 0.483333 0.502778 0.009375 0.018519
8 0.412500 0.550463 0.008333 0.034259
1 0.412240 0.566667 0.007812 0.027778
1 0.343229 0.571759 0.015625 0.036111
5 0.359635 0.558796 0.017188 0.041667
8 0.426563 0.535648 0.006250 0.023148
1 0.426302 0.550463 0.006771 0.025000
8 0.435417 0.524537 0.006250 0.021296
1 0.434375 0.536574 0.004167 0.017593
8 0.410156 0.525463 0.005729 0.019444
1 0.412500 0.537963 0.014583 0.016667
8 0.446875 0.518519 0.005208 0.016667
1 0.446094 0.530556 0.005729 0.016667
8 0.550521 0.552778 0.008333 0.024074
5 0.549740 0.568981 0.007812 0.028704
8 0.542448 0.548611 0.006771 0.025000
5 0.541927 0.565278 0.008854 0.021296
7 0.517969 0.524537 0.004687 0.017593
1 0.517448 0.533796 0.004687 0.013889
3 0.599479 0.527778 0.032292 0.027778
3 0.582031 0.526389 0.024479 0.023148
3 0.573698 0.525463 0.027604 0.021296
3 0.550260 0.515741 0.022396 0.014815
3 0.546094 0.510648 0.022396 0.013889
8 0.556771 0.528704 0.006250 0.016667
1 0.556771 0.539352 0.004167 0.017593
8 0.553385 0.537963 0.004687 0.018519
8 0.550000 0.531944 0.005208 0.017593
8 0.536719 0.537963 0.005729 0.018519
5 0.536458 0.554167 0.005208 0.019444
8 0.533594 0.523611 0.005729 0.013889
8 0.542188 0.528704 0.005208 0.014815
4 0.931250 0.594907 0.136458 0.113889
4 0.801562 0.577778 0.071875 0.053704
4 0.723437 0.550926 0.043750 0.042593
