3 0.607721 0.171242 0.021324 0.036601
8 0.599265 0.156209 0.008824 0.024837
3 0.589338 0.171242 0.025735 0.036601
3 0.565074 0.176471 0.025735 0.041830
3 0.524265 0.126797 0.032353 0.023529
7 0.517647 0.158170 0.004412 0.028758
3 0.506618 0.225490 0.019118 0.035294
3 0.526838 0.176471 0.021324 0.031373
3 0.543750 0.215033 0.037500 0.024837
3 0.530147 0.239869 0.019118 0.032680
3 0.551103 0.298039 0.056618 0.028758
3 0.554779 0.317647 0.050735 0.039216
3 0.540441 0.341176 0.051471 0.041830
3 0.546324 0.379085 0.036765 0.052288
3 0.567647 0.471895 0.029412 0.065359
3 0.563235 0.528105 0.057353 0.078431
3 0.569118 0.590196 0.077941 0.082353
3 0.581250 0.707843 0.065441 0.103268
3 0.615809 0.781046 0.071324 0.113725
3 0.693750 0.816340 0.088971 0.111111
11 0.731250 0.900654 0.116912 0.096732
5 0.767279 0.982353 0.052206 0.032680
7 0.805515 0.953595 0.016912 0.079739
8 0.644485 0.664706 0.013971 0.045752
8 0.669853 0.666013 0.010294 0.043137
8 0.681618 0.566013 0.010294 0.036601
7 0.685662 0.587582 0.009559 0.053595
5 0.675735 0.525490 0.007353 0.044444
5 0.567279 0.412418 0.013971 0.030065
5 0.600735 0.311111 0.019118 0.026144
1 0.605515 0.320261 0.015441 0.023529
8 0.616176 0.401961 0.008824 0.024837
8 0.621324 0.392810 0.007353 0.016993
8 0.628676 0.396078 0.005882 0.023529
8 0.631985 0.398693 0.006618 0.020915
8 0.632721 0.409150 0.006618 0.028758
8 0.625735 0.411765 0.007353 0.026144
9 0.540441 0.162092 0.025000 0.020915
11 0.573162 0.134641 0.033088 0.028758
3 0.566544 0.126797 0.033088 0.026144
7 0.594853 0.087582 0.004412 0.026144
5 0.541912 0.111111 0.005882 0.018301
5 0.527941 0.112418 0.005882 0.018301
7 0.587868 0.110458 0.003676 0.022222
8 0.590441 0.109804 0.002941 0.018301
8 0.591544 0.114379 0.003676 0.016993
8 0.601103 0.109804 0.003676 0.013072
5 0.487132 0.107843 0.006618 0.019608
5 0.440441 0.116340 0.005882 0.018301
5 0.444853 0.106536 0.005882 0.022222
8 0.455882 0.088235 0.005882 0.016993
8 0.414706 0.128105 0.004412 0.018301
3 0.512132 0.145098 0.037500 0.026144
11 0.480515 0.122222 0.038971 0.027451
5 0.422059 0.103922 0.016176 0.016993
5 0.413603 0.137255 0.012500 0.013072
5 0.375735 0.110458 0.010294 0.019608
3 0.391544 0.120261 0.018382 0.028758
3 0.407721 0.115033 0.015441 0.031373
3 0.373897 0.171242 0.018382 0.036601
3 0.359191 0.188235 0.036029 0.039216
3 0.381618 0.205229 0.022059 0.039216
3 0.358456 0.215686 0.043382 0.031373
3 0.351838 0.230719 0.050735 0.032680
3 0.335662 0.256863 0.053676 0.035294
3 0.445221 0.270588 0.019853 0.044444
3 0.404044 0.284967 0.024265 0.047059
3 0.371324 0.299346 0.038235 0.044444
3 0.369485 0.343791 0.055147 0.036601
3 0.390809 0.402614 0.033088 0.054902
3 0.352574 0.393464 0.027206 0.052288
3 0.355147 0.447059 0.064706 0.044444
10 0.345588 0.484314 0.083824 0.053595
11 0.340074 0.512418 0.071324 0.060131
3 0.365441 0.570588 0.082353 0.082353
3 0.315809 0.671242 0.090441 0.061438
3 0.301471 0.760784 0.079412 0.130719
7 0.256985 0.844444 0.015441 0.065359
3 0.325735 0.884314 0.091176 0.126797
3 0.286397 0.950327 0.080147 0.096732
8 0.220588 0.856863 0.013235 0.048366
8 0.183088 0.700000 0.014706 0.053595
8 0.169118 0.702614 0.016176 0.040523
8 0.169118 0.664052 0.014706 0.028758
8 0.151471 0.674510 0.014706 0.031373
8 0.255515 0.601961 0.009559 0.035294
8 0.243382 0.586275 0.011765 0.030065
7 0.280147 0.562092 0.013235 0.049673
7 0.251471 0.358824 0.007353 0.024837
7 0.253309 0.354248 0.006618 0.023529
1 0.258088 0.406536 0.013235 0.023529
3 0.311397 0.296078 0.052206 0.037908
3 0.300000 0.279085 0.052941 0.032680
3 0.275735 0.232026 0.042647 0.032680
11 0.273162 0.249020 0.046324 0.048366
11 0.257353 0.158824 0.019118 0.040523
3 0.279412 0.164052 0.017647 0.027451
3 0.231250 0.216340 0.043382 0.035294
8 0.241912 0.116340 0.005882 0.015686
7 0.237868 0.083007 0.005147 0.024837
7 0.245956 0.096732 0.006618 0.031373
7 0.250368 0.100654 0.003676 0.020915
8 0.249632 0.116340 0.005147 0.026144
3 0.250368 0.124837 0.018382 0.016993
7 0.258088 0.113072 0.004412 0.016993
