4 0.559559 0.106536 0.110294 0.213072
4 0.839338 0.104575 0.036029 0.044444
4 0.681618 0.045098 0.019118 0.090196
4 0.652574 0.429412 0.055147 0.111111
7 0.373162 0.331373 0.009559 0.048366
7 0.350735 0.315033 0.011765 0.047059
7 0.255882 0.183660 0.010294 0.037908
7 0.241912 0.190196 0.008824 0.045752
7 0.210662 0.253595 0.009559 0.039216
7 0.219485 0.257516 0.006618 0.026144
7 0.227206 0.247059 0.010294 0.041830
8 0.288603 0.086928 0.009559 0.032680
7 0.051103 0.309150 0.015441 0.048366
8 0.070221 0.188235 0.015441 0.033987
7 0.065809 0.026144 0.008088 0.033987
8 0.256618 0.397386 0.014706 0.044444
3 0.160294 0.045752 0.050000 0.041830
3 0.176103 0.028105 0.049265 0.035294
3 0.208824 0.016993 0.041176 0.031373
3 0.048897 0.122222 0.056618 0.045752
5 0.068750 0.198039 0.025735 0.030065
3 0.361029 0.149673 0.038235 0.050980
3 0.427941 0.100000 0.030882 0.040523
7 0.418382 0.158824 0.011765 0.037908
9 0.428676 0.160784 0.022059 0.044444
9 0.446691 0.245752 0.047794 0.041830
9 0.450368 0.227451 0.046324 0.041830
7 0.458824 0.213072 0.007353 0.031373
7 0.450368 0.181046 0.009559 0.040523
9 0.469118 0.183660 0.022059 0.045752
7 0.486397 0.225490 0.006618 0.040523
7 0.487132 0.213072 0.005147 0.031373
7 0.492279 0.212418 0.006618 0.040523
7 0.497059 0.225490 0.007353 0.040523
7 0.500735 0.215686 0.007353 0.039216
7 0.516176 0.238562 0.007353 0.040523
8 0.519485 0.227451 0.003676 0.015686
7 0.516176 0.252288 0.007353 0.047059
9 0.529779 0.271242 0.018382 0.056209
7 0.536397 0.279085 0.013971 0.040523
7 0.533088 0.232680 0.010294 0.047059
7 0.544118 0.248366 0.007353 0.041830
7 0.558088 0.254248 0.008824 0.037908
7 0.595956 0.285621 0.011029 0.045752
7 0.559559 0.314379 0.010294 0.045752
7 0.561029 0.286928 0.007353 0.045752
7 0.568382 0.290196 0.007353 0.039216
7 0.565809 0.347059 0.008088 0.037908
9 0.555882 0.374510 0.032353 0.061438
7 0.527206 0.392157 0.013235 0.044444
7 0.513603 0.386275 0.011029 0.056209
8 0.596324 0.392157 0.011765 0.033987
7 0.601471 0.441830 0.014706 0.060131
7 0.612868 0.430719 0.015441 0.064052
7 0.567279 0.437908 0.009559 0.052288
7 0.578676 0.447059 0.010294 0.054902
7 0.562500 0.453595 0.010294 0.052288
8 0.568382 0.468627 0.013235 0.037908
5 0.569485 0.482353 0.019853 0.044444
7 0.550000 0.487582 0.013235 0.062745
7 0.532353 0.489542 0.011765 0.056209
7 0.540809 0.510458 0.011029 0.050980
7 0.544853 0.521569 0.011765 0.031373
7 0.559191 0.550327 0.011029 0.054902
8 0.588971 0.619608 0.008824 0.033987
7 0.589706 0.635294 0.020588 0.067974
7 0.552206 0.704575 0.017647 0.075817
7 0.523162 0.699346 0.015441 0.075817
3 0.080882 0.601307 0.057353 0.146405
3 0.083824 0.893464 0.111765 0.210458
8 0.373162 0.616340 0.015441 0.074510
5 0.372426 0.623529 0.037500 0.047059
7 0.630515 0.529412 0.009559 0.041830
7 0.636765 0.526797 0.008824 0.060131
8 0.612500 0.667974 0.017647 0.052288
9 0.622794 0.679085 0.072059 0.071895
7 0.689338 0.404575 0.009559 0.035294
7 0.688235 0.441830 0.010294 0.057516
4 0.698529 0.439216 0.005882 0.067974
7 0.478676 0.305229 0.011765 0.045752
7 0.497059 0.309804 0.010294 0.041830
4 0.702574 0.074510 0.009559 0.023529
7 0.704779 0.249673 0.009559 0.033987
7 0.714706 0.252288 0.007353 0.036601
7 0.628309 0.319608 0.008088 0.048366
8 0.644118 0.331373 0.011765 0.032680
3 0.630515 0.352941 0.074265 0.070588
7 0.705515 0.450980 0.009559 0.041830
7 0.699265 0.416993 0.008824 0.049673
7 0.704044 0.424183 0.008088 0.040523
7 0.706985 0.458170 0.012500 0.045752
7 0.709191 0.473856 0.012500 0.056209
7 0.712500 0.495425 0.013235 0.060131
7 0.721691 0.468627 0.013971 0.061438
7 0.729779 0.474510 0.013971 0.060131
7 0.725000 0.444444 0.011765 0.049673
7 0.734926 0.449020 0.011029 0.053595
7 0.737500 0.482353 0.011765 0.054902
7 0.754044 0.481046 0.012500 0.054902
7 0.763235 0.503922 0.016176 0.064052
8 0.883088 0.495425 0.013235 0.047059
4 0.833456 0.273203 0.015441 0.049673
8 0.736029 0.936601 0.029412 0.074510
9 0.760662 0.949020 0.133088 0.099346
7 0.368015 0.966667 0.024265 0.064052
