3 0.551042 0.529630 0.054167 0.137037
3 0.667708 0.629630 0.075000 0.155556
11 0.752083 0.545370 0.072917 0.116667
9 0.801562 0.526852 0.046875 0.087037
3 0.660417 0.233333 0.037500 0.055556
3 0.729688 0.200000 0.046875 0.059259
3 0.754167 0.122222 0.043750 0.059259
9 0.784896 0.104630 0.036458 0.038889
6 0.640104 0.166667 0.028125 0.066667
3 0.205208 0.276852 0.037500 0.072222
10 0.196875 0.211111 0.022917 0.059259
8 0.185938 0.131481 0.013542 0.029630
8 0.180208 0.141667 0.016667 0.027778
9 0.250521 0.163889 0.023958 0.057407
7 0.298438 0.188889 0.013542 0.037037
9 0.207813 0.085185 0.013542 0.037037
8 0.409896 0.463889 0.013542 0.035185
8 0.741146 0.124074 0.013542 0.044444
1 0.410417 0.480556 0.012500 0.042593
7 0.992708 0.197222 0.012500 0.042593
