7 0.598437 0.793519 0.015625 0.061111
7 0.578646 0.802778 0.007292 0.035185
7 0.644792 0.703704 0.012500 0.059259
7 0.670312 0.689815 0.011458 0.053704
7 0.716667 0.637963 0.006250 0.027778
8 0.680729 0.621296 0.009375 0.024074
8 0.519792 0.619444 0.008333 0.024074
8 0.610417 0.596296 0.012500 0.029630
7 0.431250 0.917593 0.012500 0.057407
7 0.425000 0.895370 0.008333 0.042593
7 0.395833 0.942593 0.014583 0.051852
7 0.380208 0.946296 0.014583 0.070370
8 0.335417 0.940741 0.018750 0.062963
7 0.279167 0.801852 0.012500 0.055556
7 0.248958 0.784259 0.010417 0.042593
7 0.120313 0.901852 0.015625 0.051852
8 0.126042 0.890741 0.010417 0.059259
7 0.111458 0.857407 0.018750 0.044444
7 0.335938 0.699074 0.005208 0.035185
8 0.234896 0.675926 0.009375 0.018519
8 0.267708 0.655556 0.010417 0.025926
7 0.298958 0.642593 0.008333 0.040741
8 0.281250 0.636111 0.006250 0.020370
7 0.276562 0.625926 0.007292 0.022222
8 0.290625 0.625000 0.004167 0.020370
7 0.288542 0.612963 0.010417 0.044444
7 0.378125 0.613889 0.006250 0.031481
1 0.411979 0.627778 0.013542 0.033333
5 0.402083 0.620370 0.012500 0.029630
8 0.047917 0.750926 0.016667 0.031481
8 0.012500 0.782407 0.016667 0.035185
8 0.011979 0.769444 0.009375 0.035185
7 0.101562 0.667593 0.009375 0.020370
8 0.114062 0.658333 0.011458 0.031481
7 0.403125 0.593519 0.006250 0.035185
7 0.394792 0.586111 0.006250 0.031481
7 0.411979 0.585185 0.005208 0.037037
7 0.417187 0.578704 0.005208 0.042593
7 0.423958 0.566667 0.008333 0.040741
7 0.448958 0.548148 0.006250 0.044444
7 0.510417 0.525000 0.006250 0.024074
7 0.551042 0.505556 0.008333 0.033333
7 0.495312 0.479630 0.007292 0.029630
7 0.419271 0.473148 0.005208 0.035185
7 0.150000 0.552778 0.006250 0.024074
7 0.149479 0.538889 0.007292 0.033333
7 0.128125 0.544444 0.008333 0.037037
7 0.085938 0.563889 0.007292 0.031481
7 0.102604 0.526852 0.009375 0.038889
8 0.101562 0.523148 0.003125 0.020370
7 0.801562 0.614815 0.007292 0.048148
7 0.378125 0.459259 0.006250 0.033333
7 0.383333 0.457407 0.006250 0.033333
7 0.142708 0.432407 0.008333 0.027778
7 0.220833 0.454630 0.012500 0.035185
7 0.209375 0.505556 0.008333 0.037037
7 0.219271 0.506481 0.007292 0.038889
7 0.228646 0.505556 0.007292 0.033333
7 0.223958 0.517593 0.004167 0.020370
8 0.255729 0.432407 0.007292 0.020370
7 0.456771 0.419444 0.005208 0.031481
7 0.411979 0.475926 0.007292 0.029630
8 0.853125 0.621296 0.012500 0.024074
8 0.846875 0.606481 0.012500 0.027778
7 0.634375 0.552778 0.006250 0.027778
7 0.678125 0.548148 0.008333 0.044444
7 0.686979 0.548148 0.007292 0.037037
7 0.639062 0.503704 0.007292 0.033333
7 0.664062 0.500926 0.007292 0.031481
7 0.740104 0.553704 0.005208 0.029630
7 0.729167 0.551852 0.004167 0.025926
8 0.748958 0.543519 0.008333 0.024074
7 0.404687 0.891667 0.015625 0.068519
8 0.413542 0.843519 0.014583 0.035185
8 0.749479 0.516667 0.009375 0.022222
7 0.646875 0.479630 0.006250 0.029630
4 0.713542 0.474074 0.077083 0.048148
5 0.769792 0.495370 0.022917 0.027778
7 0.761458 0.463889 0.008333 0.035185
7 0.772396 0.471296 0.003125 0.024074
7 0.776042 0.466667 0.004167 0.029630
7 0.832292 0.501852 0.008333 0.037037
8 0.526042 0.420370 0.004167 0.018519
8 0.518229 0.423148 0.007292 0.020370
7 0.569271 0.415741 0.005208 0.031481
7 0.587500 0.422222 0.004167 0.033333
8 0.575000 0.434259 0.004167 0.020370
8 0.581250 0.436111 0.004167 0.020370
7 0.266146 0.418519 0.007292 0.029630
8 0.268229 0.433333 0.011458 0.011111
4 0.908854 0.568519 0.063542 0.077778
0 0.959896 0.557407 0.036458 0.062963
11 0.880729 0.496296 0.055208 0.055556
3 0.843229 0.475926 0.011458 0.033333
4 0.897917 0.390741 0.075000 0.144444
3 0.978125 0.520370 0.041667 0.037037
7 0.664062 0.444444 0.007292 0.033333
4 0.720833 0.423148 0.064583 0.035185
4 0.333854 0.329630 0.611458 0.125926
7 0.011979 0.558333 0.009375 0.042593
7 0.021354 0.568519 0.005208 0.018519
