3 0.678309 0.933333 0.224265 0.130719
3 0.640074 0.818301 0.209559 0.138562
3 0.546324 0.741176 0.164706 0.141176
3 0.499265 0.671895 0.154412 0.120261
3 0.482353 0.585621 0.138235 0.109804
3 0.760662 0.700000 0.152206 0.132026
3 0.670588 0.632026 0.138235 0.129412
3 0.639338 0.580392 0.125735 0.094118
3 0.601838 0.518301 0.113971 0.087582
3 0.376471 0.522222 0.075000 0.124183
1 0.226838 0.931373 0.033088 0.129412
3 0.091544 0.918301 0.183088 0.158170
3 0.152574 0.616993 0.162500 0.104575
3 0.194485 0.522222 0.130147 0.079739
3 0.208824 0.471895 0.120588 0.070588
3 0.251103 0.430065 0.105147 0.070588
3 0.269485 0.405229 0.087500 0.057516
3 0.300735 0.371242 0.070588 0.062745
3 0.322059 0.352941 0.069118 0.054902
3 0.343015 0.329412 0.072794 0.057516
3 0.356250 0.316993 0.056618 0.045752
3 0.404412 0.284314 0.063235 0.048366
3 0.581250 0.480392 0.094853 0.066667
3 0.558088 0.444444 0.094118 0.065359
3 0.544485 0.400654 0.081618 0.061438
3 0.526103 0.370588 0.078676 0.048366
11 0.529044 0.337908 0.083088 0.064052
3 0.536765 0.322876 0.055882 0.047059
11 0.520956 0.300000 0.061029 0.045752
11 0.535662 0.275163 0.049265 0.043137
11 0.531250 0.250327 0.044853 0.040523
3 0.552206 0.266013 0.052941 0.032680
3 0.512500 0.236601 0.050000 0.033987
3 0.412868 0.272549 0.059559 0.037908
3 0.415441 0.258824 0.060294 0.036601
3 0.417647 0.246405 0.050000 0.032680
3 0.384191 0.236601 0.053676 0.031373
3 0.398162 0.226797 0.037500 0.030065
3 0.401103 0.211111 0.041912 0.030065
3 0.404044 0.205229 0.044853 0.026144
3 0.397794 0.186928 0.033824 0.020915
3 0.413235 0.180392 0.030882 0.023529
3 0.398897 0.175817 0.033088 0.019608
4 0.481250 0.147712 0.083088 0.065359
4 0.397794 0.133987 0.044118 0.053595
3 0.061029 0.273203 0.052941 0.054902
3 0.030515 0.254902 0.056618 0.052288
3 0.035294 0.221569 0.030882 0.048366
3 0.031618 0.158824 0.022059 0.027451
4 0.119118 0.079085 0.089706 0.082353
7 0.842279 0.567974 0.019853 0.079739
7 0.779044 0.535948 0.016912 0.083660
7 0.791912 0.501307 0.013235 0.074510
7 0.764338 0.471895 0.013971 0.070588
7 0.758088 0.430065 0.010294 0.060131
7 0.780882 0.389542 0.008824 0.052288
7 0.794118 0.392810 0.010294 0.053595
7 0.809926 0.394771 0.013971 0.057516
7 0.825000 0.399346 0.010294 0.050980
8 0.912868 0.449673 0.015441 0.047059
5 0.911765 0.460131 0.025000 0.036601
3 0.856985 0.469935 0.106618 0.066667
3 0.886397 0.501307 0.106618 0.074510
3 0.931618 0.549673 0.135294 0.092810
7 0.762868 0.367320 0.013971 0.049673
8 0.743382 0.339869 0.013235 0.054902
7 0.753676 0.324837 0.008824 0.045752
7 0.869485 0.405882 0.011029 0.056209
8 0.832353 0.392810 0.010294 0.030065
8 0.841176 0.402614 0.014706 0.047059
8 0.847059 0.411111 0.011765 0.043137
8 0.856618 0.413725 0.010294 0.043137
8 0.786029 0.346405 0.010294 0.047059
8 0.783088 0.349020 0.005882 0.039216
7 0.811029 0.377778 0.011765 0.049673
7 0.823162 0.378431 0.012500 0.050980
7 0.839338 0.386928 0.011029 0.060131
7 0.854044 0.397386 0.009559 0.057516
7 0.954412 0.385621 0.008824 0.049673
7 0.977941 0.384314 0.011765 0.049673
7 0.700000 0.303922 0.010294 0.043137
7 0.643382 0.281046 0.005882 0.033987
7 0.669485 0.279085 0.005147 0.037908
7 0.651103 0.267974 0.008088 0.041830
7 0.661029 0.273856 0.007353 0.035294
7 0.663235 0.271895 0.005882 0.039216
3 0.302574 0.111765 0.012500 0.016993
3 0.287500 0.105229 0.013235 0.016993
4 0.358824 0.067320 0.063235 0.066667
7 0.946324 0.303268 0.008824 0.036601
7 0.806618 0.256209 0.005882 0.033987
7 0.813603 0.252288 0.009559 0.028758
7 0.838971 0.235294 0.007353 0.033987
7 0.901838 0.243791 0.006618 0.030065
5 0.873897 0.257516 0.016912 0.023529
7 0.655515 0.216993 0.005147 0.031373
7 0.564338 0.200000 0.003676 0.026144
4 0.527574 0.121569 0.016912 0.041830
7 0.545588 0.142484 0.002941 0.018301
7 0.552574 0.146405 0.002206 0.018301
4 0.616912 0.142484 0.026471 0.039216
4 0.866176 0.130065 0.080882 0.048366
5 0.758456 0.218954 0.015441 0.019608
8 0.758088 0.214379 0.007353 0.020915
7 0.959926 0.247059 0.006618 0.039216
7 0.965441 0.249673 0.007353 0.031373
7 0.975368 0.249673 0.006618 0.028758
7 0.985294 0.252941 0.007353 0.032680
7 0.995956 0.251634 0.005147 0.032680
4 0.865441 0.208497 0.022059 0.035294
7 0.909559 0.212418 0.005882 0.024837
7 0.941176 0.201961 0.004412 0.024837
7 0.980515 0.202614 0.005147 0.028758
7 0.957721 0.206536 0.006618 0.026144
7 0.948529 0.203922 0.004412 0.028758
7 0.951838 0.204575 0.003676 0.024837
4 0.899632 0.181046 0.015441 0.022222
