7 0.654779 0.909804 0.030147 0.073203
7 0.502206 0.592157 0.016176 0.060131
7 0.580147 0.548366 0.016176 0.074510
7 0.612132 0.875163 0.024265 0.095425
7 0.100000 0.768627 0.033824 0.073203
7 0.028309 0.779085 0.031618 0.088889
7 0.053309 0.746405 0.027206 0.078431
7 0.396324 0.909804 0.025000 0.083660
7 0.317279 0.953595 0.033088 0.077124
7 0.300000 0.924837 0.014706 0.061438
8 0.316176 0.898693 0.017647 0.045752
7 0.340441 0.914379 0.013235 0.064052
7 0.363603 0.887582 0.016912 0.075817
8 0.350735 0.908497 0.008824 0.049673
8 0.350735 0.874510 0.023529 0.044444
7 0.358824 0.850980 0.019118 0.081046
8 0.330882 0.858170 0.011765 0.027451
7 0.343015 0.853595 0.012500 0.047059
7 0.336765 0.823529 0.020588 0.070588
4 0.797794 0.051634 0.160294 0.103268
7 0.165809 0.959477 0.019853 0.060131
7 0.169853 0.954902 0.017647 0.048366
7 0.357353 0.687582 0.019118 0.073203
7 0.422794 0.706536 0.020588 0.077124
7 0.461029 0.718954 0.017647 0.086275
7 0.479412 0.718301 0.013235 0.074510
7 0.478676 0.811765 0.016176 0.075817
7 0.461029 0.828758 0.016176 0.075817
7 0.441912 0.874510 0.020588 0.065359
7 0.165074 0.844444 0.022794 0.081046
7 0.104044 0.920261 0.024265 0.057516
7 0.386029 0.664706 0.011765 0.056209
7 0.286765 0.623529 0.011765 0.047059
7 0.390441 0.664706 0.010294 0.048366
8 0.334559 0.639216 0.019118 0.047059
9 0.221691 0.601961 0.053676 0.079739
7 0.104779 0.983660 0.016912 0.030065
7 0.089706 0.972549 0.010294 0.044444
7 0.098529 0.975817 0.014706 0.040523
8 0.885662 0.881046 0.030147 0.054902
7 0.752206 0.962745 0.022059 0.071895
1 0.760294 0.909150 0.052941 0.056209
7 0.416176 0.383007 0.011765 0.065359
7 0.145956 0.855556 0.018382 0.069281
7 0.421324 0.848366 0.020588 0.094118
7 0.133824 0.835948 0.022059 0.074510
8 0.273529 0.652941 0.017647 0.040523
7 0.508088 0.671242 0.016176 0.082353
7 0.529412 0.668627 0.016176 0.066667
7 0.541176 0.661438 0.011765 0.060131
7 0.458824 0.554902 0.011765 0.037908
7 0.476471 0.536601 0.010294 0.064052
8 0.425368 0.506536 0.012500 0.035294
7 0.583088 0.477124 0.019118 0.065359
8 0.393015 0.410458 0.018382 0.052288
7 0.382353 0.428105 0.011765 0.058824
8 0.387132 0.456209 0.013971 0.036601
7 0.398897 0.456209 0.006618 0.031373
8 0.444485 0.442484 0.015441 0.035294
7 0.440441 0.393464 0.013235 0.049673
7 0.468750 0.406536 0.009559 0.060131
7 0.623897 0.373203 0.013971 0.058824
7 0.730147 0.180392 0.010294 0.049673
7 0.740074 0.183007 0.011029 0.047059
7 0.641912 0.203922 0.008824 0.031373
7 0.651103 0.198039 0.009559 0.048366
7 0.663235 0.151634 0.008824 0.047059
7 0.656985 0.164052 0.006618 0.040523
5 0.560294 0.333987 0.033824 0.040523
5 0.531250 0.317647 0.021324 0.052288
8 0.506250 0.305229 0.013971 0.050980
7 0.515441 0.491503 0.010294 0.057516
7 0.490441 0.494118 0.013235 0.073203
8 0.483456 0.470588 0.006618 0.031373
8 0.471691 0.465359 0.015441 0.036601
8 0.475368 0.459477 0.009559 0.027451
8 0.480147 0.441830 0.008824 0.020915
7 0.483088 0.432680 0.013235 0.039216
8 0.501103 0.432026 0.009559 0.022222
8 0.529779 0.454902 0.011029 0.031373
8 0.518015 0.434641 0.009559 0.037908
8 0.523162 0.438562 0.009559 0.019608
8 0.509559 0.439216 0.008824 0.015686
8 0.522059 0.473203 0.007353 0.031373
7 0.486765 0.401961 0.010294 0.045752
7 0.567647 0.403268 0.010294 0.066667
7 0.577206 0.403922 0.008824 0.060131
7 0.474265 0.366667 0.010294 0.053595
7 0.482721 0.374510 0.006618 0.043137
11 0.464706 0.286275 0.060294 0.081046
11 0.524632 0.238562 0.078676 0.069281
7 0.565809 0.643137 0.016912 0.078431
7 0.626838 0.537908 0.015441 0.064052
8 0.605882 0.592157 0.026471 0.049673
8 0.612868 0.573856 0.015441 0.049673
8 0.855882 0.638562 0.014706 0.030065
8 0.794118 0.594771 0.016176 0.026144
7 0.776471 0.609804 0.013235 0.035294
7 0.793382 0.724183 0.016176 0.065359
7 0.764706 0.753595 0.016176 0.058824
7 0.708456 0.565359 0.009559 0.037908
8 0.693750 0.555556 0.015441 0.049673
7 0.574632 0.761438 0.018382 0.066667
8 0.704412 0.888889 0.022059 0.052288
8 0.634559 0.829412 0.017647 0.045752
7 0.606985 0.790196 0.015441 0.061438
7 0.603309 0.815686 0.012500 0.036601
8 0.680515 0.798693 0.028676 0.099346
8 0.809559 0.816340 0.020588 0.056209
8 0.677206 0.709804 0.013235 0.054902
8 0.723897 0.720915 0.015441 0.050980
8 0.749265 0.638562 0.013235 0.035294
8 0.656618 0.589542 0.030882 0.036601
8 0.683456 0.585621 0.009559 0.041830
3 0.824632 0.141176 0.078676 0.057516
11 0.301103 0.482353 0.096324 0.117647
9 0.379044 0.423529 0.056618 0.078431
0 0.139706 0.667320 0.111765 0.173856
5 0.202574 0.781046 0.065441 0.061438
7 0.495588 0.936601 0.025000 0.111111
9 0.477574 0.935948 0.071324 0.122876
