4 0.763603 0.056863 0.155147 0.105882
4 0.648529 0.024183 0.079412 0.045752
3 0.431618 0.914379 0.117647 0.129412
3 0.909559 0.871895 0.086765 0.130719
3 0.840809 0.677124 0.065441 0.088889
3 0.797426 0.724183 0.071324 0.107190
3 0.641176 0.441830 0.044118 0.052288
4 0.291544 0.249673 0.172794 0.033987
10 0.268015 0.315686 0.097794 0.082353
7 0.299632 0.354902 0.005147 0.032680
7 0.323529 0.357516 0.007353 0.024837
7 0.331985 0.354248 0.006618 0.033987
7 0.337132 0.351634 0.005147 0.033987
7 0.345588 0.356863 0.005882 0.033987
5 0.350735 0.348366 0.010294 0.027451
10 0.466544 0.338562 0.062500 0.091503
3 0.515441 0.319608 0.036765 0.045752
3 0.438971 0.011765 0.007353 0.013072
3 0.442647 0.024837 0.008824 0.015686
3 0.449265 0.046405 0.008824 0.014379
3 0.469853 0.103268 0.010294 0.015686
3 0.537132 0.164052 0.015441 0.022222
3 0.574632 0.176471 0.016912 0.023529
3 0.563235 0.202614 0.016176 0.026144
3 0.601103 0.224837 0.019853 0.031373
3 0.625735 0.280392 0.023529 0.032680
10 0.470588 0.192810 0.017647 0.037908
10 0.511029 0.222876 0.023529 0.040523
4 0.436765 0.178431 0.014706 0.061438
1 0.448897 0.176471 0.003676 0.018301
8 0.448897 0.169281 0.003676 0.016993
5 0.455882 0.132680 0.002941 0.014379
8 0.455882 0.128105 0.002941 0.015686
3 0.506250 0.077778 0.009559 0.014379
3 0.543015 0.062092 0.016912 0.014379
3 0.505882 0.064052 0.010294 0.015686
11 0.546691 0.128758 0.013971 0.027451
11 0.563971 0.115033 0.011765 0.020915
11 0.480882 0.050327 0.010294 0.016993
2 0.509926 0.043137 0.016912 0.033987
10 0.484559 0.012418 0.010294 0.016993
1 0.736029 0.399346 0.008824 0.027451
8 0.738235 0.390196 0.007353 0.027451
1 0.749265 0.398693 0.008824 0.028758
8 0.751103 0.392157 0.006618 0.031373
11 0.853309 0.105229 0.018382 0.019608
3 0.858456 0.112418 0.019853 0.013072
3 0.855147 0.126797 0.029412 0.015686
3 0.868382 0.114379 0.020588 0.016993
3 0.874265 0.141176 0.026471 0.018301
11 0.875000 0.118954 0.022059 0.018301
3 0.886765 0.123529 0.027941 0.016993
3 0.905882 0.137255 0.026471 0.020915
3 0.851471 0.071895 0.016176 0.013072
3 0.858824 0.073856 0.020588 0.014379
3 0.863971 0.080392 0.022059 0.014379
11 0.879044 0.085621 0.019853 0.016993
3 0.895588 0.093464 0.016176 0.014379
3 0.902941 0.094118 0.022059 0.015686
3 0.912132 0.099346 0.022794 0.015686
3 0.923162 0.163399 0.028676 0.018301
3 0.915809 0.158824 0.028676 0.019608
3 0.981985 0.132026 0.022794 0.018301
3 0.967279 0.128105 0.019853 0.020915
3 0.959191 0.121569 0.024265 0.020915
