5 0.462500 0.942593 0.018750 0.085185
8 0.465104 0.920833 0.018750 0.087963
5 0.389062 0.737037 0.010417 0.040741
8 0.389323 0.722685 0.014063 0.041667
3 0.328125 0.667130 0.027083 0.043519
5 0.409375 0.678704 0.010417 0.031481
8 0.410156 0.671759 0.008854 0.032407
5 0.319792 0.642130 0.008333 0.025000
8 0.319792 0.635648 0.006250 0.025000
3 0.759375 0.821296 0.109375 0.085185
3 0.838542 0.871759 0.139583 0.100926
3 0.688542 0.788426 0.047917 0.065741
3 0.684635 0.775463 0.082812 0.063889
3 0.673177 0.750000 0.073438 0.074074
3 0.484115 0.706944 0.042188 0.052778
5 0.578646 0.748148 0.016667 0.046296
8 0.579167 0.741667 0.013542 0.044444
5 0.008333 0.798148 0.016667 0.051852
8 0.008333 0.781019 0.016667 0.062037
5 0.095573 0.736111 0.021354 0.050000
5 0.242708 0.628704 0.007292 0.018519
5 0.239063 0.620370 0.005208 0.016667
5 0.271875 0.597222 0.004167 0.012963
5 0.351823 0.585185 0.002604 0.009259
5 0.348958 0.581481 0.003125 0.009259
8 0.095312 0.719907 0.015625 0.041667
8 0.243490 0.618981 0.006771 0.017593
8 0.239583 0.612963 0.005208 0.014815
8 0.271875 0.588889 0.004167 0.009259
8 0.351823 0.581019 0.002604 0.010185
8 0.348958 0.577778 0.002083 0.007407
3 0.071094 0.688426 0.049479 0.052778
3 0.281510 0.620370 0.021354 0.025926
3 0.207552 0.627315 0.027604 0.028704
3 0.467969 0.686574 0.028646 0.045370
3 0.431250 0.637037 0.023958 0.027778
3 0.418490 0.629630 0.020313 0.025926
3 0.382031 0.621759 0.023438 0.032407
3 0.486719 0.668519 0.056771 0.037037
0 0.258854 0.599537 0.007292 0.023148
3 0.255729 0.588426 0.015625 0.017593
11 0.032813 0.643056 0.054167 0.047222
3 0.062240 0.641204 0.050521 0.036111
8 0.069531 0.660648 0.011979 0.032407
5 0.087760 0.656481 0.007812 0.025926
8 0.088281 0.646759 0.008854 0.026852
3 0.078385 0.629630 0.040104 0.029630
3 0.165625 0.627778 0.028125 0.029630
3 0.197135 0.613889 0.044271 0.024074
3 0.592708 0.702315 0.059375 0.039815
3 0.379948 0.610648 0.015104 0.019444
3 0.374740 0.605093 0.014063 0.015741
3 0.371875 0.599537 0.012500 0.017593
3 0.367969 0.591204 0.010937 0.013889
3 0.359115 0.581019 0.009896 0.012037
3 0.329427 0.562963 0.006771 0.009259
0 0.303385 0.573611 0.005729 0.015741
9 0.276562 0.584259 0.006250 0.012963
0 0.290104 0.581019 0.009375 0.017593
7 0.292708 0.584722 0.003125 0.013889
3 0.884896 0.911574 0.158333 0.099074
5 0.855469 0.958333 0.046354 0.053704
5 0.889323 0.977315 0.070312 0.043519
7 0.957292 0.967130 0.023958 0.060185
7 0.931771 0.972222 0.019792 0.053704
