4 0.471324 0.007190 0.047059 0.014379
3 0.926471 0.848366 0.101471 0.169935
3 0.600735 0.473203 0.033824 0.060131
7 0.623529 0.470588 0.007353 0.047059
3 0.680882 0.350980 0.027941 0.040523
7 0.648162 0.242484 0.005147 0.027451
3 0.590441 0.164706 0.014706 0.023529
3 0.573897 0.127451 0.013971 0.024837
3 0.520221 0.130065 0.012500 0.019608
3 0.512868 0.084314 0.009559 0.014379
7 0.511397 0.076471 0.003676 0.011765
3 0.494853 0.148366 0.011765 0.022222
3 0.502574 0.303268 0.024265 0.044444
2 0.465074 0.032680 0.009559 0.023529
3 0.454044 0.024183 0.008088 0.009150
3 0.033456 0.833987 0.065441 0.180392
7 0.026103 0.953595 0.018382 0.064052
3 0.095588 0.685621 0.080882 0.129412
3 0.279779 0.720261 0.063971 0.130719
11 0.317279 0.590196 0.053676 0.103268
3 0.190809 0.473856 0.044853 0.079739
3 0.260662 0.343791 0.037500 0.060131
0 0.411029 0.290850 0.013235 0.043137
3 0.405147 0.258170 0.038235 0.037908
3 0.373529 0.228758 0.042647 0.028758
11 0.311397 0.175817 0.024265 0.024837
7 0.300368 0.142484 0.003676 0.018301
7 0.462500 0.195425 0.004412 0.022222
8 0.405882 0.194771 0.004412 0.023529
1 0.405515 0.199346 0.003676 0.014379
3 0.377941 0.107843 0.010294 0.014379
3 0.385294 0.094771 0.013235 0.016993
3 0.390074 0.085621 0.011029 0.011765
3 0.395588 0.081046 0.008824 0.013072
11 0.361397 0.143137 0.013971 0.022222
3 0.350368 0.168627 0.015441 0.026144
3 0.452941 0.175817 0.014706 0.027451
3 0.458088 0.156863 0.014706 0.023529
3 0.462132 0.102614 0.011029 0.016993
3 0.461029 0.073856 0.008824 0.014379
3 0.461765 0.059477 0.007353 0.011765
3 0.455515 0.053595 0.008088 0.010458
8 0.453676 0.038562 0.001471 0.006536
1 0.454044 0.043137 0.002206 0.005229
3 0.426838 0.179085 0.015441 0.023529
3 0.430515 0.163399 0.013971 0.023529
3 0.436029 0.148366 0.011765 0.022222
3 0.430515 0.131373 0.015441 0.019608
3 0.425000 0.113725 0.013235 0.018301
3 0.429779 0.106536 0.011029 0.019608
3 0.431618 0.094118 0.010294 0.018301
3 0.432721 0.077778 0.009559 0.014379
3 0.434559 0.073203 0.007353 0.013072
3 0.437132 0.062092 0.008088 0.011765
3 0.439706 0.048366 0.005882 0.010458
3 0.443382 0.040523 0.005882 0.010458
3 0.444118 0.036601 0.005882 0.010458
