4 0.500000 0.026144 0.132353 0.052288
3 0.610294 0.743137 0.047059 0.105882
3 0.205882 0.905882 0.082353 0.175163
3 0.270588 0.696078 0.057353 0.116340
3 0.296324 0.601307 0.048529 0.101961
3 0.425000 0.574510 0.041176 0.105882
3 0.443750 0.379085 0.024265 0.047059
3 0.509191 0.381699 0.024265 0.047059
3 0.543382 0.373203 0.025000 0.043137
3 0.448897 0.253595 0.018382 0.033987
3 0.464706 0.183007 0.013235 0.023529
3 0.411397 0.235948 0.016912 0.030065
3 0.405147 0.255556 0.017647 0.037908
3 0.384926 0.313072 0.021324 0.037908
3 0.370956 0.378431 0.030147 0.043137
3 0.356618 0.413072 0.029412 0.052288
3 0.345588 0.465359 0.035294 0.054902
8 0.356250 0.522876 0.012500 0.044444
5 0.356250 0.532026 0.011029 0.044444
8 0.355147 0.582353 0.011765 0.035294
5 0.355515 0.597386 0.012500 0.047059
7 0.295956 0.499346 0.009559 0.044444
7 0.804044 0.756863 0.012500 0.060131
8 0.804412 0.750980 0.008824 0.027451
10 0.800000 0.579085 0.083824 0.070588
5 0.726103 0.513725 0.011029 0.036601
3 0.623529 0.259477 0.014706 0.030065
11 0.604412 0.205229 0.013235 0.026144
3 0.596691 0.190196 0.015441 0.027451
7 0.619853 0.196732 0.004412 0.019608
9 0.555515 0.337255 0.008088 0.026144
8 0.554779 0.326797 0.005147 0.020915
1 0.967279 0.733987 0.019853 0.061438
8 0.409191 0.330719 0.006618 0.026144
1 0.409559 0.338562 0.005882 0.028758
3 0.028676 0.856209 0.057353 0.099346
3 0.079779 0.762745 0.074265 0.118954
3 0.138971 0.632026 0.064706 0.118954
3 0.099265 0.584314 0.085294 0.065359
3 0.130882 0.560784 0.080882 0.073203
3 0.156618 0.532680 0.076471 0.069281
3 0.174265 0.484967 0.072059 0.054902
3 0.195588 0.454248 0.067647 0.048366
5 0.226471 0.471895 0.017647 0.062745
3 0.254412 0.413072 0.035294 0.047059
3 0.274265 0.379739 0.032353 0.040523
3 0.287132 0.342484 0.022794 0.044444
11 0.299632 0.309804 0.024265 0.052288
3 0.351103 0.213725 0.016912 0.024837
11 0.294485 0.254902 0.030147 0.033987
3 0.304412 0.237908 0.035294 0.028758
3 0.312868 0.221569 0.036029 0.027451
5 0.315074 0.456863 0.018382 0.037908
7 0.365809 0.456209 0.008088 0.047059
5 0.068750 0.501961 0.024265 0.036601
5 0.097426 0.499346 0.022794 0.031373
1 0.113603 0.494771 0.028676 0.027451
5 0.111765 0.465359 0.026471 0.031373
7 0.101103 0.378431 0.008088 0.037908
7 0.043382 0.433333 0.011765 0.024837
7 0.224265 0.429412 0.008824 0.035294
7 0.229044 0.426144 0.008088 0.036601
7 0.231618 0.422222 0.007353 0.039216
7 0.234191 0.409150 0.006618 0.031373
7 0.214706 0.418301 0.008824 0.033987
7 0.191544 0.410458 0.009559 0.036601
7 0.204779 0.407843 0.008088 0.033987
7 0.206985 0.398039 0.008088 0.032680
7 0.180147 0.415686 0.007353 0.028758
7 0.182353 0.413725 0.005882 0.027451
7 0.165809 0.397386 0.006618 0.031373
7 0.208088 0.386928 0.007353 0.033987
1 0.165074 0.353595 0.021324 0.027451
1 0.143382 0.431373 0.020588 0.023529
1 0.161029 0.435948 0.023529 0.022222
5 0.084559 0.442484 0.023529 0.032680
8 0.072426 0.464706 0.011029 0.014379
9 0.095221 0.482353 0.033088 0.039216
5 0.112868 0.443137 0.027206 0.028758
8 0.440074 0.160784 0.003676 0.013072
5 0.440074 0.164706 0.003676 0.015686
8 0.447794 0.124837 0.002941 0.011765
5 0.448162 0.130065 0.002206 0.011765
5 0.456250 0.128105 0.002206 0.013072
8 0.456618 0.124183 0.001471 0.013072
7 0.484926 0.094771 0.002206 0.014379
3 0.476103 0.118954 0.009559 0.015686
3 0.448529 0.112418 0.008824 0.015686
3 0.456250 0.079085 0.008088 0.011765
3 0.475000 0.066667 0.007353 0.013072
