3 0.442647 0.574510 0.077941 0.069281
3 0.090074 0.456863 0.069853 0.064052
11 0.251103 0.343791 0.038971 0.057516
3 0.429412 0.361438 0.041176 0.040523
3 0.496324 0.374510 0.050000 0.043137
7 0.452574 0.352288 0.008088 0.035294
3 0.440441 0.337908 0.029412 0.037908
3 0.414338 0.318301 0.034559 0.037908
7 0.426838 0.313072 0.008088 0.030065
7 0.449632 0.322222 0.006618 0.035294
7 0.467279 0.330719 0.005147 0.036601
3 0.433088 0.254902 0.019118 0.028758
6 0.477941 0.295425 0.048529 0.083660
6 0.563603 0.343791 0.109559 0.086275
6 0.690074 0.375817 0.103676 0.084967
3 0.747794 0.362745 0.063235 0.045752
6 0.840441 0.394771 0.111765 0.078431
6 0.926103 0.367320 0.102206 0.081046
6 0.955147 0.391503 0.088235 0.084967
3 0.878309 0.300000 0.033088 0.032680
3 0.905882 0.300654 0.035294 0.031373
11 0.915809 0.164052 0.025735 0.024837
3 0.950735 0.160131 0.023529 0.019608
6 0.041544 0.373203 0.072794 0.058824
9 0.157721 0.350980 0.028676 0.030065
6 0.070221 0.332680 0.049265 0.077124
6 0.109559 0.327451 0.050000 0.074510
6 0.148897 0.299346 0.071324 0.073203
6 0.173897 0.266013 0.077206 0.074510
11 0.030882 0.239216 0.023529 0.036601
11 0.061765 0.216340 0.041176 0.053595
3 0.137500 0.243137 0.041176 0.026144
11 0.149632 0.228105 0.037500 0.027451
11 0.163971 0.213725 0.032353 0.027451
3 0.152574 0.175817 0.028676 0.024837
5 0.166912 0.188235 0.005882 0.015686
5 0.161397 0.183660 0.008088 0.014379
8 0.167279 0.183660 0.005147 0.019608
10 0.342279 0.249020 0.028676 0.058824
10 0.284926 0.258824 0.041912 0.067974
7 0.308088 0.257516 0.004412 0.028758
10 0.309559 0.224837 0.035294 0.060131
10 0.329412 0.195425 0.029412 0.056209
8 0.339706 0.215686 0.007353 0.013072
6 0.345956 0.174510 0.024265 0.050980
6 0.365074 0.147712 0.028676 0.049673
7 0.386029 0.139869 0.004412 0.018301
7 0.447426 0.233987 0.003676 0.023529
10 0.526103 0.201307 0.147794 0.070588
10 0.521691 0.201307 0.131618 0.060131
2 0.570956 0.152288 0.041912 0.035294
7 0.593382 0.154902 0.004412 0.022222
9 0.470956 0.139869 0.011029 0.018301
6 0.391176 0.116993 0.014706 0.024837
6 0.400000 0.107843 0.014706 0.027451
11 0.346691 0.117647 0.011029 0.018301
3 0.321691 0.115033 0.015441 0.015686
3 0.304044 0.108497 0.021324 0.015686
3 0.288235 0.096078 0.010294 0.014379
3 0.299265 0.096732 0.011765 0.013072
3 0.322794 0.095425 0.011765 0.010458
3 0.328309 0.084314 0.018382 0.009150
10 0.351103 0.070588 0.063971 0.026144
10 0.373162 0.067320 0.053676 0.032680
3 0.414338 0.068627 0.015441 0.009150
6 0.449265 0.063399 0.011765 0.024837
11 0.476471 0.053595 0.004412 0.010458
6 0.473529 0.094771 0.016176 0.043137
10 0.466176 0.054902 0.005882 0.013072
10 0.461029 0.045098 0.007353 0.019608
10 0.451838 0.043791 0.009559 0.019608
10 0.467279 0.024837 0.006618 0.015686
10 0.512868 0.050980 0.012500 0.010458
11 0.522426 0.049673 0.009559 0.010458
10 0.493750 0.036601 0.008088 0.018301
3 0.485662 0.020915 0.003676 0.005229
5 0.421324 0.098693 0.002941 0.009150
8 0.421324 0.094771 0.002941 0.009150
3 0.688971 0.339869 0.020588 0.041830
