3 0.399265 0.675163 0.060294 0.137255
3 0.279779 0.644444 0.055147 0.125490
3 0.275000 0.807843 0.058824 0.167320
3 0.812500 0.937255 0.114706 0.122876
3 0.303309 0.964706 0.068382 0.067974
3 0.687868 0.635948 0.087500 0.129412
3 0.545956 0.503268 0.055147 0.078431
3 0.487132 0.409804 0.049265 0.064052
3 0.218382 0.324183 0.055882 0.057516
3 0.293015 0.146405 0.024265 0.031373
3 0.312132 0.100000 0.022794 0.030065
3 0.509559 0.322876 0.047059 0.054902
3 0.496691 0.303268 0.052206 0.041830
7 0.813603 0.841176 0.016912 0.064052
8 0.503309 0.579739 0.015441 0.037908
5 0.502206 0.593464 0.023529 0.049673
8 0.063971 0.786275 0.019118 0.048366
5 0.119485 0.641830 0.041912 0.044444
5 0.098897 0.624837 0.040441 0.047059
5 0.417279 0.186275 0.022794 0.024837
0 0.196691 0.282353 0.043382 0.047059
3 0.196324 0.260131 0.063235 0.041830
3 0.186765 0.224183 0.051471 0.053595
3 0.170588 0.135948 0.023529 0.039216
3 0.155147 0.161438 0.042647 0.037908
3 0.208824 0.053595 0.017647 0.033987
3 0.153676 0.049020 0.014706 0.027451
8 0.075368 0.392157 0.011029 0.028758
9 0.388235 0.169935 0.019118 0.036601
1 0.376471 0.122222 0.014706 0.019608
7 0.362500 0.126797 0.004412 0.028758
7 0.332721 0.084967 0.005147 0.026144
7 0.338235 0.081699 0.004412 0.024837
7 0.281618 0.074510 0.004412 0.026144
7 0.287132 0.062745 0.003676 0.026144
3 0.280147 0.035948 0.019118 0.027451
3 0.259191 0.015033 0.013971 0.024837
9 0.105882 0.540523 0.067647 0.058824
1 0.323529 0.039216 0.011765 0.013072
1 0.316176 0.027451 0.008824 0.015686
1 0.329044 0.060131 0.012500 0.015686
1 0.368015 0.101961 0.015441 0.015686
