4 0.927941 0.590196 0.092647 0.189542
4 0.986765 0.740523 0.025000 0.095425
3 0.328676 0.726144 0.058824 0.179085
3 0.484559 0.720261 0.055882 0.159477
3 0.490074 0.938562 0.071324 0.120261
3 0.498897 0.494771 0.044853 0.103268
3 0.570221 0.459477 0.040441 0.087582
5 0.541544 0.492810 0.015441 0.057516
8 0.540074 0.482353 0.015441 0.049673
7 0.842279 0.421569 0.011029 0.040523
5 0.863235 0.443791 0.016176 0.050980
7 0.856985 0.437908 0.015441 0.054902
10 0.872426 0.230719 0.084559 0.098039
3 0.943015 0.109804 0.050735 0.039216
7 0.923529 0.086928 0.008824 0.032680
7 0.889706 0.104575 0.004412 0.033987
4 0.692647 0.028758 0.041176 0.033987
4 0.840809 0.062092 0.025735 0.019608
7 0.847426 0.082353 0.005147 0.028758
3 0.799265 0.113725 0.057353 0.039216
3 0.810294 0.092810 0.048529 0.039216
4 0.904044 0.116993 0.006618 0.016993
4 0.879412 0.113725 0.011765 0.018301
5 0.754412 0.056863 0.017647 0.019608
5 0.768750 0.061438 0.006618 0.020915
5 0.779412 0.064052 0.005882 0.020915
5 0.786765 0.067320 0.004412 0.019608
5 0.794853 0.066013 0.004412 0.016993
4 0.804779 0.064706 0.012500 0.019608
3 0.697059 0.094771 0.038235 0.035294
3 0.601103 0.087582 0.036029 0.031373
5 0.716544 0.048366 0.009559 0.015686
7 0.717647 0.071242 0.002941 0.024837
7 0.724265 0.068627 0.004412 0.019608
3 0.730147 0.090196 0.033824 0.033987
3 0.705882 0.082353 0.032353 0.031373
3 0.690441 0.067974 0.039706 0.031373
3 0.672794 0.058824 0.038235 0.031373
3 0.653676 0.042484 0.035294 0.027451
3 0.641912 0.035948 0.032353 0.022222
11 0.630147 0.025490 0.030882 0.030065
3 0.612132 0.021569 0.015441 0.024837
3 0.641912 0.008497 0.032353 0.016993
3 0.517279 0.070588 0.018382 0.028758
3 0.502574 0.009804 0.015441 0.019608
4 0.556985 0.009150 0.061029 0.018301
3 0.462868 0.045752 0.018382 0.028758
3 0.436029 0.034641 0.016176 0.030065
7 0.405515 0.036601 0.003676 0.028758
7 0.409926 0.033987 0.003676 0.026144
5 0.407721 0.094118 0.015441 0.020915
8 0.408456 0.087582 0.006618 0.026144
8 0.412500 0.090196 0.005882 0.020915
3 0.095588 0.491503 0.079412 0.112418
3 0.034926 0.401961 0.069853 0.079739
3 0.011397 0.500654 0.022794 0.122876
3 0.038235 0.588889 0.076471 0.118954
5 0.018015 0.090196 0.016912 0.018301
8 0.016544 0.083007 0.008088 0.032680
7 0.062132 0.041176 0.008088 0.027451
11 0.022059 0.066667 0.044118 0.039216
3 0.087868 0.075163 0.050735 0.030065
3 0.144853 0.143137 0.055882 0.037908
5 0.149265 0.294118 0.017647 0.036601
8 0.147794 0.280392 0.011765 0.032680
3 0.156985 0.104575 0.041912 0.033987
3 0.149265 0.075163 0.045588 0.027451
7 0.153309 0.051634 0.005147 0.032680
11 0.148897 0.046405 0.046324 0.040523
7 0.112500 0.020915 0.007353 0.026144
7 0.234926 0.041830 0.005147 0.028758
7 0.274632 0.075817 0.006618 0.028758
7 0.270221 0.073203 0.006618 0.028758
5 0.314706 0.029412 0.010294 0.019608
11 0.231985 0.026797 0.044853 0.043137
5 0.266544 0.048366 0.012500 0.018301
7 0.270588 0.012418 0.004412 0.024837
8 0.266912 0.043137 0.005882 0.020915
8 0.269853 0.045098 0.004412 0.024837
7 0.286765 0.020915 0.004412 0.026144
7 0.302574 0.020915 0.003676 0.026144
7 0.292647 0.021569 0.004412 0.024837
4 0.297794 0.021569 0.002941 0.016993
