4 0.411458 0.354630 0.225000 0.101852
4 0.420833 0.412037 0.087500 0.046296
4 0.563542 0.391667 0.022917 0.053704
4 0.608854 0.342593 0.053125 0.040741
4 0.243229 0.487037 0.107292 0.181481
4 0.094271 0.522222 0.188542 0.185185
7 0.371354 0.778704 0.013542 0.061111
8 0.404167 0.722222 0.010417 0.025926
8 0.196875 0.593519 0.008333 0.020370
7 0.077604 0.677778 0.011458 0.048148
8 0.079687 0.666667 0.005208 0.022222
4 0.082292 0.755556 0.043750 0.066667
7 0.096875 0.712963 0.012500 0.044444
7 0.110417 0.691667 0.012500 0.050000
7 0.109896 0.777778 0.009375 0.055556
7 0.110937 0.740741 0.005208 0.029630
7 0.106771 0.754630 0.003125 0.020370
7 0.117188 0.752778 0.007292 0.020370
7 0.120313 0.770370 0.007292 0.029630
7 0.129167 0.764815 0.008333 0.025926
7 0.129167 0.735185 0.010417 0.040741
7 0.152083 0.754630 0.008333 0.042593
7 0.164583 0.739815 0.012500 0.046296
8 0.269792 0.606481 0.006250 0.020370
8 0.278646 0.604630 0.007292 0.024074
8 0.301042 0.601852 0.008333 0.025926
7 0.260937 0.936111 0.011458 0.068519
7 0.522917 0.979630 0.012500 0.033333
7 0.503125 0.975926 0.012500 0.044444
1 0.427083 0.751852 0.035417 0.025926
7 0.406250 0.662963 0.008333 0.040741
7 0.436979 0.657407 0.009375 0.044444
7 0.454688 0.685185 0.005208 0.025926
7 0.445833 0.674074 0.008333 0.044444
7 0.447396 0.664815 0.007292 0.040741
7 0.449479 0.651852 0.005208 0.033333
7 0.456771 0.658333 0.007292 0.035185
7 0.471354 0.660185 0.011458 0.038889
7 0.360417 0.539815 0.010417 0.038889
7 0.373437 0.542593 0.007292 0.037037
7 0.397917 0.541667 0.010417 0.038889
7 0.414583 0.546296 0.012500 0.037037
7 0.443229 0.544444 0.011458 0.037037
7 0.480208 0.548148 0.008333 0.037037
7 0.501563 0.549074 0.011458 0.038889
7 0.530729 0.674074 0.011458 0.048148
7 0.517188 0.754630 0.007292 0.042593
7 0.516146 0.740741 0.009375 0.048148
8 0.519792 0.731481 0.006250 0.018519
7 0.566667 0.706481 0.008333 0.046296
7 0.604167 0.733333 0.006250 0.040741
7 0.602604 0.804630 0.011458 0.057407
7 0.609896 0.792593 0.013542 0.059259
4 0.652604 0.632407 0.028125 0.057407
4 0.683854 0.737963 0.042708 0.046296
7 0.895312 0.587963 0.007292 0.046296
7 0.878125 0.619444 0.012500 0.046296
7 0.820312 0.610185 0.011458 0.038889
7 0.817187 0.605556 0.011458 0.037037
7 0.716146 0.579630 0.013542 0.040741
7 0.951562 0.956481 0.019792 0.075926
7 0.968229 0.946296 0.015625 0.066667
7 0.636979 0.864815 0.015625 0.066667
7 0.633854 0.700000 0.007292 0.037037
7 0.640625 0.705556 0.006250 0.037037
8 0.636458 0.750000 0.008333 0.018519
7 0.649479 0.704630 0.007292 0.042593
7 0.654687 0.732407 0.009375 0.050000
7 0.654687 0.715741 0.007292 0.038889
7 0.675000 0.675926 0.008333 0.051852
7 0.685937 0.671296 0.009375 0.031481
7 0.691667 0.659259 0.010417 0.040741
7 0.702083 0.674074 0.008333 0.040741
7 0.705208 0.668519 0.008333 0.044444
7 0.725000 0.675000 0.010417 0.046296
7 0.670833 0.787037 0.014583 0.059259
7 0.709896 0.756481 0.011458 0.046296
7 0.715104 0.760185 0.007292 0.031481
7 0.723437 0.760185 0.007292 0.038889
7 0.718750 0.790741 0.008333 0.051852
7 0.727604 0.793519 0.005208 0.038889
7 0.733333 0.763889 0.010417 0.050000
7 0.711979 0.730556 0.009375 0.031481
7 0.722396 0.733333 0.013542 0.037037
7 0.734375 0.735185 0.010417 0.040741
7 0.741146 0.695370 0.011458 0.042593
7 0.764583 0.704630 0.018750 0.053704
7 0.745833 0.738889 0.010417 0.040741
7 0.744792 0.769444 0.008333 0.042593
8 0.752604 0.751852 0.007292 0.025926
8 0.755729 0.746296 0.003125 0.014815
7 0.786458 0.712037 0.014583 0.053704
7 0.763021 0.767593 0.011458 0.053704
7 0.778646 0.767593 0.011458 0.046296
7 0.795312 0.786111 0.011458 0.053704
7 0.801042 0.788889 0.014583 0.051852
8 0.806771 0.774074 0.005208 0.022222
8 0.854167 0.677778 0.010417 0.040741
7 0.852083 0.724074 0.008333 0.037037
4 0.827083 0.799074 0.025000 0.053704
7 0.810417 0.818519 0.012500 0.059259
7 0.838021 0.811111 0.015625 0.062963
7 0.834896 0.771296 0.007292 0.031481
7 0.852604 0.802778 0.015625 0.053704
7 0.858854 0.826852 0.007292 0.027778
7 0.857292 0.768519 0.008333 0.044444
7 0.862500 0.776852 0.008333 0.046296
7 0.547396 0.532407 0.007292 0.035185
7 0.561458 0.465741 0.006250 0.031481
