3 0.507552 0.589815 0.042188 0.072222
3 0.656250 0.249074 0.025000 0.031481
3 0.618490 0.500926 0.044271 0.051852
3 0.362760 0.413889 0.050521 0.035185
3 0.251563 0.415278 0.050000 0.039815
7 0.436458 0.384722 0.007292 0.028704
7 0.444792 0.382407 0.006250 0.031481
8 0.453385 0.390278 0.006771 0.013889
7 0.460938 0.380093 0.005208 0.028704
7 0.455990 0.381944 0.005729 0.025000
3 0.594792 0.206944 0.006250 0.012037
4 0.575521 0.146759 0.105208 0.110185
11 0.893750 0.259259 0.039583 0.044444
3 0.343229 0.463426 0.070833 0.056481
