1 0.903309 0.721569 0.028676 0.081046
8 0.879779 0.793464 0.022794 0.049673
5 0.838603 0.813072 0.022794 0.083660
5 0.859559 0.955556 0.048529 0.049673
1 0.790809 0.796078 0.040441 0.054902
5 0.783456 0.766667 0.036029 0.037908
5 0.827574 0.915686 0.033088 0.035294
4 0.858088 0.901961 0.020588 0.044444
5 0.706985 0.564706 0.036029 0.039216
8 0.773529 0.539216 0.013235 0.030065
8 0.770221 0.526144 0.015441 0.030065
3 0.717279 0.794771 0.084559 0.177778
3 0.655515 0.601961 0.071324 0.118954
3 0.580882 0.454248 0.085294 0.079739
3 0.587132 0.355556 0.047794 0.081046
3 0.545588 0.283007 0.050000 0.066667
5 0.650368 0.392157 0.027206 0.033987
5 0.643750 0.362745 0.024265 0.032680
5 0.601471 0.292157 0.022059 0.027451
3 0.542279 0.221569 0.034559 0.064052
3 0.517647 0.123529 0.032353 0.050980
3 0.503309 0.077778 0.030147 0.045752
5 0.500735 0.202614 0.008824 0.039216
8 0.501103 0.199346 0.008088 0.022222
8 0.499632 0.194118 0.009559 0.035294
3 0.530147 0.015033 0.052941 0.030065
3 0.408088 0.023529 0.023529 0.039216
3 0.410294 0.062092 0.022059 0.043137
3 0.419485 0.107190 0.027206 0.049673
3 0.423897 0.184967 0.027206 0.056209
3 0.434926 0.249673 0.033088 0.067974
3 0.457353 0.347059 0.039706 0.084967
7 0.468750 0.403268 0.012500 0.056209
7 0.462868 0.417647 0.013971 0.056209
3 0.450735 0.616340 0.102941 0.116340
5 0.572794 0.626144 0.016176 0.057516
8 0.576103 0.618954 0.015441 0.048366
3 0.247794 0.021569 0.050000 0.043137
7 0.222426 0.045098 0.006618 0.040523
7 0.227206 0.059477 0.004412 0.022222
7 0.218750 0.052941 0.009559 0.035294
7 0.215074 0.039869 0.008088 0.035294
3 0.283824 0.062092 0.023529 0.045752
3 0.280147 0.102614 0.027941 0.061438
3 0.275000 0.153595 0.027941 0.064052
3 0.271691 0.234641 0.034559 0.079739
3 0.264706 0.318954 0.035294 0.086275
3 0.258456 0.400654 0.041912 0.113725
3 0.246324 0.547712 0.048529 0.128105
3 0.235662 0.696078 0.061029 0.189542
3 0.218382 0.924183 0.070588 0.149020
5 0.154412 0.684314 0.017647 0.061438
7 0.201103 0.575163 0.015441 0.062745
5 0.196691 0.474510 0.031618 0.036601
5 0.141912 0.454248 0.014706 0.048366
5 0.225735 0.177124 0.023529 0.022222
5 0.197059 0.169935 0.014706 0.031373
7 0.195956 0.228105 0.011029 0.040523
7 0.176471 0.279085 0.008824 0.043137
5 0.179044 0.255556 0.011029 0.032680
