3 0.467708 0.935185 0.039583 0.125926
3 0.525521 0.855556 0.038542 0.133333
3 0.379167 0.824074 0.035417 0.129630
3 0.429167 0.721296 0.043750 0.101852
3 0.343750 0.587037 0.031250 0.074074
3 0.500521 0.514815 0.026042 0.059259
11 0.086979 0.523148 0.059375 0.061111
7 0.023438 0.408333 0.009375 0.031481
3 0.295312 0.430556 0.046875 0.053704
3 0.500521 0.414815 0.019792 0.044444
3 0.471875 0.343519 0.018750 0.042593
3 0.501563 0.296296 0.017708 0.037037
3 0.726562 0.401852 0.032292 0.048148
3 0.805729 0.383333 0.042708 0.037037
3 0.877083 0.362963 0.035417 0.051852
3 0.905729 0.298148 0.040625 0.033333
3 0.978646 0.308333 0.036458 0.031481
3 0.672396 0.312037 0.034375 0.027778
5 0.885417 0.579630 0.022917 0.025926
5 0.853125 0.542593 0.020833 0.022222
3 0.858333 0.469444 0.035417 0.061111
3 0.805208 0.465741 0.047917 0.061111
11 0.378646 0.222222 0.015625 0.037037
9 0.364063 0.213889 0.011458 0.024074
11 0.404167 0.127778 0.012500 0.029630
7 0.495833 0.173148 0.004167 0.012963
5 0.495833 0.178704 0.006250 0.016667
7 0.560937 0.200926 0.003125 0.020370
7 0.556250 0.201852 0.002083 0.018519
9 0.558333 0.235185 0.016667 0.040741
4 0.628125 0.313889 0.031250 0.035185
