7 0.050368 0.684314 0.024265 0.082353
8 0.064706 0.654902 0.020588 0.041830
8 0.045588 0.658824 0.020588 0.041830
8 0.040441 0.661438 0.020588 0.041830
7 0.542647 0.509804 0.016176 0.070588
7 0.637500 0.698039 0.016176 0.078431
7 0.661029 0.703268 0.019118 0.081046
7 0.915074 0.822222 0.022794 0.078431
5 0.761029 0.687582 0.044118 0.067974
3 0.829412 0.958170 0.097059 0.081046
3 0.743750 0.817647 0.121324 0.173856
7 0.658088 0.852941 0.020588 0.092810
7 0.669118 0.847059 0.020588 0.091503
0 0.877941 0.538562 0.057353 0.128105
9 0.808456 0.530065 0.052206 0.103268
9 0.848897 0.490196 0.069853 0.075817
3 0.695956 0.573856 0.088971 0.109804
7 0.646324 0.651634 0.013235 0.040523
8 0.533456 0.641176 0.018382 0.058824
5 0.532721 0.654248 0.027206 0.071895
11 0.590441 0.533333 0.072059 0.104575
7 0.741176 0.475817 0.013235 0.062745
4 0.673162 0.396078 0.069853 0.133333
8 0.724632 0.432026 0.011029 0.027451
9 0.737868 0.449673 0.058088 0.049673
9 0.925000 0.486928 0.055882 0.082353
7 0.933456 0.451634 0.015441 0.056209
7 0.962500 0.426797 0.017647 0.056209
3 0.541912 0.432680 0.051471 0.075817
3 0.616176 0.449673 0.026471 0.052288
3 0.579779 0.360131 0.028676 0.037908
7 0.065074 0.468627 0.019853 0.066667
7 0.057353 0.463399 0.014706 0.058824
9 0.266912 0.420261 0.045588 0.061438
5 0.226471 0.420261 0.032353 0.043137
8 0.454412 0.429412 0.008824 0.037908
8 0.453309 0.418954 0.015441 0.045752
8 0.413235 0.354248 0.011765 0.044444
8 0.432721 0.320915 0.011029 0.037908
8 0.424632 0.284967 0.011029 0.031373
1 0.433456 0.335948 0.011029 0.033987
1 0.455147 0.431373 0.017647 0.047059
1 0.414706 0.363399 0.017647 0.047059
5 0.104412 0.432680 0.022059 0.052288
5 0.066176 0.416993 0.039706 0.041830
8 0.213235 0.362745 0.011765 0.030065
3 0.236029 0.380392 0.095588 0.081046
7 0.072426 0.318954 0.013971 0.044444
8 0.096324 0.319608 0.014706 0.045752
8 0.081250 0.294771 0.015441 0.027451
1 0.113235 0.272549 0.013235 0.035294
7 0.155147 0.297386 0.013235 0.027451
5 0.559191 0.341830 0.013971 0.040523
3 0.491544 0.350327 0.055147 0.073203
1 0.517647 0.321569 0.026471 0.020915
9 0.563603 0.294118 0.040441 0.060131
9 0.611397 0.286275 0.047794 0.057516
9 0.615074 0.241176 0.041912 0.043137
9 0.573529 0.258170 0.041176 0.032680
8 0.554044 0.246405 0.011029 0.027451
8 0.576838 0.250327 0.012500 0.024837
8 0.591544 0.243791 0.012500 0.024837
8 0.581985 0.239216 0.009559 0.023529
8 0.525735 0.235948 0.010294 0.024837
1 0.551471 0.222876 0.020588 0.027451
7 0.122794 0.264706 0.008824 0.032680
7 0.133088 0.257516 0.014706 0.049673
7 0.087500 0.260784 0.013235 0.045752
8 0.070221 0.264706 0.013971 0.030065
8 0.071324 0.258170 0.016176 0.027451
8 0.074265 0.254248 0.011765 0.024837
5 0.110294 0.226797 0.022059 0.027451
5 0.125000 0.152941 0.017647 0.018301
5 0.131250 0.141830 0.018382 0.022222
7 0.124265 0.083660 0.007353 0.031373
4 0.203309 0.209150 0.036029 0.099346
7 0.142279 0.131373 0.008088 0.032680
3 0.154412 0.114379 0.042647 0.037908
3 0.265441 0.301961 0.058824 0.075817
3 0.310294 0.207190 0.027941 0.050980
3 0.302206 0.115686 0.023529 0.035294
3 0.282353 0.064052 0.022059 0.039216
3 0.299265 0.029412 0.017647 0.024837
3 0.274632 0.033987 0.018382 0.028758
3 0.363971 0.086275 0.022059 0.028758
3 0.257721 0.266013 0.033088 0.056209
3 0.250000 0.225490 0.033824 0.056209
3 0.247794 0.182353 0.029412 0.045752
1 0.235294 0.158170 0.014706 0.026144
8 0.278309 0.159477 0.011029 0.031373
8 0.299632 0.142484 0.006618 0.023529
8 0.264706 0.105882 0.007353 0.031373
8 0.347059 0.082353 0.005882 0.018301
3 0.345956 0.049673 0.021324 0.026144
1 0.277941 0.169935 0.007353 0.031373
1 0.300000 0.154248 0.008824 0.026144
1 0.265074 0.113072 0.006618 0.022222
3 0.229779 0.133333 0.041912 0.036601
3 0.246691 0.115033 0.019853 0.039216
3 0.166544 0.077124 0.040441 0.031373
3 0.436029 0.236601 0.033824 0.054902
4 0.497794 0.138562 0.111765 0.133333
7 0.425368 0.085621 0.008088 0.030065
7 0.417647 0.086928 0.007353 0.030065
7 0.417647 0.054902 0.004412 0.028758
4 0.240441 0.035294 0.035294 0.067974
3 0.395221 0.070588 0.041912 0.028758
3 0.395956 0.060784 0.030147 0.022222
3 0.376471 0.036601 0.036765 0.023529
3 0.369485 0.019608 0.037500 0.023529
7 0.392647 0.024837 0.005882 0.020915
7 0.401103 0.020261 0.003676 0.022222
3 0.336765 0.030719 0.017647 0.022222
3 0.331985 0.020915 0.018382 0.023529
7 0.311397 0.012418 0.005147 0.024837
7 0.301103 0.013725 0.005147 0.024837
4 0.422426 0.020915 0.028676 0.031373
