4 0.530882 0.030065 0.108824 0.054902
4 0.493382 0.086275 0.083824 0.054902
4 0.143015 0.257516 0.068382 0.054902
3 0.584191 0.067320 0.006618 0.009150
3 0.550368 0.070588 0.008088 0.010458
3 0.565441 0.066667 0.005882 0.010458
3 0.576471 0.077778 0.005882 0.009150
3 0.570221 0.092810 0.008088 0.010458
11 0.575000 0.109150 0.008824 0.019608
8 0.590074 0.090196 0.003676 0.010458
5 0.590074 0.093464 0.000735 0.009150
3 0.600368 0.144444 0.012500 0.022222
3 0.626471 0.352288 0.033824 0.053595
3 0.548162 0.132680 0.012500 0.019608
3 0.551471 0.145752 0.014706 0.022222
3 0.553309 0.160784 0.013971 0.028758
3 0.551103 0.175163 0.015441 0.023529
3 0.553309 0.188889 0.016912 0.027451
11 0.553676 0.203922 0.017647 0.041830
3 0.555515 0.228105 0.021324 0.035294
3 0.549265 0.248366 0.023529 0.044444
3 0.547059 0.283007 0.027941 0.045752
3 0.551471 0.316340 0.030882 0.060131
3 0.545588 0.364706 0.033824 0.060131
3 0.558088 0.418301 0.038235 0.073203
11 0.542279 0.462092 0.041912 0.111111
3 0.512500 0.192810 0.019118 0.030065
3 0.490441 0.261438 0.026471 0.041830
3 0.500000 0.324183 0.029412 0.054902
3 0.489338 0.365359 0.036029 0.074510
3 0.475000 0.443137 0.044118 0.086275
3 0.702206 0.154248 0.014706 0.020915
3 0.695956 0.164052 0.028676 0.019608
11 0.709191 0.188235 0.013971 0.031373
3 0.727941 0.210458 0.022059 0.031373
7 0.733088 0.269935 0.005882 0.037908
9 0.776471 0.270588 0.017647 0.031373
7 0.786397 0.264706 0.006618 0.040523
7 0.884926 0.290196 0.011029 0.039216
7 0.848529 0.328105 0.010294 0.047059
7 0.868015 0.317647 0.012500 0.052288
8 0.879779 0.333987 0.012500 0.030065
8 0.891544 0.361438 0.013971 0.035294
8 0.912868 0.353595 0.009559 0.030065
8 0.920956 0.364052 0.011029 0.035294
7 0.917647 0.381046 0.014706 0.050980
7 0.934926 0.379085 0.013971 0.052288
9 0.877206 0.409150 0.035294 0.041830
8 0.867647 0.396078 0.014706 0.036601
8 0.877574 0.394771 0.011029 0.031373
11 0.941544 0.491503 0.052206 0.107190
7 0.863971 0.468627 0.014706 0.064052
7 0.968382 0.404575 0.016176 0.050980
5 0.987132 0.395425 0.022794 0.037908
5 0.987868 0.451634 0.021324 0.045752
5 0.789338 0.598693 0.044853 0.054902
8 0.791544 0.584967 0.021324 0.066667
1 0.818750 0.668627 0.047794 0.061438
7 0.818382 0.668627 0.026471 0.087582
8 0.838971 0.674510 0.022059 0.049673
1 0.897059 0.647059 0.035294 0.047059
7 0.882721 0.650327 0.024265 0.069281
7 0.902574 0.639869 0.027206 0.079739
7 0.966912 0.600654 0.026471 0.077124
7 0.987132 0.619608 0.021324 0.054902
3 0.451838 0.129412 0.028676 0.013072
3 0.449632 0.146405 0.028676 0.020915
3 0.422426 0.173856 0.036029 0.023529
3 0.426838 0.169935 0.030147 0.018301
3 0.398897 0.221569 0.028676 0.040523
1 0.289706 0.154902 0.011765 0.019608
1 0.333824 0.177124 0.004412 0.022222
8 0.333824 0.172549 0.004412 0.026144
3 0.380147 0.267974 0.038235 0.041830
7 0.351103 0.240523 0.006618 0.036601
5 0.351471 0.230065 0.010294 0.023529
7 0.341176 0.294771 0.007353 0.045752
5 0.386029 0.322222 0.008824 0.032680
8 0.385662 0.312418 0.012500 0.039216
5 0.160294 0.964706 0.042647 0.067974
8 0.161765 0.946405 0.038235 0.104575
5 0.422426 0.521569 0.030147 0.052288
8 0.414338 0.502614 0.012500 0.050980
8 0.423529 0.502614 0.016176 0.061438
5 0.332353 0.348366 0.011765 0.032680
8 0.331985 0.338562 0.011029 0.047059
5 0.302574 0.375163 0.022794 0.036601
5 0.268015 0.482353 0.018382 0.049673
5 0.236029 0.432026 0.029412 0.040523
8 0.268382 0.466667 0.016176 0.065359
8 0.302941 0.366013 0.016176 0.052288
8 0.236029 0.423529 0.016176 0.057516
8 0.227574 0.431373 0.013971 0.052288
0 0.289706 0.262745 0.050000 0.057516
7 0.327206 0.283660 0.005882 0.041830
7 0.319853 0.287582 0.005882 0.041830
7 0.323162 0.294118 0.006618 0.044444
7 0.201471 0.190196 0.005882 0.030065
5 0.271324 0.169281 0.010294 0.019608
5 0.263235 0.176471 0.011765 0.020915
1 0.260662 0.183007 0.013971 0.018301
1 0.253309 0.200654 0.016912 0.019608
7 0.222426 0.209804 0.006618 0.032680
4 0.236765 0.229412 0.041176 0.035294
7 0.241912 0.207843 0.004412 0.026144
7 0.238603 0.205882 0.006618 0.024837
5 0.233456 0.256863 0.021324 0.022222
4 0.196324 0.254902 0.039706 0.088889
0 0.223162 0.264706 0.013971 0.027451
5 0.226103 0.266013 0.013971 0.019608
0 0.234559 0.309804 0.042647 0.062745
5 0.248897 0.286275 0.018382 0.036601
7 0.204044 0.379085 0.009559 0.054902
11 0.227574 0.395425 0.088971 0.092810
7 0.206985 0.330065 0.011029 0.053595
7 0.224632 0.341176 0.006618 0.044444
7 0.219485 0.325490 0.011029 0.052288
5 0.198897 0.349673 0.028676 0.032680
5 0.179044 0.337255 0.024265 0.036601
3 0.109191 0.619608 0.146324 0.128105
0 0.127574 0.431373 0.037500 0.073203
5 0.014338 0.436601 0.019853 0.052288
5 0.029044 0.433987 0.016912 0.047059
1 0.048529 0.435294 0.014706 0.052288
9 0.051838 0.480392 0.019853 0.053595
7 0.053309 0.464052 0.022794 0.067974
7 0.067647 0.422876 0.016176 0.056209
7 0.065074 0.441830 0.015441 0.065359
8 0.066912 0.428105 0.008824 0.035294
7 0.009559 0.290850 0.013235 0.048366
5 0.009559 0.329412 0.014706 0.039216
5 0.022426 0.350327 0.013971 0.041830
5 0.046691 0.358170 0.011029 0.036601
5 0.038603 0.344444 0.012500 0.037908
1 0.042647 0.325490 0.014706 0.039216
7 0.032353 0.300000 0.008824 0.043137
7 0.037500 0.293464 0.008824 0.045752
7 0.052574 0.288889 0.008088 0.047059
8 0.097426 0.247712 0.008088 0.024837
8 0.081985 0.250327 0.011029 0.024837
8 0.068382 0.256863 0.007353 0.022222
8 0.062132 0.255556 0.011029 0.024837
7 0.090809 0.284967 0.009559 0.044444
1 0.070221 0.285621 0.018382 0.030065
1 0.140441 0.394771 0.025000 0.044444
5 0.151838 0.370588 0.012500 0.043137
5 0.138235 0.382353 0.011765 0.043137
5 0.141176 0.332680 0.023529 0.032680
5 0.178309 0.318954 0.011029 0.031373
5 0.129044 0.352941 0.015441 0.033987
5 0.090074 0.376471 0.018382 0.044444
5 0.086397 0.354248 0.012500 0.028758
5 0.088235 0.346405 0.011765 0.039216
5 0.109559 0.352288 0.013235 0.032680
5 0.110294 0.332026 0.008824 0.041830
1 0.140809 0.306536 0.011029 0.035294
5 0.148897 0.296732 0.016912 0.026144
5 0.160294 0.314379 0.016176 0.035294
1 0.122426 0.311111 0.015441 0.033987
1 0.091176 0.295425 0.016176 0.031373
5 0.093750 0.338562 0.011029 0.039216
1 0.102941 0.288889 0.008824 0.031373
8 0.023897 0.120261 0.012500 0.026144
8 0.076103 0.113072 0.006618 0.030065
8 0.055515 0.113725 0.006618 0.031373
8 0.039706 0.117647 0.010294 0.031373
8 0.049632 0.115686 0.009559 0.032680
