11 0.719853 0.771895 0.088235 0.121569
3 0.432721 0.511765 0.052206 0.098039
3 0.526838 0.473856 0.050735 0.069281
3 0.433824 0.257516 0.035294 0.044444
3 0.309559 0.301961 0.032353 0.057516
3 0.263603 0.203268 0.022794 0.037908
11 0.204044 0.173203 0.024265 0.056209
3 0.363235 0.231373 0.025000 0.031373
3 0.231250 0.050327 0.013971 0.019608
3 0.354412 0.153595 0.019118 0.024837
3 0.220956 0.071895 0.013971 0.020915
3 0.209559 0.016340 0.011765 0.014379
9 0.195588 0.101307 0.011765 0.019608
8 0.195588 0.097386 0.005882 0.014379
7 0.472794 0.493464 0.010294 0.045752
6 0.122426 0.873856 0.180147 0.213072
7 0.213235 0.278431 0.008824 0.036601
1 0.204412 0.305882 0.008824 0.031373
7 0.206985 0.275817 0.008088 0.039216
7 0.215441 0.751634 0.014706 0.070588
7 0.225000 0.757516 0.017647 0.066667
7 0.008088 0.791503 0.016176 0.069281
7 0.061397 0.703922 0.022794 0.058824
5 0.050000 0.728758 0.026471 0.071895
1 0.160294 0.828758 0.025000 0.060131
1 0.087500 0.443791 0.019118 0.043137
7 0.200735 0.250980 0.007353 0.039216
7 0.325000 0.063399 0.004412 0.019608
7 0.329779 0.061438 0.003676 0.015686
3 0.941544 0.216993 0.038971 0.036601
3 0.918382 0.205882 0.035294 0.032680
3 0.936765 0.192157 0.038235 0.033987
3 0.917279 0.188235 0.028676 0.020915
3 0.915441 0.182353 0.030882 0.022222
3 0.900368 0.200654 0.030147 0.024837
11 0.845221 0.170588 0.031618 0.030065
11 0.831985 0.165359 0.030147 0.027451
3 0.868015 0.160784 0.031618 0.028758
11 0.846691 0.146405 0.028676 0.026144
11 0.830147 0.141176 0.033824 0.031373
3 0.816912 0.160131 0.029412 0.024837
3 0.811029 0.137255 0.023529 0.020915
3 0.798897 0.149020 0.031618 0.023529
3 0.781250 0.144444 0.027206 0.027451
3 0.769853 0.139216 0.029412 0.024837
3 0.802574 0.132026 0.027206 0.018301
3 0.792279 0.132680 0.025735 0.019608
3 0.778309 0.121569 0.030147 0.023529
5 0.924265 0.139216 0.011765 0.016993
9 0.894118 0.127451 0.016176 0.022222
9 0.883824 0.132680 0.016176 0.019608
3 0.874632 0.120915 0.028676 0.022222
3 0.850368 0.111111 0.024265 0.023529
3 0.833824 0.106536 0.026471 0.022222
11 0.823529 0.096078 0.025000 0.022222
3 0.808088 0.094118 0.025000 0.020915
3 0.795221 0.088889 0.024265 0.020915
11 0.784926 0.081046 0.025735 0.026144
3 0.759559 0.075163 0.025000 0.022222
11 0.750368 0.069281 0.024265 0.023529
11 0.719853 0.058824 0.022059 0.020915
3 0.752206 0.129412 0.029412 0.023529
3 0.764706 0.113725 0.025000 0.020915
11 0.754779 0.108497 0.027206 0.026144
11 0.739706 0.102614 0.023529 0.024837
11 0.706618 0.088235 0.022059 0.022222
3 0.700000 0.054248 0.023529 0.016993
3 0.691176 0.047712 0.022059 0.019608
3 0.682353 0.045752 0.020588 0.015686
3 0.688235 0.080392 0.025000 0.019608
3 0.668750 0.073856 0.021324 0.019608
3 0.649632 0.066013 0.019853 0.016993
11 0.572794 0.026144 0.019118 0.018301
3 0.586029 0.050327 0.017647 0.016993
3 0.583456 0.008497 0.018382 0.014379
3 0.597059 0.011111 0.014706 0.011765
3 0.431618 0.007843 0.023529 0.015686
3 0.450000 0.010458 0.020588 0.013072
3 0.514338 0.005882 0.016912 0.011765
3 0.628309 0.056209 0.018382 0.015686
3 0.598529 0.055556 0.022059 0.016993
1 0.279779 0.875163 0.041912 0.050980
2 0.268750 0.030719 0.025735 0.043137
8 0.480882 0.495425 0.007353 0.020915
