3 0.183088 0.741176 0.139706 0.112418
3 0.145221 0.856209 0.159559 0.133333
5 0.050735 0.621569 0.044118 0.053595
5 0.138971 0.479085 0.030882 0.045752
3 0.302574 0.388889 0.084559 0.064052
11 0.244485 0.214379 0.056618 0.075817
11 0.190074 0.205229 0.058088 0.065359
1 0.217279 0.050980 0.015441 0.023529
3 0.339338 0.045752 0.050735 0.033987
3 0.345221 0.030065 0.036029 0.028758
3 0.349265 0.020261 0.047059 0.035294
8 0.406250 0.045098 0.008088 0.019608
4 0.597426 0.007190 0.018382 0.014379
7 0.477574 0.143791 0.005147 0.041830
8 0.469853 0.137255 0.007353 0.020915
3 0.454412 0.107190 0.026471 0.049673
3 0.465809 0.139869 0.050735 0.052288
3 0.516544 0.071242 0.022794 0.045752
3 0.572794 0.119608 0.025000 0.048366
8 0.554044 0.047059 0.006618 0.026144
8 0.570588 0.056209 0.007353 0.026144
5 0.553676 0.054902 0.007353 0.026144
5 0.570588 0.064706 0.008824 0.027451
5 0.751103 0.017647 0.011029 0.022222
2 0.820221 0.054248 0.094853 0.071895
3 0.656985 0.075163 0.044853 0.032680
3 0.500368 0.224837 0.033088 0.070588
3 0.553676 0.273856 0.030882 0.061438
7 0.606618 0.152288 0.005882 0.037908
7 0.613971 0.154248 0.005882 0.039216
8 0.582721 0.209804 0.005147 0.019608
8 0.583456 0.200000 0.008088 0.028758
5 0.583088 0.210458 0.008824 0.036601
10 0.665074 0.157516 0.078676 0.050980
10 0.670221 0.192810 0.077206 0.064052
10 0.691544 0.257516 0.081618 0.073203
5 0.676103 0.231373 0.012500 0.026144
3 0.552941 0.396732 0.036765 0.082353
7 0.627206 0.435948 0.010294 0.056209
3 0.546324 0.586275 0.045588 0.118954
3 0.720588 0.513725 0.057353 0.141176
3 0.775735 0.758824 0.082353 0.171242
3 0.859926 0.773856 0.086029 0.164706
3 0.938971 0.762745 0.094118 0.134641
3 0.978676 0.750980 0.041176 0.150327
3 0.969853 0.574510 0.058824 0.150327
3 0.926471 0.583660 0.086765 0.145098
3 0.866176 0.592810 0.073529 0.134641
3 0.800368 0.588235 0.072794 0.120261
3 0.969485 0.162092 0.050735 0.052288
3 0.909926 0.162092 0.066912 0.054902
3 0.943382 0.073203 0.054412 0.041830
7 0.991544 0.093464 0.011029 0.030065
3 0.983456 0.056209 0.031618 0.036601
