4 0.443015 0.086275 0.080147 0.156863
7 0.159926 0.883660 0.015441 0.081046
7 0.141912 0.893464 0.022059 0.071895
5 0.284559 0.583007 0.029412 0.036601
9 0.407721 0.684967 0.021324 0.078431
8 0.404412 0.678431 0.014706 0.036601
3 0.554779 0.666667 0.050735 0.083660
3 0.455147 0.589542 0.038235 0.088889
3 0.447426 0.489542 0.028676 0.058824
5 0.894118 0.846405 0.038235 0.043137
8 0.900368 0.832026 0.016912 0.056209
3 0.799632 0.933987 0.125735 0.113725
3 0.493750 0.372549 0.022794 0.039216
3 0.438603 0.415033 0.024265 0.045752
3 0.404779 0.440523 0.025735 0.062745
3 0.404044 0.394771 0.022794 0.047059
3 0.437132 0.380392 0.021324 0.041830
3 0.441544 0.351634 0.019853 0.036601
3 0.470956 0.256863 0.013971 0.022222
11 0.458456 0.232026 0.011029 0.024837
7 0.402941 0.227451 0.004412 0.018301
1 0.382721 0.483007 0.008088 0.037908
8 0.382721 0.473856 0.008088 0.035294
3 0.336029 0.238562 0.030882 0.019608
7 0.407353 0.198693 0.002941 0.018301
3 0.395588 0.198693 0.014706 0.020915
7 0.401838 0.196078 0.003676 0.023529
4 0.511765 0.114379 0.051471 0.116340
3 0.498897 0.192810 0.025735 0.022222
3 0.498897 0.200000 0.018382 0.015686
