4 0.410938 0.201852 0.080208 0.081481
3 0.184375 0.922222 0.079167 0.055556
8 0.202604 0.968519 0.017708 0.018519
5 0.131250 0.812037 0.018750 0.035185
8 0.103125 0.805556 0.008333 0.022222
8 0.109896 0.800926 0.009375 0.024074
3 0.491667 0.876852 0.029167 0.083333
3 0.530729 0.808333 0.034375 0.072222
3 0.450521 0.748148 0.023958 0.055556
7 0.241667 0.700000 0.006250 0.029630
7 0.236979 0.668519 0.007292 0.029630
7 0.212500 0.612037 0.006250 0.024074
7 0.200521 0.700926 0.005208 0.020370
7 0.206250 0.698148 0.006250 0.025926
8 0.215625 0.565741 0.004167 0.012963
8 0.220833 0.562037 0.004167 0.016667
3 0.438542 0.637963 0.018750 0.038889
3 0.465625 0.574074 0.018750 0.033333
3 0.439583 0.587037 0.016667 0.033333
3 0.435937 0.550000 0.013542 0.029630
3 0.433854 0.512037 0.013542 0.027778
3 0.460938 0.535185 0.017708 0.033333
3 0.459375 0.504630 0.010417 0.020370
8 0.420312 0.573148 0.005208 0.012963
5 0.420833 0.581481 0.004167 0.018519
8 0.484896 0.491667 0.005208 0.016667
5 0.485417 0.501852 0.004167 0.014815
3 0.620833 0.385185 0.008333 0.014815
3 0.586458 0.389815 0.018750 0.012963
3 0.550000 0.393519 0.014583 0.012963
7 0.616146 0.376852 0.003125 0.012963
7 0.619271 0.375926 0.001042 0.011111
7 0.570312 0.562037 0.005208 0.016667
7 0.548958 0.550000 0.004167 0.022222
7 0.542188 0.550000 0.005208 0.018519
8 0.481771 0.425926 0.003125 0.007407
5 0.481771 0.432407 0.003125 0.009259
3 0.463021 0.402778 0.019792 0.016667
3 0.433333 0.417593 0.018750 0.016667
3 0.398438 0.428704 0.021875 0.016667
3 0.409896 0.408333 0.017708 0.016667
10 0.385937 0.401852 0.023958 0.014815
3 0.347396 0.437963 0.019792 0.012963
0 0.282813 0.468519 0.015625 0.018519
8 0.318750 0.420370 0.002083 0.011111
1 0.318229 0.426852 0.003125 0.009259
8 0.330208 0.410185 0.002083 0.009259
1 0.330208 0.416667 0.008333 0.007407
3 0.381771 0.372222 0.007292 0.014815
3 0.388021 0.337037 0.007292 0.014815
3 0.392188 0.300000 0.005208 0.011111
3 0.393750 0.287037 0.004167 0.007407
3 0.404687 0.276852 0.005208 0.005556
3 0.430729 0.282407 0.005208 0.009259
3 0.428646 0.266667 0.005208 0.007407
11 0.405729 0.258333 0.003125 0.005556
