4 0.500000 0.297222 0.104167 0.153704
4 0.435417 0.358333 0.039583 0.083333
4 0.568750 0.499074 0.020833 0.053704
7 0.548958 0.392593 0.002083 0.011111
7 0.552083 0.425926 0.002083 0.011111
3 0.481771 0.381481 0.005208 0.011111
11 0.492708 0.380556 0.004167 0.012963
2 0.432292 0.415741 0.012500 0.024074
9 0.546875 0.466667 0.008333 0.014815
3 0.538021 0.511111 0.021875 0.014815
3 0.540104 0.503704 0.023958 0.014815
7 0.555729 0.539815 0.003125 0.016667
3 0.546354 0.652778 0.038542 0.027778
7 0.577083 0.832407 0.006250 0.031481
7 0.594792 0.836111 0.008333 0.031481
7 0.587500 0.840741 0.006250 0.022222
7 0.582292 0.849074 0.006250 0.024074
3 0.488542 0.676852 0.014583 0.035185
3 0.494271 0.735185 0.013542 0.040741
7 0.471875 0.748148 0.006250 0.022222
1 0.480208 0.776852 0.006250 0.024074
8 0.479687 0.771296 0.005208 0.027778
3 0.492708 0.804630 0.022917 0.057407
10 0.498437 0.891667 0.026042 0.120370
3 0.456771 0.913889 0.028125 0.068519
3 0.459375 0.749074 0.018750 0.042593
3 0.390625 0.954630 0.031250 0.087037
2 0.434896 0.802778 0.036458 0.116667
10 0.405729 0.768519 0.032292 0.070370
7 0.338542 0.703704 0.004167 0.025926
3 0.339583 0.902778 0.033333 0.079630
8 0.291667 0.979630 0.006250 0.029630
9 0.222917 0.979630 0.022917 0.037037
8 0.228125 0.973148 0.008333 0.024074
3 0.117708 0.943519 0.070833 0.053704
3 0.132812 0.900000 0.063542 0.044444
3 0.160417 0.861111 0.066667 0.044444
3 0.172917 0.826852 0.054167 0.038889
3 0.195833 0.800000 0.054167 0.040741
3 0.203646 0.769444 0.048958 0.031481
3 0.217188 0.745370 0.048958 0.031481
3 0.233333 0.718519 0.043750 0.033333
5 0.197917 0.710185 0.010417 0.024074
5 0.208854 0.698148 0.007292 0.025926
5 0.234375 0.672222 0.010417 0.022222
3 0.252083 0.689815 0.041667 0.031481
3 0.265625 0.664815 0.035417 0.033333
5 0.263542 0.626852 0.014583 0.016667
7 0.288021 0.647222 0.005208 0.024074
7 0.300000 0.712037 0.006250 0.024074
3 0.234896 0.904630 0.042708 0.075926
3 0.264583 0.823148 0.037500 0.068519
3 0.296875 0.742593 0.031250 0.048148
3 0.439583 0.637963 0.018750 0.031481
3 0.346354 0.631481 0.021875 0.040741
3 0.363021 0.595370 0.019792 0.031481
11 0.378646 0.550926 0.019792 0.031481
3 0.391146 0.522222 0.015625 0.022222
3 0.400521 0.499074 0.011458 0.020370
3 0.411979 0.483333 0.011458 0.018519
7 0.422396 0.614815 0.003125 0.014815
7 0.424479 0.614815 0.003125 0.018519
3 0.461458 0.501852 0.010417 0.014815
3 0.454688 0.552778 0.011458 0.020370
3 0.472396 0.548148 0.011458 0.022222
9 0.486458 0.519444 0.006250 0.016667
8 0.486458 0.515741 0.004167 0.012963
5 0.489583 0.593519 0.002083 0.016667
8 0.490625 0.589815 0.002083 0.016667
4 0.500521 0.443519 0.009375 0.075926
7 0.546875 0.448148 0.002083 0.011111
7 0.550000 0.448148 0.002083 0.011111
7 0.554167 0.460185 0.002083 0.012963
7 0.556250 0.462037 0.002083 0.012963
3 0.525521 0.434259 0.026042 0.016667
3 0.526042 0.421296 0.027083 0.016667
