3 0.443015 0.694771 0.036029 0.092810
3 0.445221 0.453595 0.030147 0.052288
3 0.540809 0.348366 0.019853 0.037908
7 0.325000 0.380392 0.007353 0.028758
3 0.336029 0.239869 0.035294 0.024837
3 0.587500 0.409804 0.022059 0.043137
7 0.310662 0.218301 0.005147 0.020915
3 0.328309 0.217647 0.009559 0.014379
3 0.334559 0.213072 0.008824 0.015686
3 0.519118 0.144444 0.011765 0.016993
3 0.536029 0.147059 0.010294 0.014379
3 0.533456 0.133987 0.009559 0.014379
3 0.532353 0.098039 0.008824 0.013072
3 0.505882 0.079085 0.007353 0.011765
3 0.671324 0.401307 0.029412 0.039216
7 0.334559 0.195425 0.005882 0.019608
8 0.339338 0.183007 0.005147 0.013072
7 0.354412 0.204575 0.004412 0.022222
7 0.359559 0.193464 0.004412 0.015686
8 0.355515 0.198693 0.003676 0.007843
7 0.382721 0.211111 0.003676 0.019608
7 0.348162 0.188889 0.003676 0.019608
7 0.351838 0.187582 0.002206 0.016993
3 0.376838 0.175817 0.028676 0.022222
3 0.378309 0.166013 0.025735 0.018301
3 0.397794 0.152941 0.025000 0.018301
7 0.407721 0.122222 0.003676 0.014379
7 0.390809 0.126144 0.003676 0.014379
7 0.405515 0.122222 0.003676 0.014379
3 0.410662 0.113072 0.021324 0.011765
7 0.426471 0.141830 0.002941 0.016993
7 0.429779 0.141176 0.002206 0.015686
3 0.426103 0.131373 0.009559 0.019608
3 0.428676 0.117647 0.008824 0.013072
3 0.436397 0.106536 0.008088 0.014379
7 0.404044 0.105882 0.002206 0.010458
7 0.443382 0.095425 0.002941 0.010458
3 0.451103 0.056863 0.013971 0.009150
8 0.455147 0.226144 0.004412 0.015686
5 0.455147 0.233333 0.004412 0.014379
8 0.486397 0.075163 0.002206 0.006536
1 0.485662 0.077778 0.002206 0.006536
3 0.548529 0.118954 0.008824 0.013072
3 0.546324 0.111111 0.008824 0.013072
3 0.547059 0.099346 0.007353 0.013072
3 0.544118 0.086928 0.007353 0.011765
3 0.543382 0.082353 0.007353 0.013072
3 0.542279 0.071895 0.008088 0.013072
3 0.541176 0.063399 0.005882 0.009150
3 0.486029 0.066013 0.007353 0.009150
3 0.523162 0.065359 0.006618 0.010458
3 0.510662 0.045752 0.006618 0.007843
8 0.554044 0.166667 0.003676 0.016993
1 0.554044 0.172549 0.003676 0.013072
11 0.443382 0.073203 0.017647 0.015686
8 0.477574 0.147059 0.011029 0.014379
5 0.487132 0.167320 0.015441 0.020915
8 0.531985 0.081699 0.002206 0.006536
5 0.531985 0.085621 0.002206 0.006536
8 0.533824 0.056209 0.002941 0.005229
5 0.533824 0.060784 0.002941 0.006536
8 0.534559 0.084967 0.002941 0.005229
5 0.534926 0.088889 0.003676 0.005229
8 0.533456 0.047712 0.003676 0.003922
5 0.533088 0.052288 0.002941 0.005229
3 0.519485 0.059477 0.006618 0.011765
3 0.526471 0.057516 0.005882 0.010458
7 0.683824 0.621569 0.010294 0.045752
3 0.693382 0.459477 0.032353 0.043137
3 0.712868 0.509150 0.038971 0.050980
3 0.732353 0.570588 0.041176 0.058824
3 0.625735 0.234641 0.023529 0.032680
3 0.613971 0.196732 0.019118 0.030065
3 0.599265 0.160131 0.019118 0.030065
3 0.582353 0.112418 0.013235 0.015686
3 0.579779 0.097386 0.009559 0.014379
3 0.578309 0.089542 0.009559 0.014379
3 0.565809 0.071895 0.006618 0.010458
3 0.567279 0.065359 0.006618 0.013072
3 0.570588 0.085621 0.010294 0.011765
3 0.979779 0.971242 0.038971 0.052288
3 0.883824 0.781046 0.107353 0.084967
3 0.803309 0.817647 0.099265 0.084967
3 0.885662 0.717647 0.071324 0.052288
3 0.854779 0.667320 0.088971 0.058824
3 0.833824 0.621569 0.077941 0.056209
3 0.825000 0.590850 0.069118 0.044444
3 0.812500 0.562092 0.063235 0.031373
3 0.806618 0.529412 0.060294 0.033987
3 0.976838 0.592810 0.044853 0.050980
3 0.973162 0.553595 0.052206 0.045752
3 0.956985 0.518301 0.071324 0.048366
3 0.943015 0.494118 0.072794 0.036601
3 0.942279 0.492810 0.072794 0.036601
3 0.920956 0.473856 0.068382 0.037908
3 0.900000 0.448366 0.061765 0.039216
3 0.890441 0.422876 0.057353 0.035294
3 0.872426 0.404575 0.047794 0.032680
3 0.770588 0.274510 0.041176 0.031373
3 0.756250 0.258824 0.040441 0.031373
3 0.753676 0.248366 0.041176 0.031373
3 0.738971 0.236601 0.041176 0.031373
3 0.726838 0.224837 0.040441 0.031373
3 0.722794 0.215686 0.041176 0.031373
3 0.723897 0.208497 0.037500 0.035294
11 0.707721 0.188235 0.030147 0.023529
7 0.853676 0.327451 0.005882 0.027451
7 0.862868 0.319608 0.008088 0.030065
8 0.932353 0.424183 0.005882 0.022222
5 0.875000 0.381046 0.027941 0.022222
5 0.875735 0.373856 0.027941 0.023529
4 0.518750 0.020915 0.099265 0.036601
3 0.565074 0.053595 0.006618 0.013072
3 0.559926 0.050980 0.006618 0.013072
