10 0.123897 0.574510 0.049265 0.074510
10 0.199265 0.301307 0.051471 0.092810
4 0.140441 0.337255 0.061765 0.054902
11 0.206250 0.159477 0.019853 0.075817
3 0.438235 0.819608 0.027941 0.073203
3 0.458824 0.644444 0.016176 0.065359
3 0.485294 0.652288 0.016176 0.065359
3 0.492647 0.509804 0.016176 0.065359
11 0.459926 0.228758 0.015441 0.060131
3 0.519853 0.496732 0.016176 0.065359
3 0.525735 0.657516 0.019118 0.062745
3 0.555515 0.733333 0.036029 0.041830
3 0.558824 0.798693 0.038235 0.047059
8 0.513235 0.745098 0.005882 0.023529
3 0.552206 0.449020 0.042647 0.048366
3 0.558456 0.587582 0.043382 0.032680
3 0.522426 0.323529 0.024265 0.064052
3 0.389338 0.268627 0.037500 0.032680
3 0.549632 0.225490 0.037500 0.035294
3 0.491912 0.041176 0.014706 0.056209
11 0.523162 0.082353 0.015441 0.060131
3 0.456250 0.035948 0.015441 0.056209
3 0.388603 0.591503 0.041912 0.032680
3 0.762868 0.472549 0.038971 0.035294
3 0.759559 0.514379 0.036765 0.035294
3 0.758088 0.628105 0.038235 0.032680
3 0.815809 0.480392 0.019853 0.064052
3 0.837500 0.481699 0.020588 0.064052
3 0.880515 0.492810 0.021324 0.070588
3 0.901103 0.485621 0.018382 0.064052
3 0.925000 0.481046 0.019118 0.070588
3 0.976103 0.487582 0.019853 0.065359
3 0.803309 0.667320 0.019853 0.061438
3 0.828309 0.661438 0.019853 0.060131
3 0.869853 0.651634 0.019118 0.061438
4 0.916544 0.720261 0.124265 0.060131
5 0.930515 0.666667 0.009559 0.031373
10 0.895221 0.650327 0.019853 0.066667
11 0.802941 0.576471 0.033824 0.028758
11 0.850735 0.658170 0.019118 0.053595
7 0.440074 0.906536 0.008088 0.022222
7 0.366176 0.530065 0.004412 0.016993
7 0.361397 0.427451 0.008088 0.010458
7 0.363971 0.394771 0.005882 0.010458
7 0.372794 0.405882 0.005882 0.009150
7 0.368750 0.378431 0.006618 0.011765
7 0.377941 0.389542 0.005882 0.010458
7 0.373529 0.396078 0.005882 0.010458
1 0.414706 0.825490 0.008824 0.022222
7 0.359191 0.968627 0.008088 0.018301
8 0.507353 0.804575 0.002941 0.022222
8 0.513603 0.847059 0.005147 0.020915
8 0.505882 0.649673 0.005882 0.013072
8 0.437868 0.169935 0.006618 0.015686
7 0.425735 0.300654 0.002941 0.018301
7 0.432353 0.307190 0.004412 0.015686
7 0.380515 0.205229 0.005147 0.015686
7 0.500000 0.306536 0.004412 0.022222
7 0.506985 0.066013 0.006618 0.019608
7 0.374265 0.205229 0.004412 0.015686
7 0.366176 0.204575 0.004412 0.016993
7 0.420588 0.298693 0.004412 0.016993
3 0.553309 0.109804 0.031618 0.036601
8 0.501103 0.165359 0.005147 0.014379
5 0.437500 0.175163 0.007353 0.015686
5 0.500735 0.172549 0.007353 0.015686
5 0.505882 0.654248 0.007353 0.014379
5 0.513971 0.745098 0.007353 0.015686
5 0.508088 0.803268 0.007353 0.014379
5 0.513235 0.843137 0.007353 0.015686
5 0.533456 0.810458 0.006618 0.031373
2 0.513235 0.977124 0.026471 0.043137
4 0.570588 0.937255 0.039706 0.122876
6 0.201103 0.403268 0.044853 0.040523
