3 0.679412 0.760784 0.085294 0.078431
3 0.644118 0.936601 0.063235 0.124183
3 0.413235 0.935294 0.052941 0.126797
3 0.414706 0.702614 0.045588 0.111111
10 0.387132 0.495425 0.069853 0.125490
3 0.486397 0.442484 0.024265 0.053595
10 0.437868 0.427451 0.027206 0.078431
10 0.384559 0.281699 0.030882 0.071895
3 0.298897 0.329412 0.055147 0.039216
3 0.249265 0.695425 0.097059 0.067974
3 0.252574 0.765359 0.091912 0.074510
3 0.200000 0.829412 0.107353 0.092810
3 0.259191 0.913725 0.111029 0.094118
11 0.166176 0.960131 0.145588 0.077124
10 0.254044 0.628758 0.121324 0.088889
3 0.618015 0.279085 0.022794 0.032680
3 0.477574 0.156209 0.012500 0.024837
3 0.517279 0.098039 0.009559 0.020915
3 0.309559 0.380392 0.063235 0.044444
3 0.336765 0.239216 0.047059 0.033987
10 0.359926 0.408497 0.034559 0.100654
9 0.623897 0.522222 0.025735 0.066667
10 0.545956 0.235294 0.043382 0.067974
10 0.538603 0.202614 0.050735 0.052288
10 0.514706 0.173856 0.042647 0.047059
10 0.456985 0.087582 0.012500 0.026144
10 0.397794 0.175163 0.022059 0.057516
10 0.397059 0.142484 0.019118 0.047059
3 0.408088 0.112418 0.016176 0.026144
3 0.474632 0.062745 0.011029 0.018301
3 0.496691 0.051634 0.009559 0.014379
11 0.497059 0.011111 0.008824 0.016993
11 0.470956 0.026144 0.009559 0.015686
3 0.454044 0.041176 0.009559 0.016993
3 0.451471 0.025490 0.008824 0.016993
7 0.588971 0.656863 0.010294 0.050980
7 0.548529 0.486928 0.010294 0.040523
3 0.338971 0.221569 0.041176 0.030065
3 0.352941 0.192157 0.035294 0.026144
3 0.354412 0.171242 0.038235 0.023529
3 0.358824 0.161438 0.036765 0.024837
3 0.362868 0.145098 0.036029 0.026144
3 0.363971 0.136601 0.030882 0.022222
3 0.365809 0.128105 0.031618 0.020915
3 0.368382 0.119608 0.030882 0.019608
3 0.372794 0.113072 0.030882 0.016993
3 0.372426 0.105882 0.030147 0.020915
11 0.374632 0.096732 0.030147 0.020915
3 0.380515 0.094118 0.028676 0.018301
11 0.381618 0.084314 0.029412 0.024837
2 0.422794 0.075163 0.019118 0.064052
3 0.353309 0.008497 0.008088 0.011765
3 0.340441 0.049020 0.014706 0.014379
3 0.336397 0.075817 0.031618 0.018301
7 0.345221 0.080392 0.006618 0.016993
3 0.313971 0.090196 0.032353 0.015686
3 0.312500 0.083660 0.029412 0.015686
11 0.291176 0.159477 0.017647 0.044444
3 0.288603 0.135294 0.018382 0.035294
1 0.273897 0.158170 0.013971 0.013072
10 0.306618 0.052941 0.030882 0.027451
7 0.408456 0.074510 0.003676 0.018301
7 0.394118 0.073856 0.002941 0.016993
7 0.438603 0.091503 0.003676 0.020915
7 0.433456 0.092157 0.003676 0.014379
7 0.431985 0.073203 0.002206 0.018301
3 0.434926 0.054902 0.009559 0.018301
11 0.412868 0.050327 0.009559 0.022222
3 0.386029 0.055556 0.025000 0.016993
11 0.389338 0.045098 0.021324 0.016993
3 0.433824 0.012418 0.007353 0.014379
11 0.422059 0.008497 0.008824 0.016993
11 0.418750 0.014379 0.008088 0.013072
3 0.391912 0.033333 0.020588 0.014379
3 0.398529 0.013725 0.020588 0.014379
3 0.395221 0.020261 0.021324 0.009150
1 0.401471 0.373203 0.007353 0.024837
7 0.401103 0.362092 0.008088 0.033987
7 0.309559 0.432680 0.005882 0.033987
7 0.304412 0.431373 0.005882 0.036601
5 0.268015 0.466013 0.025735 0.024837
7 0.277574 0.445098 0.006618 0.037908
5 0.294485 0.430719 0.021324 0.022222
4 0.263971 0.419608 0.017647 0.054902
5 0.301103 0.282353 0.015441 0.013072
7 0.298529 0.275817 0.005882 0.020915
5 0.195221 0.518954 0.027206 0.028758
5 0.343015 0.524837 0.008088 0.040523
7 0.336397 0.514379 0.008088 0.050980
5 0.259191 0.511765 0.027206 0.030065
5 0.268750 0.501961 0.028676 0.033987
3 0.724632 0.885621 0.111029 0.095425
3 0.735294 0.067320 0.025000 0.016993
2 0.768750 0.050980 0.036029 0.052288
2 0.891544 0.102614 0.046324 0.061438
3 0.986397 0.307190 0.025735 0.041830
3 0.960662 0.305229 0.033088 0.043137
11 0.930515 0.293464 0.036029 0.053595
2 0.976838 0.084967 0.044853 0.041830
