3 0.633824 0.966013 0.019118 0.041830
3 0.594118 0.960784 0.016176 0.049673
3 0.573529 0.966013 0.016176 0.041830
3 0.586765 0.897386 0.017647 0.043137
3 0.598529 0.837908 0.014706 0.031373
3 0.575000 0.848366 0.014706 0.033987
3 0.563235 0.800000 0.013235 0.033987
3 0.566176 0.929412 0.016176 0.039216
3 0.566176 0.893464 0.016176 0.037908
3 0.557721 0.865359 0.013971 0.031373
3 0.551103 0.835948 0.013971 0.030065
3 0.546691 0.806536 0.013971 0.031373
3 0.542279 0.778431 0.013971 0.030065
3 0.528676 0.706536 0.011765 0.024837
10 0.518015 0.647059 0.019853 0.060131
3 0.549632 0.727451 0.012500 0.030065
3 0.530515 0.726797 0.012500 0.023529
3 0.537132 0.750327 0.011029 0.026144
11 0.539338 0.677124 0.011029 0.028758
3 0.529044 0.647059 0.009559 0.018301
2 0.546691 0.630719 0.016912 0.043137
10 0.509559 0.602614 0.019118 0.057516
3 0.518750 0.585621 0.008088 0.020915
3 0.529779 0.579085 0.009559 0.018301
3 0.511765 0.555556 0.007353 0.015686
11 0.497426 0.569935 0.009559 0.018301
3 0.500000 0.560784 0.007353 0.015686
3 0.495588 0.545752 0.007353 0.016993
3 0.513971 0.513072 0.007353 0.014379
3 0.496691 0.531373 0.006618 0.014379
10 0.489338 0.503922 0.013971 0.043137
3 0.502574 0.505882 0.006618 0.013072
4 0.466176 0.200654 0.045588 0.077124
4 0.459191 0.303922 0.040441 0.132026
4 0.478309 0.427451 0.027206 0.107190
2 0.497794 0.449020 0.008824 0.022222
4 0.495956 0.379085 0.008088 0.020915
3 0.509926 0.433987 0.005147 0.010458
10 0.538971 0.407843 0.011765 0.026144
3 0.531250 0.472549 0.006618 0.011765
11 0.523529 0.484967 0.007353 0.015686
11 0.545221 0.505882 0.006618 0.015686
3 0.610294 0.550980 0.008824 0.011765
3 0.572426 0.467974 0.006618 0.010458
11 0.636397 0.603922 0.009559 0.015686
3 0.653676 0.641176 0.013235 0.016993
10 0.693015 0.741176 0.037500 0.083660
11 0.755515 0.845098 0.018382 0.027451
4 0.492647 0.296732 0.010294 0.028758
