7 0.993015 0.518301 0.012500 0.066667
9 0.945956 0.447712 0.071324 0.087582
7 0.624632 0.522222 0.016912 0.064052
7 0.639706 0.508497 0.022059 0.070588
11 0.848897 0.315686 0.096324 0.124183
8 0.859191 0.415033 0.011029 0.056209
7 0.850368 0.415686 0.015441 0.060131
7 0.833456 0.394771 0.016912 0.060131
7 0.764338 0.352288 0.012500 0.056209
7 0.793382 0.359477 0.010294 0.049673
7 0.798529 0.377124 0.011765 0.053595
11 0.794118 0.431373 0.125000 0.154248
3 0.953676 0.043791 0.033824 0.048366
5 0.756250 0.015686 0.021324 0.028758
8 0.763971 0.011765 0.008824 0.023529
8 0.758456 0.013725 0.011029 0.027451
7 0.681250 0.341176 0.015441 0.052288
7 0.668750 0.331373 0.012500 0.061438
7 0.645956 0.325490 0.005147 0.036601
3 0.635294 0.364706 0.100000 0.117647
7 0.131985 0.309804 0.012500 0.054902
7 0.048897 0.013725 0.006618 0.027451
7 0.044853 0.013072 0.007353 0.026144
7 0.032353 0.011111 0.007353 0.022222
3 0.049265 0.049020 0.061765 0.056209
7 0.080147 0.039216 0.007353 0.041830
1 0.102574 0.058170 0.011029 0.040523
8 0.126471 0.061438 0.011765 0.023529
8 0.123162 0.120261 0.012500 0.023529
8 0.163971 0.132026 0.007353 0.020915
1 0.184191 0.035948 0.016912 0.030065
7 0.180147 0.032680 0.008824 0.036601
0 0.175368 0.083660 0.033088 0.039216
8 0.167279 0.070588 0.008088 0.033987
8 0.190074 0.066667 0.012500 0.018301
7 0.193382 0.018301 0.007353 0.036601
7 0.200000 0.023529 0.007353 0.039216
7 0.209559 0.024183 0.008824 0.040523
9 0.188971 0.011111 0.036765 0.022222
7 0.219118 0.023529 0.007353 0.041830
8 0.232353 0.041830 0.011765 0.018301
7 0.241176 0.103922 0.008824 0.035294
8 0.227206 0.099346 0.011765 0.023529
8 0.220588 0.110458 0.007353 0.024837
7 0.241544 0.091503 0.006618 0.033987
7 0.256618 0.103268 0.005882 0.039216
10 0.252206 0.120261 0.060294 0.062745
11 0.281618 0.043791 0.061765 0.077124
11 0.336765 0.075163 0.064706 0.061438
3 0.341912 0.201961 0.066176 0.071895
7 0.371691 0.179085 0.009559 0.047059
8 0.386765 0.098039 0.008824 0.033987
8 0.423162 0.118954 0.012500 0.026144
5 0.388971 0.160784 0.010294 0.036601
7 0.383456 0.157516 0.008088 0.035294
7 0.421691 0.172549 0.011029 0.031373
0 0.412868 0.211111 0.058088 0.087582
0 0.496691 0.252941 0.056618 0.092810
1 0.526103 0.245098 0.024265 0.037908
7 0.527574 0.236601 0.013971 0.036601
9 0.538235 0.170588 0.047059 0.048366
7 0.590809 0.194118 0.008088 0.045752
7 0.638971 0.212418 0.010294 0.050980
3 0.532353 0.054902 0.057353 0.054902
3 0.656250 0.067320 0.063971 0.050980
