3 0.279044 0.913072 0.084559 0.171242
3 0.388971 0.410458 0.035294 0.091503
3 0.562500 0.421569 0.044118 0.064052
3 0.406250 0.291503 0.025735 0.062745
3 0.415441 0.211111 0.019118 0.064052
3 0.474632 0.079085 0.015441 0.035294
3 0.475000 0.048366 0.013235 0.028758
3 0.164338 0.186275 0.058088 0.040523
3 0.173529 0.154248 0.055882 0.031373
3 0.196691 0.131373 0.044853 0.032680
3 0.236765 0.083007 0.023529 0.037908
3 0.252206 0.061438 0.017647 0.028758
3 0.777941 0.347712 0.050000 0.062745
3 0.672426 0.154902 0.018382 0.035294
3 0.639706 0.073856 0.016176 0.030065
3 0.623162 0.051634 0.018382 0.030065
3 0.590809 0.188889 0.024265 0.043137
7 0.019485 0.209804 0.006618 0.032680
7 0.107721 0.118301 0.009559 0.032680
7 0.121691 0.125490 0.006618 0.031373
5 0.084926 0.170588 0.009559 0.024837
9 0.018015 0.238562 0.033088 0.030065
4 0.176838 0.069935 0.075735 0.082353
7 0.078309 0.567320 0.013971 0.052288
7 0.093750 0.556209 0.018382 0.058824
7 0.134559 0.496732 0.013235 0.052288
7 0.149632 0.488235 0.012500 0.050980
7 0.228309 0.401961 0.009559 0.050980
7 0.237500 0.400000 0.011765 0.047059
8 0.404412 0.550980 0.014706 0.056209
1 0.404412 0.561438 0.010294 0.045752
1 0.059191 0.167320 0.009559 0.018301
8 0.245221 0.277124 0.009559 0.041830
5 0.244853 0.281046 0.007353 0.036601
5 0.229412 0.247059 0.011765 0.031373
5 0.352941 0.183660 0.005882 0.027451
8 0.353676 0.175817 0.005882 0.027451
5 0.531250 0.164706 0.006618 0.028758
8 0.531618 0.158824 0.005882 0.022222
9 0.516912 0.054902 0.007353 0.026144
8 0.516544 0.046405 0.003676 0.014379
3 0.297059 0.046405 0.035294 0.019608
5 0.227574 0.015686 0.012500 0.013072
9 0.414338 0.013072 0.008088 0.018301
8 0.414338 0.011765 0.003676 0.013072
7 0.357721 0.016340 0.002206 0.019608
8 0.741544 0.579085 0.021324 0.057516
5 0.742647 0.592157 0.013235 0.052288
7 0.773162 0.450327 0.008088 0.048366
7 0.782353 0.461438 0.008824 0.049673
7 0.780147 0.445752 0.004412 0.026144
7 0.795221 0.477778 0.009559 0.053595
7 0.793750 0.438562 0.005147 0.022222
9 0.790809 0.464052 0.043382 0.070588
8 0.840441 0.401961 0.010294 0.024837
8 0.830515 0.393464 0.008088 0.020915
7 0.820588 0.417647 0.008824 0.053595
7 0.788971 0.420261 0.007353 0.037908
7 0.784926 0.404575 0.006618 0.048366
7 0.766544 0.403268 0.009559 0.050980
7 0.759926 0.399346 0.009559 0.048366
7 0.757721 0.389542 0.005147 0.028758
9 0.740809 0.405882 0.034559 0.053595
7 0.738235 0.412418 0.011765 0.048366
8 0.705515 0.445098 0.015441 0.045752
5 0.705882 0.455556 0.010294 0.037908
10 0.656250 0.419608 0.050735 0.096732
7 0.656985 0.460131 0.011029 0.049673
7 0.672794 0.452288 0.007353 0.052288
5 0.673897 0.479085 0.027206 0.032680
7 0.639338 0.355556 0.006618 0.031373
7 0.637132 0.350980 0.006618 0.035294
9 0.623897 0.367974 0.025735 0.056209
9 0.611029 0.327451 0.019118 0.040523
3 0.596324 0.232680 0.025000 0.052288
8 0.711029 0.307843 0.010294 0.019608
7 0.691176 0.260131 0.007353 0.044444
9 0.703309 0.264052 0.016912 0.047059
1 0.733456 0.310458 0.009559 0.032680
8 0.671324 0.293464 0.008824 0.030065
5 0.668750 0.299346 0.009559 0.031373
7 0.648897 0.235294 0.006618 0.033987
7 0.655147 0.241830 0.005882 0.020915
7 0.679412 0.225490 0.004412 0.022222
7 0.672059 0.217647 0.004412 0.032680
10 0.673162 0.201307 0.025735 0.052288
8 0.634559 0.228758 0.008824 0.033987
1 0.634191 0.238562 0.009559 0.024837
5 0.634559 0.269281 0.005882 0.033987
8 0.635662 0.266013 0.006618 0.032680
7 0.597426 0.135294 0.005147 0.027451
7 0.620221 0.141176 0.005147 0.031373
7 0.598162 0.041176 0.003676 0.019608
7 0.569118 0.032026 0.004412 0.022222
7 0.589706 0.009150 0.002941 0.015686
7 0.585294 0.009804 0.001471 0.019608
7 0.580147 0.009150 0.002941 0.018301
