9 0.323529 0.823529 0.044118 0.146405
11 0.217279 0.702614 0.137500 0.152941
11 0.291544 0.567320 0.050735 0.130719
5 0.225000 0.527451 0.047059 0.048366
11 0.271691 0.467974 0.080147 0.078431
7 0.391912 0.432680 0.013235 0.047059
9 0.392279 0.451634 0.013971 0.045752
8 0.338971 0.294771 0.011765 0.040523
5 0.340074 0.304575 0.009559 0.033987
7 0.346691 0.184967 0.006618 0.035294
3 0.364706 0.177124 0.023529 0.040523
3 0.136765 0.272549 0.060294 0.056209
3 0.154779 0.283660 0.046324 0.052288
3 0.168382 0.187582 0.039706 0.043137
7 0.181985 0.201307 0.006618 0.031373
7 0.188235 0.192810 0.005882 0.030065
7 0.188235 0.200654 0.005882 0.030065
1 0.222059 0.157516 0.016176 0.022222
7 0.252941 0.130065 0.005882 0.024837
7 0.254412 0.123529 0.005882 0.024837
11 0.362500 0.131373 0.023529 0.048366
3 0.388235 0.154248 0.020588 0.036601
3 0.386765 0.114379 0.019118 0.032680
11 0.367647 0.100654 0.019118 0.033987
11 0.371691 0.079085 0.016912 0.032680
3 0.373162 0.065359 0.016912 0.026144
8 0.418382 0.096078 0.007353 0.022222
9 0.421324 0.103922 0.013235 0.016993
3 0.374632 0.052288 0.016912 0.028758
8 0.396324 0.039869 0.004412 0.016993
5 0.395956 0.045098 0.005147 0.014379
11 0.379412 0.022222 0.014706 0.023529
11 0.382353 0.007190 0.013235 0.014379
8 0.442279 0.092810 0.006618 0.026144
5 0.442279 0.096732 0.005147 0.020915
8 0.441176 0.005229 0.002941 0.010458
1 0.440441 0.007843 0.004412 0.013072
7 0.452941 0.065359 0.004412 0.026144
7 0.458824 0.066667 0.004412 0.026144
7 0.462500 0.049673 0.002941 0.020915
8 0.466544 0.012418 0.003676 0.014379
5 0.466912 0.016993 0.004412 0.013072
11 0.473897 0.043137 0.012500 0.020915
11 0.476838 0.054902 0.015441 0.026144
3 0.472059 0.069281 0.016176 0.020915
8 0.473897 0.077124 0.005147 0.023529
5 0.472794 0.084967 0.011765 0.013072
11 0.461397 0.101961 0.016912 0.028758
11 0.484191 0.094118 0.018382 0.031373
7 0.479779 0.105882 0.003676 0.020915
7 0.487868 0.107843 0.005147 0.022222
7 0.479779 0.129412 0.003676 0.028758
7 0.485662 0.130719 0.006618 0.026144
9 0.495588 0.116993 0.020588 0.019608
9 0.491544 0.135948 0.015441 0.023529
9 0.502206 0.152288 0.017647 0.024837
8 0.467279 0.196732 0.006618 0.024837
5 0.467279 0.205229 0.006618 0.026144
3 0.509926 0.056209 0.028676 0.026144
3 0.526103 0.089542 0.018382 0.032680
3 0.527941 0.122876 0.035294 0.023529
7 0.534559 0.185621 0.005882 0.028758
7 0.536765 0.252288 0.007353 0.039216
7 0.527574 0.257516 0.005147 0.036601
5 0.524265 0.248366 0.008824 0.031373
7 0.555515 0.249673 0.005147 0.033987
7 0.521324 0.355556 0.008824 0.049673
8 0.570588 0.332680 0.008824 0.043137
1 0.570588 0.344444 0.019118 0.032680
3 0.560662 0.396078 0.065441 0.078431
3 0.551838 0.477124 0.049265 0.086275
3 0.642279 0.417647 0.078676 0.064052
5 0.677574 0.465359 0.027206 0.054902
3 0.665441 0.193464 0.026471 0.036601
10 0.740809 0.167974 0.063971 0.071895
5 0.708824 0.332680 0.023529 0.024837
9 0.721691 0.362092 0.018382 0.052288
7 0.703309 0.371895 0.011029 0.037908
8 0.704044 0.377124 0.008088 0.024837
9 0.701838 0.386928 0.016912 0.047059
5 0.740074 0.416340 0.028676 0.037908
5 0.747426 0.411111 0.018382 0.035294
7 0.709926 0.448366 0.009559 0.052288
7 0.741544 0.511765 0.012500 0.061438
7 0.765441 0.500000 0.010294 0.056209
3 0.622426 0.670588 0.062500 0.122876
3 0.722059 0.696078 0.076471 0.137255
8 0.756250 0.618301 0.005147 0.036601
7 0.758456 0.633987 0.013971 0.065359
5 0.777574 0.832680 0.050735 0.057516
8 0.613603 0.853595 0.025735 0.073203
5 0.613971 0.867974 0.020588 0.088889
7 0.837500 0.739869 0.014706 0.067974
7 0.832721 0.621569 0.024265 0.066667
7 0.848529 0.638562 0.023529 0.064052
1 0.865441 0.573203 0.033824 0.048366
5 0.056618 0.920261 0.025000 0.094118
