3 0.287132 0.908497 0.078676 0.180392
3 0.427206 0.147712 0.027941 0.062745
3 0.472059 0.047712 0.026471 0.035294
11 0.523529 0.130719 0.022059 0.057516
10 0.665809 0.445752 0.068382 0.146405
10 0.877574 0.469935 0.122794 0.181699
7 0.897426 0.606536 0.022794 0.075817
7 0.837132 0.491503 0.021324 0.065359
7 0.727206 0.077124 0.010294 0.033987
7 0.753676 0.024837 0.010294 0.033987
8 0.806985 0.596078 0.018382 0.052288
5 0.807721 0.609804 0.018382 0.066667
10 0.690441 0.176471 0.044118 0.057516
3 0.496691 0.013072 0.019853 0.026144
8 0.645588 0.149673 0.008824 0.024837
8 0.646324 0.158824 0.007353 0.022222
5 0.644118 0.160131 0.013235 0.030065
3 0.181250 0.345752 0.050735 0.092810
11 0.031250 0.349673 0.062500 0.071895
3 0.040809 0.318301 0.081618 0.048366
3 0.058456 0.280392 0.087500 0.058824
3 0.072426 0.245098 0.093382 0.056209
3 0.086397 0.218954 0.081618 0.048366
3 0.112500 0.184967 0.082353 0.053595
5 0.193015 0.181699 0.028676 0.033987
7 0.062868 0.173856 0.012500 0.044444
7 0.080515 0.178431 0.006618 0.022222
7 0.079779 0.165359 0.011029 0.030065
11 0.047426 0.104575 0.056618 0.049673
3 0.203676 0.121569 0.051471 0.041830
3 0.273897 0.042484 0.024265 0.043137
3 0.153309 0.101961 0.061029 0.044444
3 0.161029 0.080392 0.061765 0.045752
3 0.183088 0.045098 0.044118 0.035294
3 0.123897 0.013072 0.053676 0.026144
5 0.072059 0.072549 0.025000 0.024837
3 0.304044 0.007843 0.031618 0.015686
7 0.901103 0.937908 0.025735 0.084967
