4 0.580729 0.572222 0.101042 0.038889
4 0.512240 0.625000 0.015104 0.044444
7 0.287500 0.862037 0.017708 0.118519
7 0.306771 0.808796 0.023958 0.104630
7 0.383333 0.686111 0.012500 0.059259
7 0.352865 0.761111 0.014063 0.083333
5 0.492448 0.607870 0.008854 0.026852
3 0.642708 0.613889 0.019792 0.046296
3 0.475260 0.927315 0.103646 0.143519
3 0.430990 0.666667 0.082812 0.055556
5 0.443750 0.643519 0.023958 0.022222
8 0.444271 0.635648 0.010417 0.026852
1 0.442448 0.723148 0.013021 0.050000
1 0.430208 0.705093 0.031250 0.045370
3 0.491667 0.822685 0.073958 0.112037
1 0.483854 0.717593 0.030208 0.048148
8 0.483594 0.702778 0.016146 0.057407
9 0.484375 0.658796 0.037500 0.041667
8 0.480208 0.649537 0.015625 0.045370
8 0.759896 0.952315 0.032292 0.093519
5 0.682292 0.936574 0.035417 0.115741
8 0.681250 0.919444 0.032292 0.112963
3 0.596094 0.834722 0.064062 0.112037
1 0.550781 0.618519 0.006771 0.027778
8 0.551042 0.610648 0.007292 0.036111
1 0.535417 0.640741 0.008333 0.029630
8 0.536719 0.633333 0.008854 0.053704
3 0.564063 0.666667 0.086458 0.048148
3 0.572917 0.687963 0.094792 0.061111
5 0.581250 0.731019 0.015625 0.054630
8 0.579948 0.726389 0.014063 0.050926
8 0.581250 0.718056 0.023958 0.071296
3 0.693490 0.681481 0.090104 0.055556
3 0.758854 0.709722 0.091667 0.049074
5 0.632292 0.751389 0.025000 0.056481
8 0.630469 0.738426 0.027604 0.071296
7 0.681510 0.722685 0.018229 0.076852
1 0.642969 0.773148 0.019271 0.057407
8 0.644531 0.760648 0.013021 0.071296
1 0.648438 0.805556 0.019792 0.072222
7 0.721875 0.737500 0.027083 0.086111
1 0.723177 0.768519 0.020313 0.061111
8 0.720573 0.755556 0.019271 0.079630
1 0.692448 0.771296 0.017188 0.059259
8 0.690625 0.761574 0.019792 0.084259
1 0.697135 0.832870 0.019271 0.075000
8 0.696875 0.807407 0.019792 0.085185
7 0.646354 0.788889 0.028125 0.092593
11 0.387240 0.635648 0.057813 0.056481
