7 0.714706 0.790196 0.010294 0.061438
7 0.793750 0.869281 0.015441 0.060131
7 0.749632 0.849020 0.019853 0.058824
7 0.777574 0.858170 0.011029 0.053595
2 0.351838 0.811765 0.112500 0.282353
3 0.448897 0.828105 0.043382 0.137255
3 0.528309 0.759477 0.038971 0.104575
3 0.408824 0.552941 0.030882 0.078431
3 0.472794 0.601961 0.033824 0.092810
3 0.608824 0.678431 0.042647 0.081046
11 0.525368 0.602614 0.033088 0.078431
3 0.563971 0.586275 0.030882 0.074510
3 0.582353 0.500000 0.027941 0.058824
3 0.536029 0.453595 0.025000 0.052288
3 0.567279 0.389542 0.021324 0.041830
3 0.464706 0.480392 0.027941 0.071895
3 0.430515 0.408497 0.024265 0.053595
3 0.441176 0.293464 0.020588 0.043137
3 0.564706 0.248366 0.017647 0.031373
3 0.483456 0.184314 0.015441 0.033987
3 0.483824 0.240523 0.016176 0.033987
3 0.458824 0.184967 0.016176 0.035294
3 0.488235 0.152941 0.013235 0.023529
3 0.513235 0.135294 0.011765 0.022222
3 0.529412 0.120261 0.011765 0.020915
3 0.512132 0.112418 0.012500 0.018301
3 0.545221 0.095425 0.009559 0.018301
3 0.525735 0.100000 0.011765 0.016993
3 0.508088 0.073203 0.010294 0.015686
3 0.510294 0.092157 0.010294 0.016993
3 0.492647 0.060131 0.010294 0.015686
3 0.512132 0.034641 0.009559 0.011765
3 0.518382 0.047712 0.008824 0.014379
3 0.484191 0.016993 0.008088 0.013072
3 0.488235 0.033987 0.008824 0.015686
3 0.509191 0.058170 0.009559 0.016993
3 0.522059 0.072549 0.010294 0.014379
3 0.533456 0.064052 0.009559 0.015686
3 0.538603 0.078431 0.009559 0.018301
3 0.515809 0.157516 0.013971 0.022222
3 0.540809 0.262092 0.019853 0.032680
3 0.547059 0.307843 0.022059 0.037908
3 0.855882 0.176471 0.025000 0.023529
3 0.873529 0.175163 0.023529 0.020915
3 0.822426 0.176471 0.021324 0.023529
3 0.840441 0.176471 0.019118 0.026144
3 0.804044 0.177124 0.025735 0.022222
3 0.841544 0.139216 0.021324 0.024837
3 0.827206 0.141830 0.019118 0.022222
4 0.787868 0.141176 0.033088 0.026144
3 0.863603 0.141176 0.021324 0.020915
3 0.881618 0.140523 0.019118 0.019608
3 0.901471 0.135948 0.026471 0.026144
3 0.926471 0.154248 0.030882 0.020915
3 0.924632 0.162092 0.031618 0.023529
3 0.827574 0.101961 0.015441 0.020915
3 0.840074 0.101961 0.015441 0.020915
3 0.813235 0.101961 0.016176 0.020915
3 0.799265 0.100000 0.019118 0.022222
3 0.786765 0.101307 0.016176 0.022222
3 0.779044 0.113072 0.030147 0.019608
3 0.880882 0.123529 0.017647 0.011765
3 0.868015 0.126144 0.019853 0.016993
3 0.853676 0.126797 0.017647 0.018301
3 0.836765 0.126144 0.020588 0.016993
3 0.822059 0.125490 0.019118 0.013072
4 0.786765 0.050980 0.155882 0.054902
4 0.877574 0.094118 0.038971 0.023529
4 0.918015 0.105882 0.037500 0.015686
4 0.959191 0.133987 0.027206 0.019608
4 0.931985 0.126144 0.024265 0.016993
4 0.804412 0.083660 0.050000 0.005229
3 0.729779 0.091503 0.019853 0.013072
4 0.760662 0.092157 0.030147 0.011765
11 0.650368 0.034641 0.012500 0.016993
3 0.649265 0.006536 0.007353 0.010458
3 0.658456 0.007190 0.009559 0.011765
3 0.698162 0.006536 0.011029 0.013072
3 0.714706 0.005882 0.011765 0.011765
3 0.725368 0.005882 0.009559 0.011765
3 0.734191 0.007190 0.008088 0.011765
3 0.743750 0.007190 0.009559 0.011765
3 0.754044 0.007190 0.009559 0.011765
3 0.693015 0.048366 0.015441 0.015686
3 0.625368 0.858824 0.059559 0.117647
11 0.467647 0.304575 0.019118 0.054902
11 0.496324 0.043791 0.008824 0.022222
11 0.496691 0.010458 0.008088 0.018301
11 0.549632 0.124183 0.011029 0.026144
11 0.542647 0.340523 0.020588 0.045752
11 0.455147 0.241176 0.017647 0.045752
3 0.483088 0.005882 0.007353 0.011765
3 0.471324 0.032680 0.010294 0.015686
3 0.468750 0.045098 0.009559 0.011765
3 0.529412 0.020261 0.019118 0.011765
3 0.512868 0.024837 0.009559 0.013072
3 0.520588 0.014379 0.019118 0.013072
3 0.514338 0.005229 0.009559 0.010458
3 0.502206 0.004575 0.005882 0.009150
2 0.534559 0.043137 0.013235 0.036601
10 0.474265 0.092810 0.023529 0.057516
10 0.460662 0.134641 0.019853 0.054902
10 0.521691 0.200000 0.027206 0.073203
10 0.512500 0.301961 0.032353 0.151634
10 0.475735 0.352288 0.030882 0.100654
3 0.532721 0.959477 0.046324 0.078431
10 0.322059 0.107843 0.017647 0.048366
7 0.316544 0.140523 0.003676 0.022222
3 0.051471 0.143137 0.039706 0.027451
3 0.033824 0.183660 0.025000 0.030065
3 0.060662 0.231373 0.030147 0.036601
3 0.100368 0.224183 0.030147 0.037908
3 0.134191 0.222876 0.028676 0.035294
3 0.159191 0.222222 0.024265 0.036601
3 0.184191 0.226797 0.030147 0.037908
10 0.152206 0.156863 0.051471 0.039216
3 0.009559 0.184967 0.019118 0.030065
3 0.006618 0.225490 0.013235 0.030065
3 0.243382 0.155556 0.017647 0.026144
8 0.438971 0.192810 0.002941 0.022222
1 0.438235 0.200000 0.002941 0.015686
7 0.422059 0.142484 0.002941 0.020915
4 0.437500 0.136601 0.013235 0.016993
7 0.566176 0.140523 0.002941 0.019608
8 0.540441 0.124837 0.004412 0.016993
8 0.518382 0.081699 0.002941 0.014379
8 0.526103 0.079739 0.003676 0.013072
5 0.540441 0.130065 0.004412 0.014379
5 0.517647 0.086275 0.002941 0.010458
5 0.525368 0.083660 0.003676 0.010458
5 0.524632 0.058170 0.002206 0.009150
5 0.525000 0.038562 0.002941 0.009150
8 0.525000 0.033333 0.001471 0.009150
8 0.524265 0.055556 0.002941 0.011765
7 0.476838 0.028105 0.002206 0.014379
