7 0.725000 0.942593 0.033333 0.055556
7 0.620833 0.787037 0.022917 0.048148
7 0.851562 0.709259 0.036458 0.059259
7 0.861458 0.603704 0.033333 0.051852
7 0.738021 0.708333 0.030208 0.050000
7 0.758854 0.485185 0.026042 0.070370
7 0.764062 0.371296 0.026042 0.053704
7 0.440104 0.949074 0.026042 0.057407
7 0.470833 0.873148 0.018750 0.046296
7 0.493229 0.757407 0.019792 0.062963
7 0.530208 0.585185 0.018750 0.062963
7 0.648958 0.559259 0.018750 0.059259
7 0.553646 0.458333 0.015625 0.064815
7 0.671354 0.446296 0.019792 0.059259
7 0.628646 0.349074 0.019792 0.064815
7 0.532292 0.317593 0.014583 0.057407
7 0.648958 0.238889 0.016667 0.062963
7 0.323958 0.037037 0.018750 0.059259
7 0.175000 0.190741 0.018750 0.044444
7 0.203646 0.211111 0.021875 0.062963
7 0.109896 0.650926 0.017708 0.038889
7 0.315104 0.268519 0.023958 0.077778
7 0.331250 0.268519 0.022917 0.059259
7 0.744792 0.085185 0.018750 0.070370
7 0.921875 0.091667 0.027083 0.068519
7 0.935937 0.090741 0.023958 0.066667
7 0.708333 0.187037 0.012500 0.051852
7 0.727083 0.197222 0.016667 0.068519
7 0.722917 0.176852 0.014583 0.068519
7 0.447396 0.196296 0.013542 0.044444
7 0.386979 0.205556 0.015625 0.059259
7 0.364063 0.197222 0.013542 0.057407
7 0.443750 0.255556 0.014583 0.062963
4 0.751042 0.024074 0.129167 0.048148
7 0.834375 0.068519 0.014583 0.059259
7 0.833854 0.087963 0.021875 0.064815
7 0.429167 0.241667 0.012500 0.064815
7 0.111979 0.604630 0.036458 0.050000
