11 0.173958 0.968981 0.080208 0.060185
11 0.308854 0.961574 0.059375 0.075000
3 0.395052 0.969907 0.055729 0.058333
11 0.220312 0.580556 0.069792 0.075926
3 0.174479 0.437500 0.055208 0.036111
3 0.436979 0.485648 0.053125 0.047222
3 0.601823 0.852315 0.049479 0.117593
11 0.653385 0.400463 0.039062 0.043519
3 0.362500 0.370833 0.038542 0.030556
3 0.395313 0.331944 0.027083 0.025000
11 0.563281 0.290741 0.026562 0.029630
10 0.430729 0.271759 0.019792 0.045370
2 0.483333 0.234259 0.016667 0.033333
8 0.499219 0.223148 0.002604 0.009259
9 0.499479 0.226389 0.005208 0.012037
11 0.457031 0.198148 0.008854 0.016667
11 0.480469 0.194907 0.008854 0.013889
3 0.505208 0.191204 0.008333 0.012037
3 0.477604 0.162963 0.007292 0.009259
3 0.460677 0.170370 0.006771 0.009259
3 0.438542 0.197685 0.009375 0.012037
11 0.464844 0.140741 0.004687 0.011111
11 0.458073 0.124074 0.004687 0.007407
11 0.476042 0.133333 0.005208 0.007407
3 0.477083 0.103704 0.003125 0.005556
3 0.472396 0.093981 0.003125 0.004630
3 0.464583 0.081481 0.002083 0.003704
11 0.474219 0.086111 0.002604 0.003704
11 0.485938 0.095833 0.003125 0.004630
11 0.475781 0.080556 0.001563 0.003704
4 0.459635 0.062037 0.046354 0.027778
8 0.188281 0.292593 0.003646 0.014815
8 0.189323 0.293519 0.005729 0.018519
5 0.188021 0.300000 0.005208 0.014815
3 0.224479 0.298611 0.023958 0.025000
11 0.242448 0.277778 0.017188 0.022222
3 0.255469 0.295370 0.020313 0.024074
11 0.270573 0.314352 0.021354 0.030556
3 0.257552 0.262963 0.017188 0.020370
3 0.267969 0.279167 0.019271 0.023148
3 0.278646 0.264815 0.016667 0.020370
11 0.294531 0.280093 0.017188 0.032407
3 0.314844 0.295833 0.017188 0.025000
3 0.300781 0.272222 0.015104 0.020370
11 0.324740 0.277778 0.017188 0.025926
11 0.329167 0.265741 0.016667 0.025926
11 0.267969 0.248611 0.015104 0.026852
8 0.247656 0.230556 0.003646 0.014815
5 0.246875 0.233333 0.003125 0.012963
8 0.265365 0.218519 0.003646 0.009259
9 0.265625 0.222685 0.005208 0.012037
3 0.282292 0.236574 0.013542 0.019444
11 0.292448 0.247222 0.017188 0.031481
3 0.289323 0.229630 0.015104 0.018519
3 0.301823 0.241204 0.013021 0.017593
11 0.307552 0.258796 0.016146 0.023148
11 0.315365 0.247222 0.014063 0.025926
3 0.337760 0.255556 0.015104 0.020370
3 0.323437 0.241204 0.013542 0.017593
3 0.341927 0.245370 0.013021 0.018519
11 0.346354 0.234259 0.012500 0.022222
3 0.298698 0.219444 0.013021 0.016667
11 0.308594 0.228704 0.013021 0.022222
3 0.315104 0.223148 0.012500 0.016667
3 0.296615 0.203704 0.011979 0.016667
3 0.305990 0.213426 0.013021 0.019444
3 0.313021 0.204630 0.011458 0.014815
11 0.322917 0.212963 0.011458 0.022222
3 0.329688 0.229167 0.012500 0.017593
3 0.335938 0.221296 0.012500 0.016667
3 0.340104 0.212963 0.011458 0.014815
3 0.331510 0.202315 0.010937 0.015741
3 0.357031 0.229630 0.011979 0.016667
3 0.317708 0.181019 0.009375 0.012037
3 0.360156 0.221759 0.011979 0.015741
11 0.363281 0.213426 0.010937 0.015741
3 0.347396 0.206944 0.009375 0.013889
3 0.337240 0.195833 0.010937 0.013889
3 0.320573 0.195370 0.009896 0.011111
3 0.326562 0.189352 0.010417 0.012037
3 0.331510 0.183333 0.009896 0.012963
11 0.341667 0.186574 0.009375 0.017593
3 0.339062 0.178241 0.008333 0.012037
3 0.337760 0.172685 0.008854 0.013889
11 0.348177 0.180093 0.008854 0.015741
3 0.351823 0.199537 0.008854 0.013889
11 0.369792 0.204630 0.011458 0.016667
3 0.357292 0.194444 0.009375 0.012963
3 0.359635 0.187037 0.009896 0.011111
3 0.372396 0.199074 0.009375 0.014815
11 0.377083 0.192130 0.009375 0.015741
11 0.376042 0.185185 0.007292 0.014815
3 0.365625 0.180093 0.008333 0.012037
11 0.381771 0.186111 0.009375 0.016667
3 0.369010 0.175463 0.007812 0.012037
3 0.352344 0.177315 0.009896 0.012037
3 0.344010 0.167593 0.007812 0.009259
11 0.350781 0.164352 0.007812 0.012037
3 0.354948 0.157870 0.007812 0.010185
3 0.358594 0.173148 0.007812 0.011111
11 0.360677 0.165278 0.006771 0.013889
11 0.364323 0.161574 0.006771 0.013889
3 0.354687 0.146296 0.006250 0.009259
3 0.372917 0.168056 0.007292 0.015741
11 0.376823 0.162963 0.006771 0.014815
3 0.360677 0.152778 0.007812 0.011111
3 0.361458 0.139815 0.006250 0.009259
11 0.364583 0.147222 0.006250 0.012963
3 0.385156 0.178704 0.007812 0.009259
3 0.388281 0.174074 0.006771 0.011111
3 0.390625 0.170370 0.007292 0.011111
3 0.394010 0.166204 0.007812 0.010185
11 0.394010 0.161574 0.006771 0.010185
3 0.398177 0.158796 0.007812 0.010185
3 0.400260 0.155556 0.006771 0.011111
3 0.403385 0.150926 0.006771 0.009259
3 0.405729 0.145833 0.006250 0.010185
3 0.402604 0.139352 0.006250 0.008333
3 0.409896 0.141204 0.005208 0.008333
3 0.410677 0.137037 0.007812 0.011111
11 0.413542 0.128704 0.006250 0.012963
3 0.381250 0.160185 0.007292 0.011111
3 0.383594 0.157407 0.006771 0.009259
3 0.385937 0.152315 0.007292 0.010185
11 0.388281 0.148611 0.006771 0.010185
11 0.391406 0.145370 0.006771 0.009259
11 0.393229 0.142593 0.005208 0.009259
11 0.396875 0.134722 0.006250 0.012037
3 0.371354 0.156019 0.006250 0.008333
3 0.373177 0.151389 0.006771 0.008333
11 0.377083 0.145833 0.007292 0.010185
11 0.381250 0.145370 0.006250 0.009259
11 0.384375 0.142593 0.005208 0.009259
3 0.369531 0.143981 0.005729 0.008333
3 0.372135 0.140741 0.006771 0.007407
3 0.376563 0.136111 0.006250 0.009259
3 0.374219 0.129167 0.005729 0.008333
3 0.667188 0.308333 0.034375 0.022222
11 0.703125 0.357407 0.033333 0.027778
11 0.732292 0.362037 0.042708 0.033333
11 0.739844 0.374074 0.049479 0.037037
11 0.761198 0.352778 0.034896 0.029630
11 0.790104 0.362500 0.042708 0.028704
11 0.794010 0.375000 0.034896 0.025926
3 0.801562 0.389352 0.044792 0.026852
11 0.807031 0.348611 0.043229 0.030556
11 0.843490 0.373148 0.046354 0.027778
11 0.864323 0.334722 0.039062 0.026852
3 0.866406 0.348611 0.041146 0.026852
11 0.861458 0.356944 0.041667 0.028704
2 0.912240 0.365741 0.082812 0.057407
11 0.948177 0.362037 0.038021 0.029630
3 0.962760 0.350463 0.038021 0.025000
