3 0.221324 0.152941 0.014706 0.020915
7 0.250000 0.155556 0.004412 0.020915
3 0.238235 0.086928 0.022059 0.014379
10 0.075368 0.073203 0.033088 0.028758
10 0.113603 0.074510 0.031618 0.026144
10 0.158088 0.081046 0.032353 0.018301
10 0.258456 0.058824 0.027206 0.020915
3 0.197059 0.087582 0.023529 0.015686
4 0.431985 0.115033 0.015441 0.020915
10 0.397059 0.100000 0.044118 0.037908
7 0.388603 0.111111 0.002206 0.015686
4 0.485294 0.063399 0.007353 0.027451
4 0.778309 0.037255 0.186029 0.071895
4 0.899265 0.067320 0.052941 0.048366
4 0.866912 0.101307 0.061765 0.053595
5 0.667279 0.914379 0.019853 0.079739
8 0.667279 0.898039 0.016912 0.052288
3 0.725735 0.652288 0.044118 0.086275
3 0.685294 0.495425 0.036765 0.067974
3 0.787500 0.514379 0.042647 0.058824
3 0.640809 0.273856 0.024265 0.030065
3 0.601103 0.160131 0.013971 0.019608
10 0.636029 0.503922 0.051471 0.126797
10 0.588603 0.319608 0.034559 0.082353
11 0.545221 0.288235 0.018382 0.048366
1 0.900368 0.582353 0.015441 0.035294
8 0.902941 0.571242 0.011765 0.031373
1 0.913603 0.583660 0.013971 0.037908
8 0.916176 0.573856 0.010294 0.039216
11 0.635294 0.188889 0.017647 0.030065
10 0.555147 0.188235 0.017647 0.031373
3 0.591176 0.111111 0.011765 0.015686
11 0.586029 0.068627 0.008824 0.014379
3 0.549632 0.076471 0.009559 0.014379
11 0.547794 0.084314 0.014706 0.019608
3 0.546324 0.057516 0.008824 0.010458
3 0.539706 0.045752 0.007353 0.013072
3 0.545956 0.021569 0.005147 0.009150
3 0.525735 0.008497 0.005882 0.006536
3 0.497426 0.006536 0.005147 0.007843
4 0.486397 0.010458 0.012500 0.018301
11 0.822426 0.118954 0.022794 0.020915
10 0.781250 0.105882 0.050735 0.044444
9 0.779412 0.143791 0.017647 0.010458
8 0.782353 0.140523 0.002941 0.009150
8 0.777206 0.139869 0.004412 0.013072
3 0.932353 0.133333 0.025000 0.015686
3 0.918015 0.127451 0.019853 0.016993
3 0.911397 0.120915 0.018382 0.016993
11 0.832721 0.090850 0.018382 0.016993
3 0.823162 0.085621 0.019853 0.014379
3 0.936397 0.098039 0.018382 0.013072
3 0.944853 0.101961 0.014706 0.013072
3 0.953309 0.105882 0.016912 0.013072
3 0.962868 0.109804 0.019853 0.015686
11 0.982353 0.114379 0.022059 0.019608
3 0.987500 0.122222 0.014706 0.014379
3 0.989338 0.125490 0.012500 0.013072
