4 0.419271 0.096296 0.117708 0.111111
4 0.903125 0.297222 0.183333 0.168519
3 0.432292 0.161111 0.008333 0.011111
3 0.407292 0.180556 0.008333 0.016667
10 0.386979 0.320370 0.023958 0.085185
10 0.445312 0.337963 0.026042 0.090741
3 0.456250 0.174074 0.006250 0.011111
3 0.458333 0.178704 0.006250 0.009259
3 0.459375 0.189815 0.006250 0.012963
0 0.465104 0.200000 0.007292 0.011111
10 0.470313 0.325926 0.015625 0.033333
11 0.506250 0.343519 0.018750 0.031481
10 0.520312 0.375000 0.019792 0.031481
3 0.529687 0.407407 0.019792 0.029630
3 0.539583 0.442593 0.025000 0.040741
3 0.552604 0.475926 0.023958 0.040741
3 0.564583 0.518519 0.027083 0.048148
3 0.582812 0.576852 0.030208 0.050000
3 0.619792 0.685185 0.039583 0.074074
3 0.653646 0.797222 0.051042 0.090741
3 0.696354 0.908333 0.059375 0.112963
3 0.572396 0.843519 0.046875 0.105556
9 0.518750 0.543519 0.020833 0.050000
3 0.471875 0.602778 0.027083 0.061111
3 0.389062 0.609259 0.028125 0.062963
3 0.139583 0.933333 0.062500 0.111111
8 0.157292 0.630556 0.012500 0.027778
5 0.158333 0.646296 0.012500 0.033333
4 0.445833 0.176852 0.004167 0.012963
4 0.452604 0.193519 0.003125 0.009259
4 0.488021 0.299074 0.005208 0.016667
4 0.357812 0.284259 0.005208 0.016667
4 0.288021 0.301852 0.005208 0.018519
11 0.258333 0.549074 0.050000 0.053704
