3 0.120956 0.801961 0.113971 0.071895
3 0.107353 0.878431 0.100000 0.065359
3 0.237132 0.854902 0.103676 0.083660
3 0.237868 0.794118 0.096324 0.069281
7 0.260294 0.872549 0.011765 0.056209
7 0.334559 0.783660 0.010294 0.058824
3 0.312868 0.709804 0.036029 0.094118
3 0.327206 0.646405 0.077941 0.064052
3 0.324632 0.601307 0.044853 0.054902
3 0.339338 0.549673 0.047794 0.050980
3 0.349265 0.503268 0.035294 0.057516
3 0.348897 0.464052 0.049265 0.041830
1 0.394485 0.541830 0.008088 0.032680
8 0.393382 0.530719 0.007353 0.033987
3 0.488235 0.698693 0.038235 0.071895
9 0.354044 0.443137 0.033088 0.026144
3 0.355882 0.428758 0.048529 0.036601
3 0.356618 0.413072 0.048529 0.039216
3 0.365074 0.383660 0.044853 0.035294
3 0.371324 0.361438 0.044118 0.027451
9 0.371324 0.349020 0.026471 0.023529
10 0.372059 0.329412 0.045588 0.028758
11 0.370221 0.314379 0.034559 0.027451
3 0.373529 0.309804 0.036765 0.023529
3 0.378309 0.300000 0.034559 0.022222
3 0.372794 0.287582 0.016176 0.020915
3 0.385294 0.271895 0.014706 0.026144
3 0.376838 0.258170 0.016912 0.022222
3 0.351838 0.254902 0.012500 0.023529
3 0.320956 0.254902 0.013971 0.028758
3 0.336029 0.269281 0.025000 0.026144
5 0.265441 0.479739 0.022059 0.020915
7 0.326838 0.347059 0.005147 0.024837
11 0.317279 0.215033 0.013971 0.022222
3 0.304412 0.209804 0.011765 0.019608
3 0.369118 0.243137 0.030882 0.023529
3 0.375000 0.211111 0.017647 0.016993
3 0.373897 0.186928 0.019853 0.015686
3 0.323529 0.205229 0.013235 0.020915
3 0.352574 0.235948 0.021324 0.016993
3 0.359926 0.230719 0.024265 0.014379
3 0.359191 0.220915 0.021324 0.018301
4 0.420221 0.181699 0.063971 0.026144
3 0.462868 0.184314 0.016912 0.018301
3 0.483456 0.184314 0.016912 0.015686
3 0.520956 0.199346 0.022794 0.014379
5 0.456250 0.205882 0.008088 0.006536
8 0.455882 0.200000 0.004412 0.013072
4 0.506985 0.184314 0.027206 0.026144
5 0.411765 0.384314 0.005882 0.023529
8 0.411397 0.375163 0.005147 0.023529
7 0.380882 0.469935 0.005882 0.035294
7 0.380882 0.456209 0.007353 0.031373
7 0.468015 0.464052 0.006618 0.031373
11 0.476838 0.477778 0.019853 0.048366
3 0.497426 0.211765 0.013971 0.018301
3 0.513603 0.211765 0.012500 0.020915
3 0.502574 0.232026 0.013971 0.022222
3 0.475000 0.215686 0.011765 0.015686
3 0.476838 0.228758 0.012500 0.018301
3 0.478676 0.242484 0.010294 0.016993
3 0.481985 0.255556 0.013971 0.019608
3 0.484191 0.269935 0.015441 0.019608
3 0.495221 0.280392 0.025735 0.022222
3 0.480515 0.296732 0.030147 0.020915
3 0.485662 0.304575 0.033088 0.020915
3 0.486397 0.320261 0.036029 0.020915
5 0.437132 0.240523 0.003676 0.013072
8 0.436765 0.235294 0.004412 0.015686
8 0.519853 0.295425 0.004412 0.015686
5 0.520588 0.266013 0.013235 0.016993
7 0.530882 0.284967 0.004412 0.020915
7 0.528309 0.373203 0.005147 0.027451
7 0.541912 0.339869 0.004412 0.026144
8 0.549632 0.334641 0.006618 0.018301
3 0.605882 0.937255 0.105882 0.086275
3 0.638603 0.850980 0.090441 0.096732
3 0.617279 0.791503 0.096324 0.074510
3 0.626838 0.708497 0.087500 0.062745
3 0.595956 0.675163 0.072794 0.058824
3 0.587868 0.637908 0.074265 0.049673
3 0.604044 0.603268 0.069853 0.048366
3 0.545221 0.588889 0.065441 0.050980
3 0.532353 0.556863 0.055882 0.047059
3 0.531250 0.526144 0.052206 0.043137
3 0.525368 0.498693 0.047794 0.045752
3 0.520956 0.469935 0.040441 0.035294
3 0.508824 0.452288 0.048529 0.036601
3 0.522426 0.430065 0.053676 0.033987
11 0.501838 0.404575 0.044853 0.043137
5 0.565074 0.424183 0.016912 0.019608
7 0.568015 0.473856 0.005147 0.024837
8 0.569485 0.492810 0.009559 0.026144
9 0.576103 0.466667 0.034559 0.033987
1 0.591912 0.478431 0.019118 0.028758
5 0.603309 0.519608 0.019853 0.019608
5 0.600368 0.509150 0.016912 0.027451
1 0.705515 0.817647 0.031618 0.040523
5 0.701103 0.792810 0.033088 0.030065
3 0.523162 0.400000 0.031618 0.028758
3 0.502206 0.376471 0.039706 0.026144
3 0.495221 0.364706 0.037500 0.028758
3 0.488603 0.350327 0.034559 0.026144
3 0.489338 0.332680 0.036029 0.019608
