3 0.051103 0.496732 0.071324 0.091503
3 0.558088 0.846405 0.075000 0.145098
3 0.396691 0.277124 0.033088 0.062745
3 0.438971 0.288889 0.044118 0.052288
3 0.672794 0.814379 0.063235 0.115033
11 0.040809 0.143137 0.025735 0.019608
10 0.015809 0.120261 0.021324 0.039216
10 0.108088 0.067974 0.067647 0.033987
3 0.043015 0.050980 0.016912 0.010458
3 0.029044 0.054902 0.013971 0.013072
11 0.095221 0.049020 0.021324 0.014379
3 0.141176 0.055556 0.016176 0.016993
3 0.321324 0.052941 0.019118 0.016993
2 0.545956 0.105882 0.025735 0.028758
3 0.594485 0.109150 0.011029 0.016993
3 0.636029 0.132680 0.013235 0.019608
3 0.618382 0.098039 0.016176 0.023529
4 0.687132 0.030065 0.122794 0.047059
11 0.738603 0.118301 0.013971 0.040523
7 0.668382 0.381699 0.010294 0.036601
7 0.676471 0.373856 0.010294 0.041830
3 0.872794 0.966667 0.126471 0.064052
