8 0.242188 0.637037 0.019792 0.051852
8 0.271875 0.625000 0.014583 0.046296
7 0.272917 0.627778 0.006250 0.040741
7 0.356250 0.463889 0.010417 0.046296
7 0.487500 0.485185 0.010417 0.059259
7 0.502083 0.503704 0.012500 0.059259
7 0.518229 0.482407 0.009375 0.057407
7 0.527083 0.488889 0.008333 0.051852
7 0.536458 0.477778 0.010417 0.051852
7 0.546354 0.489815 0.009375 0.050000
7 0.841146 0.417593 0.009375 0.031481
7 0.848437 0.419444 0.009375 0.035185
7 0.979167 0.422222 0.008333 0.033333
3 0.911979 0.387037 0.036458 0.029630
11 0.945312 0.385185 0.038542 0.037037
3 0.982292 0.388889 0.033333 0.025926
11 0.985417 0.375926 0.027083 0.029630
