3 0.180515 0.705229 0.105147 0.202614
3 0.136029 0.305882 0.064706 0.104575
3 0.279044 0.304575 0.063971 0.099346
3 0.361765 0.268627 0.052941 0.092810
3 0.412868 0.369281 0.056618 0.108497
3 0.113235 0.090196 0.058824 0.073203
11 0.431250 0.205229 0.052206 0.104575
3 0.591544 0.157516 0.040441 0.082353
3 0.616912 0.413725 0.058824 0.155556
7 0.603309 0.671895 0.019853 0.083660
9 0.639706 0.698039 0.050000 0.177778
4 0.763971 0.147059 0.226471 0.286275
3 0.766544 0.745098 0.165441 0.138562
3 0.809926 0.920915 0.174265 0.145098
1 0.790441 0.839216 0.069118 0.062745
3 0.935294 0.654248 0.033824 0.092810
