8 0.586765 0.661438 0.013235 0.057516
8 0.579412 0.728758 0.016176 0.058824
5 0.580882 0.738562 0.033824 0.039216
5 0.585294 0.677124 0.020588 0.047059
3 0.621691 0.462092 0.031618 0.071895
10 0.522426 0.605882 0.041912 0.160784
11 0.398162 0.458170 0.024265 0.095425
8 0.238971 0.600654 0.019118 0.037908
3 0.233456 0.437255 0.077206 0.066667
3 0.272426 0.295425 0.059559 0.060131
3 0.266544 0.137908 0.028676 0.043137
3 0.214338 0.070588 0.034559 0.031373
7 0.209926 0.218301 0.009559 0.039216
8 0.191912 0.231373 0.011765 0.036601
5 0.190441 0.244444 0.011765 0.033987
3 0.434559 0.133987 0.026471 0.056209
7 0.609191 0.332680 0.013971 0.050980
8 0.542647 0.269935 0.008824 0.032680
5 0.543382 0.282353 0.011765 0.026144
5 0.473162 0.032026 0.006618 0.019608
0 0.434191 0.024183 0.018382 0.040523
9 0.478676 0.080392 0.014706 0.037908
5 0.749632 0.871242 0.012500 0.064052
5 0.702574 0.701961 0.031618 0.033987
5 0.642279 0.332026 0.030147 0.036601
1 0.631618 0.187582 0.017647 0.024837
5 0.620956 0.170588 0.018382 0.022222
