5 0.530882 0.935294 0.055882 0.048366
7 0.530882 0.925490 0.022059 0.088889
9 0.981250 0.683660 0.030147 0.070588
7 0.980882 0.679085 0.010294 0.040523
10 0.129779 0.371242 0.062500 0.047059
10 0.171691 0.320915 0.044853 0.040523
3 0.334559 0.273856 0.022059 0.016993
3 0.358088 0.258824 0.017647 0.018301
11 0.295956 0.254902 0.018382 0.015686
10 0.262132 0.211111 0.063971 0.040523
10 0.255515 0.192810 0.071324 0.037908
10 0.358088 0.176471 0.041176 0.028758
3 0.302206 0.184967 0.010294 0.011765
7 0.187500 0.211111 0.004412 0.014379
7 0.184559 0.208497 0.002941 0.016993
7 0.181618 0.209804 0.001471 0.014379
7 0.179412 0.209150 0.002941 0.015686
11 0.356250 0.228758 0.012500 0.018301
7 0.066544 0.388235 0.006618 0.036601
