8 0.231985 0.612418 0.015441 0.048366
1 0.233456 0.633333 0.024265 0.045752
7 0.140809 0.550327 0.015441 0.052288
7 0.224265 0.471242 0.011765 0.045752
8 0.733456 0.614379 0.015441 0.044444
1 0.733456 0.634641 0.018382 0.045752
8 0.639338 0.662745 0.016912 0.044444
1 0.637132 0.676471 0.013971 0.037908
9 0.898897 0.574510 0.061029 0.058824
11 0.943750 0.548366 0.099265 0.069281
3 0.515809 0.565359 0.058088 0.087582
3 0.418015 0.707843 0.046324 0.126797
3 0.378309 0.502614 0.037500 0.079739
3 0.561029 0.778431 0.051471 0.129412
3 0.491912 0.821569 0.057353 0.134641
3 0.407353 0.379085 0.030882 0.057516
3 0.454412 0.366667 0.026471 0.061438
3 0.502206 0.214379 0.022059 0.036601
3 0.326838 0.864706 0.063971 0.160784
3 0.393015 0.947712 0.056618 0.096732
3 0.080882 0.608497 0.086765 0.071895
7 0.142647 0.429412 0.008824 0.048366
7 0.151838 0.428758 0.011029 0.047059
3 0.206985 0.435948 0.011029 0.040523
3 0.194118 0.432680 0.010294 0.047059
9 0.454044 0.441830 0.022794 0.052288
8 0.561029 0.388889 0.010294 0.022222
9 0.562132 0.405229 0.022794 0.039216
3 0.680147 0.381699 0.033824 0.049673
9 0.668750 0.339216 0.034559 0.040523
9 0.653309 0.299346 0.031618 0.036601
9 0.642647 0.265359 0.025000 0.033987
3 0.608088 0.177124 0.019118 0.030065
3 0.523162 0.176471 0.016912 0.023529
3 0.500000 0.167974 0.014706 0.022222
3 0.518750 0.086928 0.012500 0.019608
3 0.500735 0.068627 0.010294 0.016993
3 0.502941 0.050327 0.010294 0.014379
3 0.500368 0.028758 0.008088 0.010458
3 0.509559 0.004575 0.010294 0.009150
1 0.316176 0.264052 0.010294 0.028758
3 0.340809 0.216340 0.019853 0.037908
7 0.340809 0.158170 0.005147 0.026144
3 0.443382 0.167974 0.017647 0.030065
3 0.466912 0.187582 0.017647 0.030065
9 0.431985 0.199346 0.011029 0.027451
8 0.431985 0.192810 0.005147 0.014379
11 0.419118 0.257516 0.035294 0.083660
3 0.416176 0.208497 0.017647 0.030065
8 0.376838 0.175163 0.003676 0.010458
5 0.377206 0.184967 0.004412 0.009150
3 0.369485 0.141830 0.016912 0.027451
3 0.375000 0.130065 0.016176 0.022222
3 0.385294 0.115686 0.014706 0.016993
3 0.405882 0.056863 0.010294 0.016993
7 0.400735 0.072549 0.004412 0.016993
7 0.397794 0.073856 0.004412 0.016993
5 0.407353 0.103922 0.002941 0.009150
8 0.406985 0.095425 0.005147 0.007843
4 0.448162 0.030065 0.038971 0.060131
3 0.371324 0.007190 0.008824 0.011765
3 0.347059 0.020915 0.019118 0.013072
3 0.352574 0.027451 0.009559 0.015686
8 0.540074 0.154902 0.005147 0.014379
8 0.557721 0.291503 0.008088 0.020915
8 0.545956 0.159477 0.005147 0.015686
5 0.557721 0.304575 0.006618 0.015686
5 0.540441 0.162745 0.004412 0.011765
5 0.545588 0.166667 0.004412 0.011765
3 0.651471 0.095425 0.016176 0.018301
7 0.565074 0.073856 0.003676 0.022222
3 0.576103 0.084314 0.012500 0.016993
3 0.570221 0.066667 0.009559 0.015686
11 0.553676 0.010458 0.008824 0.013072
3 0.550368 0.005229 0.011029 0.010458
