7 0.220221 0.865359 0.024265 0.107190
7 0.243382 0.856863 0.025000 0.092810
7 0.269853 0.853595 0.023529 0.096732
7 0.294118 0.871895 0.029412 0.104575
7 0.452941 0.773203 0.019118 0.090196
7 0.492279 0.806536 0.021324 0.099346
7 0.089338 0.898693 0.031618 0.095425
7 0.061397 0.907190 0.058088 0.107190
7 0.053676 0.919608 0.036765 0.113725
7 0.046691 0.757516 0.036029 0.090196
7 0.079044 0.717647 0.022794 0.073203
7 0.026471 0.767320 0.027941 0.078431
8 0.359926 0.928758 0.046324 0.071895
7 0.571691 0.618301 0.011029 0.083660
7 0.502206 0.591503 0.013235 0.079739
7 0.555882 0.577124 0.013235 0.082353
8 0.505882 0.573856 0.007353 0.028758
5 0.831985 0.784314 0.047794 0.096732
7 0.984559 0.948366 0.027941 0.100654
7 0.980515 0.486275 0.021324 0.070588
7 0.717647 0.354248 0.011765 0.052288
7 0.818015 0.433987 0.015441 0.060131
7 0.798162 0.392157 0.015441 0.062745
7 0.868750 0.435294 0.015441 0.065359
7 0.854044 0.435294 0.013971 0.065359
7 0.859559 0.424183 0.011765 0.064052
7 0.837132 0.401961 0.015441 0.061438
7 0.870221 0.400000 0.013971 0.060131
7 0.799265 0.290850 0.013235 0.050980
7 0.969485 0.354902 0.015441 0.061438
7 0.987500 0.326797 0.013235 0.052288
7 0.968015 0.328758 0.016912 0.050980
7 0.958824 0.296078 0.013235 0.056209
7 0.947426 0.296078 0.013971 0.053595
7 0.901103 0.311765 0.013971 0.050980
7 0.879412 0.283660 0.008824 0.041830
7 0.876103 0.275817 0.006618 0.041830
7 0.883088 0.275817 0.010294 0.049673
7 0.867647 0.267974 0.010294 0.052288
7 0.863971 0.284967 0.010294 0.047059
8 0.859926 0.282353 0.012500 0.041830
3 0.852206 0.276471 0.011765 0.050980
3 0.840809 0.269281 0.011029 0.049673
8 0.832353 0.262092 0.011765 0.040523
8 0.849632 0.264052 0.008088 0.026144
8 0.857353 0.266667 0.007353 0.023529
7 0.729044 0.206536 0.008088 0.041830
5 0.793015 0.241176 0.019853 0.024837
8 0.794853 0.230065 0.008824 0.028758
3 0.829412 0.226797 0.064706 0.043137
3 0.811765 0.211111 0.060294 0.040523
3 0.786765 0.192810 0.069118 0.043137
3 0.762500 0.179085 0.064706 0.039216
3 0.745221 0.164052 0.055147 0.035294
7 0.800735 0.161438 0.007353 0.030065
7 0.808456 0.162745 0.006618 0.035294
7 0.793015 0.159477 0.006618 0.033987
7 0.791912 0.154902 0.005882 0.032680
7 0.629412 0.163399 0.007353 0.033987
7 0.571691 0.130065 0.005147 0.032680
7 0.668015 0.177124 0.006618 0.037908
7 0.664706 0.179739 0.004412 0.027451
7 0.667279 0.173856 0.003676 0.033987
7 0.655147 0.164706 0.005882 0.041830
7 0.657353 0.161438 0.002941 0.035294
8 0.637500 0.147712 0.008824 0.026144
8 0.628309 0.139869 0.006618 0.015686
8 0.608824 0.140523 0.008824 0.022222
8 0.597426 0.132680 0.005147 0.022222
8 0.590441 0.131373 0.007353 0.027451
8 0.602206 0.134641 0.007353 0.023529
8 0.384559 0.118301 0.007353 0.032680
8 0.383456 0.116340 0.003676 0.020915
7 0.359559 0.150327 0.007353 0.031373
7 0.362868 0.140523 0.008088 0.035294
3 0.979044 0.221569 0.040441 0.045752
3 0.956618 0.204575 0.058824 0.048366
3 0.974632 0.172549 0.049265 0.052288
3 0.919853 0.189542 0.052941 0.041830
3 0.946324 0.167320 0.047059 0.039216
3 0.893382 0.173203 0.052941 0.043137
3 0.914706 0.150327 0.052941 0.036601
3 0.854779 0.162745 0.050735 0.040523
3 0.878309 0.144444 0.055147 0.035294
3 0.859191 0.132680 0.047794 0.030065
3 0.796324 0.128105 0.051471 0.033987
3 0.859191 0.116993 0.046324 0.030065
7 0.863971 0.104575 0.005882 0.023529
3 0.875368 0.107190 0.033088 0.031373
3 0.902206 0.102614 0.029412 0.030065
3 0.945221 0.106536 0.027206 0.030065
3 0.983456 0.130719 0.031618 0.033987
3 0.979412 0.113072 0.029412 0.035294
7 0.969118 0.139869 0.007353 0.036601
7 0.963971 0.138562 0.007353 0.031373
5 0.944118 0.131373 0.005882 0.019608
1 0.951838 0.135294 0.006618 0.019608
8 0.951103 0.127451 0.008088 0.024837
7 0.947059 0.116993 0.007353 0.032680
7 0.961029 0.118301 0.005882 0.032680
7 0.954779 0.118301 0.005147 0.032680
7 0.020221 0.112418 0.006618 0.033987
7 0.027574 0.109804 0.008088 0.033987
7 0.105515 0.088235 0.006618 0.032680
7 0.113235 0.093464 0.005882 0.030065
7 0.122794 0.088235 0.005882 0.030065
0 0.080515 0.094118 0.044853 0.041830
11 0.130147 0.071242 0.019118 0.040523
11 0.100000 0.069935 0.036765 0.040523
3 0.166912 0.081699 0.042647 0.032680
3 0.176103 0.047059 0.041912 0.028758
7 0.079779 0.038562 0.008088 0.027451
7 0.089338 0.044444 0.006618 0.031373
7 0.087868 0.036601 0.006618 0.026144
7 0.105147 0.030065 0.005882 0.023529
7 0.119853 0.038562 0.004412 0.024837
7 0.152206 0.049020 0.005882 0.024837
7 0.116544 0.027451 0.005147 0.023529
8 0.116176 0.030719 0.004412 0.011765
11 0.232721 0.037908 0.022794 0.028758
3 0.231618 0.028105 0.020588 0.016993
7 0.252574 0.066013 0.005147 0.022222
7 0.269485 0.069935 0.005147 0.027451
7 0.302941 0.060131 0.005882 0.031373
7 0.312868 0.058170 0.005147 0.032680
7 0.306250 0.057516 0.006618 0.028758
7 0.322426 0.057516 0.006618 0.028758
7 0.339338 0.056863 0.003676 0.027451
7 0.343015 0.056863 0.005147 0.024837
7 0.359559 0.054248 0.004412 0.027451
7 0.381618 0.054248 0.004412 0.027451
7 0.387500 0.057516 0.005882 0.026144
7 0.434559 0.026797 0.005882 0.024837
9 0.590809 0.104575 0.024265 0.023529
5 0.626471 0.120261 0.016176 0.018301
7 0.661029 0.126144 0.005882 0.027451
11 0.654044 0.118301 0.027206 0.040523
9 0.683456 0.118954 0.028676 0.026144
10 0.709559 0.116993 0.045588 0.048366
3 0.714338 0.098693 0.037500 0.032680
5 0.693750 0.030719 0.012500 0.019608
3 0.739338 0.099346 0.030147 0.028758
3 0.766544 0.098039 0.033088 0.028758
7 0.731250 0.132026 0.006618 0.031373
7 0.720956 0.130065 0.008088 0.030065
3 0.806250 0.096732 0.034559 0.036601
7 0.798162 0.033333 0.005147 0.022222
8 0.809559 0.035294 0.005882 0.020915
8 0.750000 0.015033 0.007353 0.014379
8 0.636397 0.022222 0.003676 0.015686
7 0.628676 0.019608 0.002941 0.018301
8 0.621691 0.019608 0.003676 0.015686
7 0.614706 0.105882 0.004412 0.028758
7 0.628676 0.104575 0.004412 0.028758
5 0.526471 0.033333 0.010294 0.014379
5 0.539338 0.032026 0.011029 0.016993
5 0.556250 0.031373 0.009559 0.015686
7 0.572426 0.028105 0.003676 0.024837
7 0.568750 0.029412 0.003676 0.022222
7 0.564706 0.028105 0.004412 0.024837
7 0.452941 0.027451 0.004412 0.023529
5 0.444118 0.030065 0.011765 0.015686
7 0.459559 0.028105 0.004412 0.024837
7 0.462868 0.026144 0.003676 0.023529
7 0.457353 0.026797 0.002941 0.022222
7 0.801103 0.009804 0.003676 0.019608
7 0.811029 0.010458 0.004412 0.020915
7 0.815809 0.011111 0.005147 0.022222
7 0.831618 0.011765 0.004412 0.020915
7 0.840441 0.013725 0.004412 0.022222
7 0.843750 0.013725 0.005147 0.022222
7 0.853676 0.013072 0.005882 0.026144
3 0.873897 0.019608 0.018382 0.020915
7 0.868750 0.010458 0.003676 0.018301
8 0.787132 0.011111 0.003676 0.014379
8 0.781250 0.011111 0.003676 0.014379
8 0.777206 0.011111 0.002941 0.011765
3 0.945221 0.035294 0.018382 0.020915
3 0.966544 0.025490 0.030147 0.019608
8 0.888971 0.009150 0.004412 0.013072
8 0.883824 0.010458 0.005882 0.013072
8 0.894853 0.009150 0.004412 0.013072
