3 0.941912 0.039216 0.026471 0.031373
3 0.918382 0.057516 0.025000 0.033987
3 0.968015 0.067974 0.028676 0.033987
3 0.986765 0.100654 0.025000 0.033987
3 0.988235 0.177124 0.022059 0.045752
7 0.688603 0.080392 0.006618 0.024837
3 0.692279 0.152288 0.041912 0.027451
3 0.701471 0.167974 0.042647 0.032680
3 0.712132 0.188889 0.044853 0.035294
3 0.725735 0.222222 0.042647 0.031373
3 0.734926 0.248366 0.043382 0.033987
3 0.751103 0.273203 0.053676 0.036601
3 0.763603 0.317647 0.047794 0.039216
3 0.643750 0.414379 0.034559 0.067974
3 0.618015 0.296732 0.027206 0.047059
3 0.606618 0.247712 0.026471 0.045752
7 0.596691 0.265359 0.008088 0.031373
7 0.600368 0.062745 0.005147 0.026144
4 0.613971 0.066013 0.014706 0.024837
3 0.562868 0.054902 0.018382 0.028758
3 0.555515 0.024183 0.015441 0.030065
7 0.493750 0.158170 0.006618 0.028758
3 0.531985 0.198039 0.019853 0.040523
3 0.426103 0.027451 0.025735 0.031373
11 0.429779 0.050980 0.018382 0.036601
3 0.427206 0.080392 0.017647 0.040523
3 0.447794 0.080392 0.016176 0.037908
3 0.452206 0.132026 0.020588 0.039216
7 0.444853 0.123529 0.007353 0.030065
3 0.427574 0.149673 0.018382 0.045752
11 0.426471 0.189542 0.019118 0.054902
11 0.430882 0.361438 0.026471 0.077124
7 0.448529 0.394771 0.007353 0.036601
3 0.429044 0.520915 0.028676 0.082353
7 0.427941 0.557516 0.011765 0.035294
3 0.363235 0.668627 0.066176 0.084967
5 0.414706 0.913072 0.013235 0.056209
1 0.392279 0.885621 0.015441 0.058824
3 0.384926 0.273856 0.049265 0.043137
4 0.400000 0.131373 0.023529 0.037908
7 0.383456 0.138562 0.005147 0.031373
5 0.378309 0.132026 0.006618 0.020915
3 0.034191 0.042484 0.027206 0.035294
7 0.936029 0.883007 0.016176 0.043137
7 0.975000 0.905229 0.020588 0.043137
7 0.980147 0.921569 0.023529 0.039216
3 0.980147 0.871895 0.038235 0.075817
3 0.982721 0.626797 0.033088 0.087582
7 0.352206 0.550327 0.011765 0.036601
5 0.393015 0.519608 0.018382 0.024837
5 0.394485 0.487582 0.021324 0.023529
5 0.393750 0.453595 0.018382 0.026144
