10 0.314338 0.324837 0.030147 0.045752
10 0.335294 0.413072 0.069118 0.065359
10 0.359926 0.457516 0.050735 0.057516
10 0.402574 0.385621 0.027206 0.054902
10 0.489706 0.309804 0.030882 0.041830
10 0.452574 0.481699 0.056618 0.087582
10 0.476838 0.367320 0.052206 0.057516
10 0.563235 0.444444 0.063235 0.078431
10 0.812132 0.530065 0.091912 0.082353
10 0.843015 0.407843 0.074265 0.081046
10 0.990441 0.439869 0.017647 0.061438
10 0.710662 0.894771 0.100735 0.186928
10 0.895956 0.324183 0.052206 0.036601
10 0.919118 0.323529 0.047059 0.043137
10 0.970221 0.333987 0.049265 0.037908
10 0.980147 0.313725 0.038235 0.041830
7 0.269118 0.484967 0.008824 0.033987
7 0.847794 0.648366 0.010294 0.047059
7 0.826838 0.708497 0.018382 0.057516
8 0.764706 0.407190 0.010294 0.016993
8 0.979779 0.547712 0.011029 0.028758
5 0.980515 0.556863 0.025735 0.023529
4 0.333824 0.232680 0.276471 0.081046
10 0.924632 0.790196 0.144853 0.184314
