11 0.750000 0.923529 0.022059 0.079739
10 0.756985 0.764052 0.038971 0.098039
5 0.782353 0.742484 0.004412 0.023529
6 0.743382 0.662092 0.048529 0.030065
10 0.813235 0.488889 0.047059 0.073203
3 0.520221 0.961438 0.015441 0.061438
3 0.558088 0.802614 0.038235 0.031373
3 0.381985 0.979085 0.038971 0.036601
3 0.386765 0.849020 0.039706 0.032680
5 0.417279 0.936601 0.006618 0.024837
8 0.418015 0.940523 0.006618 0.014379
3 0.479044 0.812418 0.013971 0.066667
3 0.502206 0.716340 0.014706 0.060131
3 0.523897 0.669281 0.012500 0.054902
7 0.543015 0.829412 0.003676 0.009150
7 0.591176 0.760131 0.002941 0.009150
7 0.580515 0.743137 0.003676 0.006536
3 0.559191 0.718301 0.028676 0.061438
7 0.580147 0.658170 0.004412 0.009150
7 0.575000 0.650327 0.002941 0.009150
5 0.509191 0.642484 0.003676 0.019608
8 0.508824 0.644444 0.004412 0.010458
3 0.391176 0.609804 0.042647 0.043137
3 0.425735 0.559477 0.017647 0.065359
3 0.454779 0.564052 0.016912 0.066667
7 0.368015 0.507843 0.003676 0.009150
7 0.358824 0.502614 0.004412 0.009150
7 0.358456 0.491503 0.003676 0.005229
3 0.391176 0.465359 0.041176 0.033987
3 0.424632 0.400654 0.015441 0.061438
3 0.388603 0.398039 0.034559 0.030065
7 0.365441 0.394118 0.004412 0.006536
3 0.396324 0.324837 0.035294 0.035294
7 0.369118 0.371242 0.005882 0.018301
3 0.464338 0.328758 0.015441 0.064052
7 0.371324 0.263399 0.004412 0.011765
3 0.393750 0.264052 0.036029 0.041830
3 0.467279 0.174510 0.013971 0.061438
7 0.414338 0.115686 0.003676 0.011765
7 0.365809 0.133333 0.003676 0.010458
7 0.372794 0.092810 0.004412 0.013072
5 0.448897 0.076471 0.003676 0.019608
8 0.448897 0.073856 0.003676 0.014379
7 0.382353 0.074510 0.004412 0.020915
3 0.335662 0.061438 0.028676 0.036601
3 0.468750 0.060131 0.015441 0.062745
3 0.557721 0.470588 0.038971 0.031373
5 0.572794 0.337908 0.005882 0.024837
7 0.576471 0.335948 0.004412 0.015686
7 0.571324 0.204575 0.004412 0.011765
7 0.532353 0.220261 0.002941 0.014379
7 0.536029 0.218954 0.002941 0.011765
1 0.545956 0.158824 0.012500 0.011765
5 0.548897 0.142484 0.011029 0.013072
8 0.538603 0.115686 0.005147 0.009150
3 0.515074 0.124837 0.015441 0.058824
7 0.570956 0.044444 0.003676 0.015686
7 0.575000 0.022876 0.005882 0.014379
3 0.675000 0.057516 0.038235 0.026144
9 0.637132 0.047712 0.011029 0.045752
3 0.175000 0.575817 0.039706 0.035294
3 0.180515 0.532680 0.037500 0.030065
3 0.188971 0.416993 0.039706 0.028758
11 0.139338 0.468627 0.036029 0.035294
3 0.144485 0.379085 0.019853 0.060131
3 0.118015 0.384967 0.016912 0.053595
3 0.118015 0.563399 0.018382 0.060131
3 0.093382 0.564706 0.020588 0.067974
3 0.047794 0.552288 0.020588 0.064052
3 0.023529 0.564706 0.020588 0.067974
11 0.097426 0.384314 0.018382 0.052288
3 0.074632 0.388889 0.019853 0.061438
10 0.048529 0.390196 0.019118 0.064052
5 0.011029 0.373856 0.008824 0.028758
3 0.006250 0.564706 0.011029 0.067974
7 0.264706 0.026797 0.011765 0.016993
11 0.200368 0.033987 0.047794 0.057516
3 0.079044 0.011765 0.034559 0.023529
5 0.114338 0.054902 0.008088 0.026144
5 0.071691 0.050327 0.006618 0.022222
5 0.095221 0.066667 0.006618 0.020915
11 0.050000 0.061438 0.030882 0.057516
3 0.031618 0.056209 0.027941 0.057516
