11 0.795221 0.856209 0.121324 0.284967
3 0.885662 0.577124 0.146324 0.124183
3 0.942647 0.682353 0.113235 0.149020
7 0.894118 0.760784 0.030882 0.094118
8 0.662868 0.665359 0.025735 0.073203
8 0.670221 0.658824 0.024265 0.094118
5 0.670956 0.671895 0.040441 0.075817
8 0.675735 0.750327 0.027941 0.081046
9 0.681985 0.796078 0.049265 0.149020
8 0.602574 0.818954 0.036029 0.121569
5 0.601471 0.828758 0.038235 0.112418
7 0.513235 0.686275 0.019118 0.091503
7 0.537500 0.677778 0.032353 0.092810
5 0.538603 0.698693 0.033088 0.092810
8 0.352574 0.629412 0.028676 0.079739
1 0.355515 0.649020 0.065441 0.074510
8 0.340809 0.600654 0.019853 0.066667
8 0.356618 0.591503 0.020588 0.074510
5 0.358456 0.612418 0.059559 0.069281
8 0.217279 0.591503 0.025735 0.082353
5 0.218382 0.609804 0.061765 0.069281
3 0.080515 0.562745 0.161029 0.126797
7 0.220588 0.919608 0.047059 0.118954
8 0.261397 0.932026 0.038971 0.031373
3 0.320588 0.311111 0.052941 0.083660
3 0.406985 0.246405 0.036029 0.069281
3 0.408456 0.195425 0.033088 0.058824
3 0.662132 0.304575 0.043382 0.065359
11 0.644118 0.254902 0.044118 0.073203
3 0.604779 0.222222 0.077206 0.060131
3 0.598897 0.190196 0.065441 0.050980
3 0.594118 0.167320 0.063235 0.041830
11 0.571324 0.133987 0.042647 0.040523
3 0.564706 0.124183 0.048529 0.039216
7 0.688235 0.265359 0.014706 0.057516
7 0.601471 0.271242 0.014706 0.053595
7 0.574265 0.252288 0.010294 0.052288
7 0.615074 0.337255 0.012500 0.062745
1 0.609559 0.353595 0.020588 0.045752
8 0.630147 0.387582 0.017647 0.061438
9 0.621691 0.401307 0.059559 0.052288
5 0.019485 0.711111 0.038971 0.073203
0 0.206985 0.339216 0.034559 0.064052
8 0.335662 0.340523 0.015441 0.050980
5 0.336029 0.356863 0.013235 0.047059
8 0.300368 0.272549 0.012500 0.040523
5 0.299632 0.289542 0.015441 0.045752
8 0.379044 0.260131 0.011029 0.047059
8 0.378676 0.260784 0.011765 0.043137
5 0.380882 0.275817 0.010294 0.041830
0 0.369853 0.170588 0.017647 0.050980
8 0.369485 0.169281 0.013971 0.032680
7 0.930515 0.386275 0.015441 0.061438
7 0.925000 0.378431 0.016176 0.061438
8 0.971691 0.339869 0.015441 0.047059
0 0.947059 0.316340 0.073529 0.060131
8 0.850735 0.341830 0.014706 0.035294
8 0.859926 0.343791 0.013971 0.039216
7 0.870588 0.315033 0.011765 0.047059
8 0.855147 0.325490 0.010294 0.031373
7 0.787868 0.367974 0.018382 0.069281
7 0.813603 0.339216 0.015441 0.043137
8 0.802941 0.367320 0.016176 0.033987
5 0.816176 0.366013 0.020588 0.031373
0 0.805515 0.303922 0.072794 0.069281
9 0.547059 0.168627 0.014706 0.039216
8 0.517279 0.124183 0.009559 0.026144
0 0.518015 0.139869 0.012500 0.031373
3 0.315074 0.106536 0.050735 0.035294
11 0.322059 0.090850 0.042647 0.037908
3 0.320221 0.077778 0.050735 0.032680
7 0.286029 0.058824 0.007353 0.033987
5 0.360662 0.069935 0.006618 0.022222
8 0.297426 0.033333 0.006618 0.024837
5 0.299265 0.042484 0.013235 0.014379
3 0.331985 0.036601 0.038971 0.023529
8 0.466176 0.018954 0.004412 0.022222
1 0.466176 0.024183 0.002941 0.019608
7 0.494853 0.043791 0.005882 0.027451
3 0.499265 0.022222 0.033824 0.028758
3 0.485294 0.015033 0.016176 0.024837
5 0.538971 0.137255 0.007353 0.028758
7 0.381985 0.009150 0.006618 0.018301
