3 0.047656 0.240741 0.042188 0.025926
4 0.009375 0.209722 0.008333 0.019444
11 0.054427 0.219444 0.052604 0.035185
5 0.089844 0.200463 0.009896 0.008333
8 0.079167 0.246759 0.006250 0.017593
5 0.081771 0.253241 0.013542 0.013889
8 0.045052 0.244907 0.005729 0.013889
7 0.065365 0.267130 0.005729 0.017593
8 0.054427 0.311574 0.006771 0.021296
0 0.095573 0.286574 0.013021 0.034259
8 0.110156 0.279167 0.007812 0.023148
3 0.115104 0.257870 0.025000 0.026852
8 0.104167 0.231944 0.004167 0.015741
5 0.105729 0.238889 0.013542 0.012963
8 0.113802 0.216204 0.004687 0.019444
4 0.110937 0.186111 0.018750 0.022222
4 0.140365 0.168981 0.013021 0.021296
5 0.154427 0.166204 0.009896 0.012037
2 0.165625 0.193056 0.046875 0.047222
8 0.118750 0.231019 0.006250 0.017593
5 0.121354 0.237963 0.013542 0.011111
0 0.138542 0.250926 0.020833 0.027778
0 0.165885 0.213889 0.017188 0.020370
5 0.189062 0.218056 0.011458 0.015741
8 0.166667 0.233796 0.005208 0.017593
8 0.171094 0.238889 0.005729 0.016667
5 0.166927 0.240278 0.008854 0.010185
5 0.174219 0.246759 0.009896 0.010185
3 0.167708 0.261111 0.026042 0.025926
4 0.141667 0.280093 0.006250 0.025000
0 0.152083 0.272685 0.013542 0.030556
7 0.153906 0.290278 0.005729 0.025000
8 0.144792 0.304167 0.005208 0.015741
5 0.146354 0.314815 0.009375 0.014815
0 0.178125 0.284259 0.011458 0.033333
8 0.159635 0.297222 0.005729 0.022222
7 0.167187 0.308333 0.006250 0.024074
7 0.161979 0.309259 0.003125 0.022222
8 0.195573 0.267593 0.004687 0.016667
5 0.196094 0.277315 0.006771 0.015741
7 0.205729 0.255093 0.003125 0.021296
7 0.209375 0.255556 0.004167 0.027778
7 0.213021 0.243519 0.004167 0.022222
7 0.219271 0.252778 0.005208 0.024074
7 0.227344 0.244444 0.004687 0.022222
4 0.199479 0.187037 0.015625 0.024074
4 0.217188 0.206019 0.008333 0.026852
3 0.239323 0.223611 0.027604 0.025000
3 0.258594 0.239815 0.017188 0.024074
11 0.260156 0.281944 0.020313 0.032407
4 0.260677 0.302315 0.006771 0.021296
7 0.254427 0.212500 0.003646 0.017593
7 0.261979 0.211574 0.005208 0.019444
7 0.270313 0.209259 0.005208 0.020370
7 0.254948 0.193519 0.003646 0.014815
5 0.255208 0.196759 0.012500 0.010185
7 0.280729 0.207407 0.004167 0.018519
4 0.304167 0.195370 0.014583 0.046296
8 0.278125 0.197222 0.005208 0.016667
3 0.182031 0.167130 0.007812 0.013889
4 0.216406 0.162037 0.005729 0.022222
10 0.232292 0.171759 0.012500 0.034259
3 0.235417 0.155556 0.011458 0.016667
3 0.238281 0.137500 0.009896 0.015741
4 0.225521 0.131019 0.009375 0.017593
3 0.311979 0.147685 0.010417 0.013889
3 0.311458 0.136111 0.010417 0.011111
4 0.289844 0.123148 0.024479 0.024074
0 0.230469 0.109722 0.005729 0.015741
4 0.243750 0.090741 0.018750 0.040741
11 0.293229 0.089815 0.007292 0.018519
3 0.260937 0.056481 0.007292 0.009259
2 0.273438 0.033796 0.006250 0.013889
3 0.275260 0.044444 0.004687 0.011111
3 0.274219 0.061111 0.005729 0.009259
4 0.283854 0.081019 0.008333 0.036111
4 0.252344 0.024537 0.025521 0.045370
4 0.278385 0.016204 0.020313 0.017593
7 0.369531 0.150463 0.002604 0.015741
7 0.382812 0.203241 0.004167 0.019444
7 0.378385 0.212963 0.003646 0.020370
4 0.370573 0.222222 0.006771 0.025926
11 0.432292 0.208796 0.027083 0.023148
4 0.457813 0.239352 0.087500 0.017593
7 0.387500 0.291667 0.005208 0.025926
7 0.416406 0.282407 0.003646 0.022222
7 0.450781 0.289815 0.003646 0.022222
7 0.446875 0.294444 0.003125 0.022222
4 0.409115 0.300926 0.004687 0.020370
4 0.401042 0.355556 0.015625 0.066667
4 0.372656 0.365741 0.008854 0.027778
7 0.444792 0.361111 0.004167 0.027778
7 0.439844 0.356019 0.004687 0.023148
7 0.434375 0.356481 0.005208 0.031481
7 0.432292 0.323148 0.004167 0.024074
4 0.462760 0.374074 0.030729 0.127778
4 0.489844 0.391204 0.020313 0.017593
5 0.530469 0.395370 0.005729 0.022222
0 0.513542 0.406944 0.015625 0.034259
4 0.521354 0.287500 0.011458 0.047222
7 0.391927 0.393519 0.005729 0.031481
8 0.408594 0.384722 0.005729 0.023148
0 0.400521 0.407870 0.011458 0.036111
7 0.374219 0.456481 0.006771 0.035185
7 0.354687 0.460648 0.005208 0.032407
3 0.391146 0.481944 0.022917 0.043519
0 0.400000 0.444907 0.012500 0.041667
4 0.422656 0.462500 0.017188 0.300926
7 0.426042 0.615741 0.010417 0.046296
7 0.446615 0.512037 0.006771 0.040741
4 0.471615 0.505556 0.025521 0.122222
7 0.465104 0.550000 0.008333 0.044444
5 0.483594 0.586111 0.025521 0.024074
5 0.480729 0.572685 0.022917 0.023148
3 0.081510 0.448611 0.041146 0.050926
3 0.457552 0.694907 0.010937 0.047222
7 0.444271 0.714352 0.006250 0.041667
7 0.451562 0.711111 0.006250 0.037037
7 0.406510 0.703241 0.007812 0.041667
4 0.428906 0.674074 0.023438 0.066667
5 0.501563 0.687037 0.012500 0.055556
5 0.474219 0.693519 0.007812 0.042593
5 0.456771 0.664815 0.010417 0.022222
5 0.486979 0.689352 0.010417 0.037963
0 0.488542 0.740741 0.020833 0.057407
5 0.561719 0.682407 0.023438 0.025926
8 0.552604 0.750000 0.006250 0.024074
8 0.555990 0.753704 0.005729 0.050000
5 0.551302 0.764352 0.033854 0.034259
7 0.570833 0.569907 0.008333 0.047222
0 0.594531 0.588889 0.030729 0.083333
4 0.526302 0.472222 0.023438 0.051852
5 0.531250 0.512500 0.021875 0.023148
4 0.539062 0.555556 0.029167 0.038889
4 0.553385 0.622222 0.035937 0.087037
5 0.567969 0.472222 0.009896 0.022222
1 0.591406 0.723611 0.010937 0.043519
10 0.586719 0.804167 0.088021 0.089815
8 0.297656 0.980093 0.020313 0.034259
7 0.348177 0.854630 0.011979 0.064815
0 0.323177 0.859259 0.021354 0.111111
7 0.293750 0.774537 0.010417 0.060185
1 0.302604 0.782870 0.010417 0.054630
0 0.374479 0.724074 0.032292 0.087037
0 0.081250 0.313889 0.023958 0.035185
0 0.108073 0.313889 0.017188 0.038889
8 0.102604 0.343519 0.008333 0.024074
1 0.102344 0.353704 0.011979 0.014815
8 0.115625 0.348611 0.006250 0.025000
8 0.069792 0.382870 0.008333 0.023148
5 0.070573 0.392130 0.011979 0.030556
0 0.132292 0.353704 0.021875 0.044444
8 0.157552 0.349074 0.005729 0.016667
8 0.174479 0.325463 0.006250 0.017593
5 0.174219 0.334259 0.005729 0.020370
8 0.172656 0.366667 0.006771 0.022222
5 0.173437 0.375463 0.009375 0.019444
3 0.095052 0.404167 0.033854 0.045370
7 0.034896 0.509259 0.010417 0.044444
8 0.069010 0.430556 0.006771 0.024074
8 0.013021 0.507407 0.010417 0.025926
7 0.004687 0.458333 0.007292 0.033333
7 0.011198 0.455556 0.007812 0.037037
4 0.027865 0.447685 0.019271 0.045370
3 0.043229 0.492593 0.046875 0.057407
3 0.016927 0.552778 0.033854 0.059259
2 0.038542 0.681019 0.077083 0.189815
5 0.752083 0.780556 0.015625 0.053704
0 0.848958 0.778241 0.038542 0.099074
1 0.803906 0.773148 0.007812 0.046296
1 0.816146 0.774537 0.010417 0.050926
0 0.985677 0.781944 0.027604 0.065741
5 0.725260 0.967593 0.027604 0.062963
5 0.744531 0.952778 0.023438 0.085185
5 0.764323 0.959259 0.025521 0.070370
5 0.779948 0.950000 0.016146 0.075926
5 0.798958 0.954167 0.018750 0.073148
5 0.814844 0.950463 0.016146 0.065741
5 0.835677 0.948611 0.024479 0.063889
5 0.867708 0.945833 0.032292 0.063889
5 0.882812 0.953241 0.029167 0.050926
5 0.901302 0.939352 0.032813 0.065741
5 0.918750 0.930093 0.025000 0.076852
5 0.938281 0.928704 0.040104 0.064815
5 0.957292 0.924537 0.036458 0.065741
5 0.984635 0.917593 0.029687 0.068519
11 0.904948 0.762963 0.081771 0.100000
