4 0.172917 0.247222 0.154167 0.120370
4 0.040625 0.191667 0.081250 0.131481
4 0.147396 0.149074 0.086458 0.109259
4 0.375000 0.039815 0.089583 0.068519
4 0.570833 0.052778 0.206250 0.094444
7 0.236458 0.863889 0.018750 0.083333
7 0.253125 0.631481 0.020833 0.111111
7 0.310937 0.837037 0.026042 0.100000
7 0.326562 0.784259 0.026042 0.146296
7 0.900000 0.868519 0.029167 0.137037
7 0.861979 0.829630 0.030208 0.048148
7 0.905208 0.599074 0.014583 0.053704
8 0.930729 0.599074 0.021875 0.064815
8 0.967708 0.613889 0.033333 0.087037
7 0.893229 0.425000 0.021875 0.090741
7 0.863021 0.447222 0.023958 0.079630
7 0.817187 0.393519 0.026042 0.098148
7 0.684375 0.335185 0.012500 0.070370
7 0.640104 0.325000 0.017708 0.068519
7 0.598437 0.338889 0.011458 0.062963
7 0.579167 0.320370 0.010417 0.066667
7 0.571354 0.299074 0.009375 0.061111
7 0.553646 0.295370 0.009375 0.064815
7 0.548438 0.284259 0.009375 0.068519
7 0.722396 0.653704 0.032292 0.103704
7 0.441146 0.791667 0.017708 0.090741
7 0.470833 0.787037 0.022917 0.118519
7 0.126042 0.386111 0.016667 0.072222
9 0.070312 0.508333 0.061458 0.083333
8 0.096354 0.463889 0.019792 0.050000
7 0.117708 0.478704 0.025000 0.087037
7 0.133854 0.469444 0.013542 0.053704
7 0.605729 0.812037 0.011458 0.061111
7 0.636458 0.800926 0.018750 0.109259
7 0.627083 0.893519 0.035417 0.142593
6 0.606771 0.905556 0.048958 0.081481
8 0.703646 0.864815 0.028125 0.066667
8 0.729688 0.858333 0.032292 0.079630
8 0.772917 0.850000 0.050000 0.066667
8 0.780729 0.842593 0.013542 0.044444
7 0.241667 0.387963 0.020833 0.079630
7 0.222396 0.362963 0.013542 0.066667
7 0.203125 0.383333 0.010417 0.062963
7 0.194792 0.407407 0.012500 0.062963
7 0.154688 0.422222 0.011458 0.062963
7 0.166146 0.427778 0.013542 0.070370
8 0.182812 0.412963 0.013542 0.022222
7 0.182812 0.440741 0.013542 0.044444
7 0.182292 0.506481 0.022917 0.087037
8 0.182812 0.478704 0.009375 0.038889
7 0.302083 0.487963 0.018750 0.098148
7 0.326562 0.474074 0.013542 0.074074
7 0.325521 0.503704 0.017708 0.088889
7 0.343229 0.625000 0.021875 0.105556
7 0.557813 0.795370 0.038542 0.124074
7 0.408854 0.467593 0.023958 0.094444
7 0.559896 0.547222 0.017708 0.094444
7 0.652604 0.532407 0.015625 0.090741
7 0.647396 0.512963 0.015625 0.088889
7 0.628125 0.498148 0.016667 0.092593
7 0.520312 0.751852 0.030208 0.111111
7 0.511458 0.750926 0.016667 0.094444
7 0.658333 0.686111 0.012500 0.090741
7 0.644792 0.675926 0.018750 0.088889
7 0.630208 0.691667 0.012500 0.046296
7 0.617188 0.669444 0.013542 0.094444
7 0.603646 0.652778 0.015625 0.098148
7 0.586979 0.643519 0.011458 0.087037
7 0.581250 0.657407 0.012500 0.077778
7 0.569271 0.643519 0.011458 0.083333
7 0.570312 0.705556 0.017708 0.096296
7 0.555208 0.711111 0.018750 0.122222
7 0.609375 0.487963 0.014583 0.090741
8 0.595313 0.504630 0.015625 0.075926
8 0.581250 0.498148 0.014583 0.074074
7 0.563542 0.486111 0.016667 0.079630
7 0.541667 0.658333 0.020833 0.098148
7 0.544271 0.629630 0.009375 0.074074
7 0.518229 0.614815 0.009375 0.055556
7 0.363021 0.633333 0.023958 0.107407
7 0.381771 0.635185 0.013542 0.088889
8 0.371875 0.605556 0.012500 0.059259
6 0.370833 0.641667 0.041667 0.053704
7 0.540625 0.514815 0.014583 0.100000
7 0.528646 0.514815 0.013542 0.088889
7 0.530729 0.481481 0.015625 0.096296
7 0.404687 0.654630 0.019792 0.101852
7 0.394271 0.607407 0.013542 0.088889
7 0.414062 0.613889 0.013542 0.094444
7 0.430729 0.619444 0.011458 0.064815
7 0.449479 0.675000 0.030208 0.116667
7 0.440625 0.573148 0.010417 0.087037
7 0.509896 0.680556 0.011458 0.064815
7 0.505729 0.636111 0.009375 0.061111
7 0.497917 0.680556 0.014583 0.116667
7 0.452604 0.543519 0.013542 0.087037
7 0.454167 0.574074 0.014583 0.088889
7 0.460938 0.642593 0.013542 0.107407
7 0.476042 0.544444 0.020833 0.081481
8 0.413542 0.442593 0.012500 0.025926
7 0.476042 0.672222 0.016667 0.122222
7 0.494271 0.531481 0.015625 0.074074
7 0.501042 0.499074 0.012500 0.068519
7 0.478125 0.508333 0.014583 0.075926
7 0.486979 0.494444 0.015625 0.085185
8 0.483333 0.478704 0.010417 0.031481
