7 0.577941 0.984967 0.007353 0.027451
8 0.576471 0.976471 0.005882 0.028758
7 0.581250 0.978431 0.008088 0.040523
3 0.444485 0.952288 0.050735 0.092810
3 0.450368 0.644444 0.028676 0.067974
7 0.873529 0.979739 0.014706 0.037908
3 0.875000 0.887582 0.075000 0.094118
3 0.966912 0.720915 0.064706 0.058824
10 0.793750 0.784967 0.122794 0.124183
3 0.662868 0.750980 0.046324 0.066667
8 0.845588 0.727451 0.013235 0.037908
9 0.853309 0.740523 0.052206 0.043137
3 0.982353 0.577124 0.032353 0.061438
3 0.986765 0.650980 0.025000 0.044444
3 0.970588 0.661438 0.055882 0.060131
3 0.927574 0.646405 0.050735 0.053595
3 0.945956 0.567974 0.034559 0.048366
3 0.907353 0.552941 0.035294 0.041830
3 0.876103 0.541830 0.031618 0.040523
3 0.841912 0.531373 0.038235 0.043137
7 0.893382 0.609150 0.007353 0.039216
7 0.865074 0.588235 0.011029 0.039216
7 0.872426 0.514379 0.005147 0.035294
7 0.848162 0.511111 0.005147 0.036601
7 0.833824 0.512418 0.005882 0.031373
8 0.830882 0.510458 0.008824 0.019608
8 0.719485 0.647059 0.011029 0.028758
5 0.718382 0.655556 0.014706 0.032680
3 0.621691 0.543791 0.027206 0.036601
7 0.012500 0.968627 0.013235 0.057516
8 0.097059 0.966667 0.017647 0.053595
8 0.105515 0.956863 0.028676 0.041830
1 0.049265 0.833333 0.032353 0.035294
5 0.079779 0.825490 0.033088 0.040523
3 0.079412 0.801961 0.079412 0.069281
3 0.094118 0.773856 0.070588 0.060131
3 0.108088 0.747059 0.061765 0.058824
3 0.117647 0.724837 0.057353 0.053595
0 0.148529 0.772549 0.035294 0.078431
0 0.161029 0.739216 0.032353 0.066667
0 0.181250 0.694771 0.033088 0.066667
0 0.195956 0.657516 0.031618 0.052288
9 0.127206 0.698693 0.061765 0.050980
10 0.139706 0.674510 0.063235 0.052288
10 0.151471 0.655556 0.058824 0.056209
10 0.165809 0.632026 0.061029 0.056209
3 0.252206 0.623529 0.067647 0.044444
3 0.266176 0.581046 0.061765 0.043137
7 0.217279 0.548366 0.005147 0.040523
8 0.235294 0.550327 0.007353 0.036601
3 0.297794 0.510458 0.048529 0.040523
3 0.406250 0.489542 0.021324 0.037908
3 0.440074 0.501961 0.021324 0.039216
3 0.479044 0.533987 0.024265 0.048366
3 0.330147 0.452941 0.042647 0.027451
3 0.316544 0.428105 0.040441 0.027451
1 0.341912 0.413072 0.014706 0.015686
1 0.269485 0.422222 0.008088 0.010458
5 0.277206 0.435294 0.004412 0.018301
5 0.284559 0.418954 0.011765 0.011765
7 0.321691 0.318301 0.002206 0.011765
5 0.319485 0.397386 0.012500 0.010458
3 0.471691 0.445752 0.018382 0.033987
3 0.454779 0.416993 0.018382 0.028758
3 0.845221 0.680392 0.077206 0.050980
3 0.824632 0.650327 0.068382 0.050980
3 0.811029 0.629412 0.067647 0.040523
3 0.797794 0.609804 0.066176 0.040523
3 0.783456 0.586928 0.058088 0.039216
3 0.763603 0.566013 0.053676 0.047059
3 0.743015 0.552288 0.052206 0.037908
3 0.727206 0.537255 0.052941 0.036601
3 0.716544 0.512418 0.056618 0.039216
3 0.618750 0.448366 0.018382 0.031373
3 0.712868 0.498693 0.049265 0.030065
11 0.708824 0.481699 0.042647 0.030065
8 0.714706 0.470588 0.005882 0.023529
3 0.693750 0.469281 0.052206 0.041830
8 0.763603 0.443791 0.003676 0.011765
8 0.760662 0.441176 0.005147 0.014379
3 0.684191 0.465359 0.043382 0.026144
3 0.674265 0.455556 0.038235 0.022222
3 0.673529 0.446405 0.035294 0.024837
1 0.715441 0.400000 0.004412 0.013072
3 0.701838 0.399346 0.021324 0.022222
1 0.621324 0.411765 0.004412 0.013072
8 0.600368 0.430065 0.008088 0.023529
5 0.600735 0.434641 0.005882 0.016993
7 0.674632 0.425490 0.005147 0.024837
11 0.665074 0.416993 0.034559 0.028758
3 0.647059 0.411765 0.033824 0.023529
3 0.643750 0.400000 0.034559 0.020915
3 0.640074 0.392810 0.034559 0.022222
3 0.668015 0.323529 0.030147 0.016993
3 0.640074 0.344444 0.028676 0.016993
3 0.606250 0.364706 0.031618 0.018301
3 0.604779 0.359477 0.028676 0.020915
8 0.569118 0.362092 0.004412 0.013072
5 0.569118 0.365359 0.004412 0.011765
11 0.577574 0.352941 0.024265 0.020915
3 0.584926 0.350980 0.022794 0.016993
3 0.607353 0.339216 0.014706 0.019608
3 0.625368 0.338562 0.016912 0.020915
11 0.618382 0.332026 0.020588 0.018301
5 0.629044 0.322222 0.008088 0.009150
7 0.620956 0.311111 0.003676 0.013072
7 0.613603 0.305882 0.002206 0.015686
7 0.600000 0.308497 0.002941 0.013072
5 0.602941 0.289542 0.007353 0.006536
3 0.577941 0.322876 0.016176 0.015686
7 0.575735 0.284967 0.002941 0.013072
3 0.573897 0.280392 0.018382 0.011765
3 0.556250 0.271895 0.016912 0.010458
3 0.441176 0.367974 0.013235 0.022222
3 0.381250 0.356209 0.013971 0.024837
3 0.437132 0.299346 0.008088 0.015686
3 0.475000 0.288235 0.008824 0.011765
3 0.493750 0.294118 0.009559 0.013072
7 0.394485 0.342484 0.003676 0.018301
7 0.397426 0.326144 0.003676 0.016993
7 0.393015 0.330065 0.003676 0.016993
3 0.385294 0.332680 0.011765 0.019608
3 0.387132 0.326144 0.009559 0.016993
3 0.382353 0.319608 0.022059 0.016993
3 0.387500 0.309150 0.022059 0.016993
3 0.399265 0.304575 0.011765 0.015686
3 0.384926 0.286928 0.018382 0.011765
10 0.400735 0.275817 0.013235 0.020915
4 0.376103 0.260784 0.025735 0.014379
3 0.382721 0.246405 0.015441 0.009150
3 0.436397 0.276471 0.008088 0.014379
3 0.436765 0.259477 0.007353 0.011765
3 0.432721 0.244444 0.006618 0.010458
8 0.415809 0.275163 0.002206 0.006536
5 0.415809 0.277124 0.002206 0.007843
7 0.416176 0.250980 0.001471 0.010458
3 0.408456 0.245098 0.006618 0.011765
11 0.429779 0.222876 0.003676 0.009150
3 0.426471 0.234641 0.005882 0.009150
11 0.400000 0.249020 0.011765 0.009150
3 0.391544 0.240523 0.015441 0.007843
3 0.387132 0.237908 0.015441 0.007843
4 0.393015 0.206536 0.016912 0.018301
3 0.395956 0.189542 0.003676 0.005229
7 0.413603 0.228758 0.000735 0.007843
9 0.450368 0.253595 0.003676 0.007843
7 0.417647 0.219608 0.001471 0.007843
8 0.419485 0.221569 0.000735 0.003922
5 0.419853 0.223529 0.001471 0.005229
3 0.416176 0.212418 0.004412 0.006536
3 0.419485 0.198693 0.003676 0.005229
3 0.421324 0.200000 0.004412 0.005229
7 0.422794 0.207190 0.001471 0.006536
4 0.429779 0.156209 0.011029 0.016993
4 0.448897 0.154248 0.012500 0.015686
4 0.431985 0.177124 0.018382 0.011765
4 0.420221 0.189542 0.011029 0.005229
11 0.434559 0.194771 0.008824 0.005229
3 0.429779 0.190850 0.003676 0.005229
4 0.460294 0.166013 0.004412 0.013072
4 0.451103 0.176471 0.009559 0.018301
3 0.459559 0.181046 0.002941 0.003922
4 0.469485 0.184967 0.009559 0.014379
3 0.452574 0.199346 0.003676 0.006536
7 0.463235 0.200000 0.001471 0.005229
3 0.472059 0.209804 0.004412 0.006536
3 0.459559 0.223529 0.004412 0.007843
3 0.463971 0.237255 0.005882 0.009150
3 0.466912 0.250327 0.005882 0.011765
3 0.471324 0.271242 0.007353 0.011765
3 0.505515 0.327451 0.011029 0.016993
8 0.550368 0.335948 0.003676 0.015686
8 0.557353 0.337255 0.002941 0.015686
8 0.555147 0.338562 0.001471 0.010458
5 0.550000 0.339869 0.005882 0.010458
5 0.556985 0.340523 0.006618 0.009150
3 0.546324 0.320915 0.011765 0.016993
3 0.541544 0.313072 0.011029 0.014379
3 0.537500 0.300000 0.005882 0.011765
11 0.530147 0.291503 0.008824 0.015686
11 0.527206 0.284314 0.008824 0.014379
3 0.538971 0.268627 0.010294 0.009150
3 0.534559 0.264052 0.016176 0.010458
3 0.532353 0.253595 0.013235 0.007843
10 0.536029 0.252288 0.011765 0.018301
4 0.530147 0.233333 0.023529 0.011765
1 0.510294 0.270588 0.001471 0.007843
8 0.510294 0.269281 0.001471 0.010458
3 0.529412 0.248366 0.013235 0.007843
3 0.526838 0.247059 0.013971 0.007843
5 0.491544 0.256863 0.002206 0.006536
8 0.491912 0.255556 0.001471 0.009150
11 0.519853 0.205229 0.010294 0.007843
4 0.494118 0.205882 0.019118 0.022222
4 0.510294 0.216340 0.008824 0.014379
3 0.526838 0.221569 0.005147 0.006536
7 0.523162 0.219608 0.000735 0.007843
8 0.483088 0.221569 0.001471 0.003922
5 0.483088 0.222222 0.001471 0.005229
8 0.486765 0.227451 0.001471 0.005229
8 0.488603 0.230719 0.000735 0.003922
5 0.486765 0.228758 0.001471 0.005229
5 0.488603 0.232680 0.002206 0.005229
5 0.491912 0.229412 0.001471 0.003922
4 0.507353 0.235948 0.016176 0.014379
3 0.508824 0.253595 0.007353 0.010458
3 0.502206 0.250980 0.007353 0.007843
11 0.497426 0.245752 0.005147 0.007843
3 0.494485 0.235294 0.006618 0.007843
