4 0.521354 0.180556 0.178125 0.050000
4 0.336979 0.206481 0.165625 0.042593
7 0.368229 0.849074 0.021875 0.087037
7 0.423438 0.819444 0.019792 0.090741
7 0.481771 0.771296 0.017708 0.090741
7 0.532292 0.727778 0.016667 0.077778
7 0.572917 0.694444 0.014583 0.077778
7 0.615625 0.659259 0.012500 0.077778
7 0.647396 0.633333 0.015625 0.074074
7 0.684896 0.604630 0.013542 0.072222
7 0.722396 0.573148 0.013542 0.064815
7 0.753646 0.547222 0.013542 0.072222
7 0.773958 0.500000 0.012500 0.066667
7 0.730729 0.471296 0.015625 0.064815
7 0.713021 0.520370 0.011458 0.074074
7 0.682292 0.539815 0.014583 0.068519
7 0.650000 0.562037 0.012500 0.064815
7 0.616667 0.587963 0.014583 0.072222
7 0.576562 0.621296 0.015625 0.064815
7 0.530729 0.656481 0.019792 0.072222
7 0.488542 0.687963 0.016667 0.072222
7 0.446875 0.718519 0.020833 0.081481
7 0.400000 0.702778 0.016667 0.087037
7 0.338021 0.794444 0.019792 0.081481
7 0.373958 0.662037 0.016667 0.072222
7 0.433854 0.608333 0.015625 0.072222
7 0.470313 0.621296 0.015625 0.072222
7 0.504167 0.598148 0.010417 0.070370
7 0.541146 0.574074 0.013542 0.066667
7 0.574479 0.550000 0.015625 0.059259
7 0.608333 0.528704 0.012500 0.064815
7 0.642708 0.508333 0.012500 0.064815
7 0.672917 0.491667 0.012500 0.064815
7 0.569792 0.451852 0.016667 0.055556
7 0.446875 0.509259 0.014583 0.066667
7 0.411979 0.584259 0.013542 0.068519
7 0.392708 0.557407 0.012500 0.066667
7 0.375521 0.529630 0.013542 0.066667
7 0.357812 0.504630 0.013542 0.061111
7 0.343229 0.483333 0.013542 0.059259
7 0.328646 0.456481 0.011458 0.061111
7 0.316146 0.438889 0.013542 0.051852
7 0.360417 0.623148 0.014583 0.072222
7 0.345833 0.594444 0.016667 0.074074
7 0.325000 0.566667 0.012500 0.066667
7 0.305208 0.536111 0.014583 0.061111
7 0.291667 0.507407 0.016667 0.059259
7 0.276042 0.475926 0.014583 0.062963
7 0.258854 0.449074 0.013542 0.061111
7 0.246354 0.427778 0.013542 0.055556
7 0.238021 0.408333 0.009375 0.050000
7 0.230208 0.387037 0.012500 0.051852
7 0.220833 0.374074 0.008333 0.044444
7 0.213021 0.354630 0.011458 0.046296
7 0.328125 0.748148 0.018750 0.081481
7 0.305729 0.699074 0.017708 0.079630
7 0.289062 0.657407 0.019792 0.074074
7 0.281250 0.621296 0.014583 0.064815
7 0.266667 0.575000 0.014583 0.068519
7 0.253646 0.547222 0.017708 0.064815
7 0.238021 0.520370 0.013542 0.062963
7 0.227604 0.484259 0.009375 0.046296
7 0.222396 0.464815 0.011458 0.048148
7 0.210938 0.451852 0.013542 0.055556
7 0.204167 0.426852 0.012500 0.046296
7 0.204687 0.400000 0.011458 0.044444
7 0.189583 0.356481 0.010417 0.050000
7 0.105729 0.426852 0.017708 0.061111
7 0.090625 0.439815 0.010417 0.035185
7 0.096875 0.567593 0.027083 0.072222
7 0.044792 0.550000 0.025000 0.070370
7 0.026562 0.812037 0.030208 0.087037
7 0.013542 0.869444 0.027083 0.094444
7 0.189583 0.843519 0.031250 0.090741
7 0.165625 0.850926 0.025000 0.090741
7 0.225521 0.731481 0.021875 0.085185
7 0.295312 0.402778 0.013542 0.050000
7 0.310417 0.417593 0.010417 0.050000
7 0.280208 0.385185 0.012500 0.048148
7 0.271875 0.364815 0.012500 0.044444
7 0.260937 0.354630 0.007292 0.046296
7 0.251563 0.344444 0.009375 0.040741
7 0.239063 0.330556 0.009375 0.046296
7 0.356250 0.388889 0.012500 0.051852
7 0.477083 0.332407 0.008333 0.050000
7 0.473958 0.316667 0.010417 0.055556
7 0.681771 0.337037 0.009375 0.048148
7 0.757812 0.415741 0.007292 0.042593
7 0.663021 0.306481 0.009375 0.042593
7 0.929688 0.520370 0.019792 0.059259
7 0.958333 0.566667 0.018750 0.066667
7 0.835417 0.351852 0.010417 0.044444
7 0.835417 0.314815 0.010417 0.040741
4 0.766146 0.198148 0.288542 0.059259
7 0.438021 0.262963 0.009375 0.040741
7 0.401042 0.291667 0.010417 0.038889
7 0.281771 0.284259 0.011458 0.042593
7 0.153646 0.279630 0.011458 0.040741
7 0.145833 0.291667 0.010417 0.027778
4 0.142708 0.231481 0.129167 0.044444
4 0.011458 0.462963 0.022917 0.251852
7 0.741667 0.400926 0.014583 0.053704
7 0.361458 0.299074 0.006250 0.038889
7 0.689063 0.260185 0.007292 0.035185
7 0.678125 0.257407 0.006250 0.033333
7 0.667708 0.253704 0.008333 0.033333
4 0.855729 0.258333 0.126042 0.050000
