3 0.420146 0.037106 0.029228 0.027829
3 0.447025 0.027365 0.016180 0.028757
3 0.519833 0.090909 0.036534 0.031540
3 0.533142 0.125232 0.039144 0.029685
3 0.531054 0.215213 0.044363 0.040816
7 0.538622 0.234230 0.003132 0.025046
7 0.530010 0.227737 0.004697 0.019481
3 0.528706 0.185993 0.040710 0.034323
3 0.532620 0.161874 0.041232 0.025046
3 0.556889 0.387291 0.048017 0.039889
3 0.547756 0.354824 0.047495 0.036178
3 0.574374 0.552876 0.054802 0.044527
3 0.579071 0.599722 0.057933 0.045455
3 0.584551 0.653061 0.059499 0.046382
3 0.595772 0.918831 0.051670 0.110390
3 0.800104 0.054731 0.024008 0.033395
3 0.837683 0.007421 0.016701 0.014842
