3 0.095357 0.506980 0.059286 0.085025
3 0.388571 0.396574 0.064286 0.074873
3 0.509643 0.344543 0.065000 0.057107
10 0.641786 0.346447 0.123571 0.086294
3 0.762500 0.371193 0.057857 0.052030
7 0.901071 0.244924 0.012143 0.038071
7 0.895357 0.237310 0.013571 0.035533
7 0.891786 0.228426 0.010714 0.032995
3 0.949286 0.150381 0.042857 0.062183
7 0.730000 0.053934 0.008571 0.036802
7 0.812143 0.012690 0.008571 0.025381
7 0.746786 0.230330 0.012143 0.034264
7 0.655000 0.176396 0.011429 0.030457
7 0.550000 0.145939 0.008571 0.035533
7 0.459643 0.157995 0.007857 0.036802
7 0.364643 0.135152 0.010714 0.031726
7 0.365357 0.123096 0.009286 0.030457
7 0.307143 0.121827 0.008571 0.032995
7 0.258214 0.103426 0.010714 0.034264
3 0.063929 0.295051 0.073571 0.059645
3 0.089643 0.260152 0.076429 0.058376
3 0.021786 0.243655 0.043571 0.053299
