3 0.683571 0.171429 0.051429 0.036190
3 0.520357 0.225238 0.049286 0.054286
3 0.539286 0.465714 0.022857 0.066667
3 0.432500 0.523810 0.027857 0.068571
3 0.538929 0.729048 0.023571 0.069524
3 0.188214 0.825238 0.052143 0.065714
3 0.172857 0.706190 0.047143 0.065714
11 0.514286 0.952381 0.037143 0.064762
11 0.345714 0.173333 0.045714 0.036190
9 0.487143 0.842857 0.015714 0.051429
9 0.538929 0.833810 0.020714 0.048571
9 0.536786 0.906667 0.019286 0.045714
7 0.248929 0.916190 0.015000 0.019048
7 0.266786 0.914762 0.010714 0.018095
7 0.374286 0.903810 0.005714 0.020952
3 0.806786 0.169524 0.055000 0.036190
7 0.831429 0.035714 0.015714 0.016190
7 0.838571 0.071429 0.012857 0.017143
7 0.847143 0.064286 0.010000 0.014286
7 0.847143 0.055714 0.011429 0.014286
7 0.850000 0.046190 0.010000 0.014286
5 0.437143 0.851905 0.010000 0.029524
5 0.453929 0.910000 0.006429 0.027619
5 0.463214 0.767619 0.006429 0.028571
5 0.447857 0.718095 0.008571 0.028571
5 0.461429 0.620476 0.008571 0.027619
5 0.462500 0.426190 0.007857 0.027619
5 0.480714 0.490476 0.008571 0.024762
5 0.424643 0.361905 0.012143 0.030476
5 0.389286 0.326190 0.011429 0.029524
11 0.023214 0.824762 0.046429 0.062857
3 0.014286 0.708571 0.028571 0.059048
3 0.048214 0.712857 0.050714 0.067619
3 0.085357 0.711905 0.047857 0.063810
3 0.130357 0.707619 0.052143 0.068571
10 0.540000 0.622857 0.035714 0.125714
5 0.429286 0.200000 0.021429 0.019048
5 0.426071 0.121905 0.007857 0.034286
5 0.599286 0.219524 0.024286 0.016190
5 0.896786 0.236667 0.025000 0.014286
5 0.952500 0.206667 0.025000 0.017143
3 0.985357 0.169524 0.027857 0.034286
1 0.743929 0.134762 0.016429 0.008571
8 0.748929 0.130952 0.009286 0.014286
8 0.899286 0.235714 0.010000 0.014286
8 0.431786 0.200000 0.007857 0.019048
8 0.425357 0.198571 0.006429 0.012381
8 0.599643 0.218095 0.006429 0.013333
8 0.425357 0.118095 0.006429 0.017143
8 0.462143 0.425714 0.007143 0.013333
8 0.481071 0.491905 0.007857 0.016190
8 0.461429 0.621905 0.007143 0.013333
8 0.463571 0.769048 0.005714 0.016190
8 0.447857 0.722857 0.007143 0.009524
8 0.436786 0.854286 0.006429 0.015238
7 0.503571 0.895714 0.007143 0.020000
8 0.489643 0.836190 0.005000 0.017143
5 0.301429 0.143810 0.018571 0.013333
8 0.300714 0.141905 0.010000 0.013333
8 0.958214 0.206190 0.007857 0.012381
5 0.446786 0.062381 0.012143 0.039048
8 0.445714 0.059048 0.012857 0.022857
