3 0.613929 0.519670 0.027857 0.090102
3 0.397500 0.586929 0.029286 0.082487
3 0.444643 0.189086 0.017857 0.043147
3 0.281429 0.705584 0.058571 0.088832
3 0.255357 0.831218 0.053571 0.101523
3 0.292857 0.653553 0.045714 0.078680
3 0.117143 0.364213 0.045714 0.032995
3 0.065357 0.361041 0.056429 0.034264
3 0.171786 0.364213 0.053571 0.032995
3 0.224286 0.365482 0.048571 0.043147
11 0.291429 0.519670 0.052857 0.090102
11 0.238571 0.897843 0.062857 0.138325
11 0.542857 0.086294 0.017143 0.045685
3 0.536786 0.949239 0.039286 0.096447
2 0.686429 0.753807 0.078571 0.375635
7 0.236786 0.757614 0.012143 0.032995
7 0.307857 0.824873 0.011429 0.040609
7 0.300357 0.826142 0.009286 0.035533
7 0.322500 0.769036 0.009286 0.035533
7 0.311786 0.770305 0.009286 0.040609
7 0.374643 0.317893 0.006429 0.031726
7 0.396071 0.271574 0.005000 0.027919
7 0.769286 0.269036 0.005714 0.030457
7 0.756429 0.234772 0.005714 0.022843
7 0.752500 0.248096 0.006429 0.031726
