5 0.082985 0.084879 0.012526 0.026902
11 0.121868 0.121058 0.032881 0.052876
5 0.028967 0.090909 0.013048 0.027829
5 0.025052 0.066327 0.017745 0.023191
5 0.068372 0.060761 0.014614 0.025046
3 0.116127 0.240260 0.042276 0.038961
3 0.231994 0.169759 0.033925 0.051948
0 0.253392 0.175788 0.021399 0.028757
3 0.289405 0.200835 0.030793 0.052876
3 0.227035 0.265770 0.045929 0.045455
3 0.301409 0.553803 0.049582 0.068646
3 0.361169 0.328386 0.043841 0.063080
5 0.367171 0.391002 0.009916 0.025046
7 0.414927 0.364100 0.006263 0.023191
1 0.431367 0.397959 0.016180 0.025974
5 0.449896 0.391002 0.016701 0.026902
3 0.371608 0.519481 0.048017 0.064935
3 0.472077 0.442022 0.038100 0.067718
3 0.496086 0.459184 0.037056 0.068646
3 0.484342 0.638219 0.052192 0.076067
3 0.578549 0.559369 0.051670 0.057514
3 0.391701 0.738404 0.062109 0.087199
3 0.704593 0.658627 0.037578 0.079777
5 0.734081 0.689703 0.013048 0.032468
5 0.776618 0.781076 0.019833 0.037106
5 0.788622 0.768553 0.011482 0.038033
3 0.821764 0.778293 0.038100 0.087199
3 0.856472 0.818182 0.045929 0.098330
3 0.643789 0.963358 0.054802 0.069573
11 0.368476 0.152597 0.044885 0.084416
