3 0.016750 0.926333 0.033500 0.052667
3 0.030500 0.873000 0.061000 0.052667
3 0.072250 0.832667 0.074500 0.052000
3 0.105500 0.805000 0.060000 0.034000
3 0.127000 0.778333 0.061000 0.038000
3 0.163000 0.741333 0.025000 0.037333
3 0.226500 0.784333 0.033000 0.056667
3 0.097000 0.741667 0.026000 0.038000
3 0.098500 0.704333 0.021000 0.032667
3 0.060750 0.726667 0.028500 0.032000
3 0.028500 0.739333 0.039000 0.033333
3 0.016000 0.788000 0.032000 0.041333
3 0.169000 0.707667 0.021000 0.032667
3 0.198250 0.666000 0.017500 0.044000
3 0.247500 0.713333 0.019000 0.037333
3 0.267750 0.747667 0.060500 0.034000
3 0.307500 0.724667 0.048000 0.033333
3 0.276750 0.773667 0.057500 0.040667
3 0.283250 0.793333 0.065500 0.046667
3 0.284500 0.837333 0.064000 0.077333
3 0.504500 0.882000 0.041000 0.078667
7 0.506000 0.963667 0.011000 0.043333
7 0.494000 0.975667 0.009000 0.039333
7 0.308000 0.957667 0.009000 0.034000
7 0.296250 0.948333 0.011500 0.034000
7 0.289500 0.957333 0.013000 0.029333
7 0.235500 0.904000 0.012000 0.036000
7 0.016500 0.689333 0.008000 0.020000
7 0.026500 0.677667 0.007000 0.023333
7 0.033500 0.699333 0.006000 0.018667
3 0.114000 0.579000 0.021000 0.022000
3 0.082250 0.555667 0.016500 0.019333
3 0.173250 0.669000 0.019500 0.024667
3 0.248000 0.656333 0.016000 0.030000
3 0.244000 0.632667 0.017000 0.024000
3 0.241750 0.610000 0.015500 0.021333
3 0.239500 0.591667 0.014000 0.018000
3 0.236500 0.572667 0.013000 0.014667
3 0.235250 0.558000 0.011500 0.014667
3 0.233000 0.544000 0.010000 0.014667
3 0.232250 0.528333 0.010500 0.011333
3 0.229750 0.512667 0.007500 0.010667
3 0.097250 0.526000 0.020500 0.012000
3 0.101250 0.531000 0.016500 0.011333
3 0.108750 0.533000 0.016500 0.011333
3 0.113500 0.536333 0.015000 0.011333
3 0.119250 0.541000 0.021500 0.014000
3 0.177000 0.631667 0.020000 0.030000
3 0.178250 0.611000 0.021500 0.023333
3 0.181000 0.596667 0.018000 0.020000
3 0.184750 0.576333 0.016500 0.022000
3 0.187000 0.563333 0.015000 0.017333
3 0.191250 0.536000 0.012500 0.022667
3 0.195500 0.511000 0.010000 0.011333
3 0.210750 0.513667 0.008500 0.012667
3 0.227750 0.498000 0.009500 0.010667
3 0.227750 0.492333 0.007500 0.008667
3 0.227750 0.486333 0.006500 0.007333
3 0.227250 0.476000 0.005500 0.010667
3 0.226750 0.465333 0.005500 0.010667
3 0.225750 0.453667 0.005500 0.008667
3 0.225250 0.447667 0.004500 0.004667
3 0.223750 0.442667 0.003500 0.005333
3 0.223250 0.435000 0.002500 0.004667
4 0.198500 0.465333 0.016000 0.070667
4 0.207500 0.415000 0.038000 0.030000
3 0.166000 0.470333 0.015000 0.008667
3 0.159000 0.469667 0.014000 0.008667
3 0.149500 0.467000 0.013000 0.007333
7 0.149500 0.482333 0.002000 0.008667
7 0.158250 0.492000 0.002500 0.009333
7 0.178250 0.805667 0.010500 0.026000
7 0.168250 0.810333 0.006500 0.022000
8 0.265500 0.888667 0.012000 0.036000
5 0.266000 0.892000 0.016000 0.024000
7 0.131250 0.700667 0.006500 0.024000
8 0.028000 0.630667 0.006000 0.010667
4 0.593000 0.689667 0.137000 0.112667
5 0.490500 0.735000 0.009000 0.023333
10 0.529000 0.772333 0.057000 0.043333
11 0.573750 0.791333 0.045500 0.057333
11 0.613250 0.843667 0.059500 0.067333
3 0.693000 0.902000 0.067000 0.056000
7 0.581250 0.970333 0.007500 0.039333
7 0.653000 0.960333 0.011000 0.046000
7 0.646500 0.967333 0.011000 0.044000
7 0.622250 0.945333 0.008500 0.033333
8 0.629000 0.951333 0.009000 0.028000
5 0.630500 0.960333 0.015000 0.030000
5 0.463500 0.920000 0.028000 0.022667
7 0.528750 0.903000 0.009500 0.039333
7 0.555250 0.914333 0.011500 0.038000
7 0.577000 0.911333 0.008000 0.037333
7 0.576000 0.887000 0.011000 0.024667
7 0.557000 0.887000 0.010000 0.034000
7 0.615250 0.895000 0.006500 0.038000
7 0.630500 0.898667 0.009000 0.033333
7 0.650000 0.852333 0.008000 0.028667
7 0.596250 0.878000 0.008500 0.024000
7 0.604250 0.891667 0.008500 0.035333
7 0.608500 0.872667 0.009000 0.018667
7 0.619750 0.887667 0.007500 0.036667
7 0.618500 0.870333 0.006000 0.026000
7 0.614000 0.862333 0.007000 0.026000
8 0.629750 0.868333 0.007500 0.020667
8 0.640500 0.861667 0.008000 0.022000
8 0.708250 0.840333 0.010500 0.028667
7 0.813500 0.848333 0.009000 0.031333
8 0.769750 0.803667 0.007500 0.019333
8 0.755500 0.808000 0.012000 0.014667
8 0.824000 0.777333 0.009000 0.017333
7 0.857500 0.795667 0.007000 0.027333
8 0.860500 0.816667 0.010000 0.025333
5 0.858500 0.822333 0.015000 0.027333
7 0.817500 0.744000 0.010000 0.026667
7 0.825000 0.746333 0.006000 0.019333
7 0.873250 0.746667 0.004500 0.024000
7 0.882750 0.751667 0.004500 0.027333
1 0.799250 0.702333 0.013500 0.016667
3 0.904750 0.818000 0.055500 0.045333
3 0.976750 0.779333 0.045500 0.042667
11 0.960000 0.853667 0.077000 0.067333
11 0.965500 0.878000 0.065000 0.054667
11 0.857500 0.728667 0.060000 0.044000
3 0.910250 0.705667 0.041500 0.032667
3 0.912250 0.694333 0.053500 0.034000
3 0.934750 0.691667 0.059500 0.036667
3 0.957500 0.687000 0.055000 0.035333
3 0.863000 0.590667 0.028000 0.024000
3 0.908750 0.584333 0.035500 0.022000
3 0.921750 0.609667 0.038500 0.026000
3 0.974250 0.627333 0.043500 0.030667
3 0.976000 0.586333 0.039000 0.018000
3 0.902250 0.554000 0.030500 0.014667
11 0.804500 0.531667 0.022000 0.015333
11 0.767500 0.553667 0.024000 0.015333
7 0.995750 0.702333 0.006500 0.024667
11 0.909750 0.968000 0.073500 0.062667
5 0.961750 0.946667 0.030500 0.045333
7 0.987500 0.931667 0.014000 0.036667
7 0.440250 0.845000 0.009500 0.028667
8 0.435000 0.815000 0.012000 0.020667
8 0.444000 0.806000 0.009000 0.016000
8 0.446250 0.817000 0.009500 0.008667
8 0.449250 0.828333 0.007500 0.019333
11 0.325250 0.914333 0.071500 0.067333
3 0.662500 0.488333 0.019000 0.011333
3 0.603750 0.470333 0.013500 0.010000
3 0.631500 0.455000 0.012000 0.007333
3 0.618750 0.455667 0.012500 0.008667
3 0.597250 0.453000 0.012500 0.007333
3 0.584250 0.454333 0.010500 0.008667
3 0.664250 0.452667 0.011500 0.008000
3 0.629000 0.449000 0.008000 0.006000
3 0.552250 0.464667 0.010500 0.009333
3 0.468000 0.490333 0.011000 0.012667
2 0.449000 0.481333 0.019000 0.021333
3 0.442750 0.527333 0.018500 0.010667
10 0.400250 0.508667 0.036500 0.016000
3 0.366500 0.491000 0.019000 0.008667
3 0.392750 0.490333 0.019500 0.008667
10 0.381000 0.480667 0.020000 0.012000
4 0.349250 0.462667 0.069500 0.049333
3 0.430250 0.475667 0.016500 0.007333
3 0.419750 0.469000 0.015500 0.008667
10 0.413250 0.462333 0.016500 0.007333
3 0.407500 0.459667 0.012000 0.007333
3 0.400250 0.457000 0.009500 0.006000
10 0.387500 0.447000 0.016000 0.010000
10 0.384250 0.445000 0.018500 0.014000
