3 0.635960 0.918367 0.060021 0.105751
3 0.597860 0.657236 0.046451 0.052876
11 0.547495 0.636364 0.041754 0.068646
3 0.585856 0.597866 0.025574 0.065863
3 0.629436 0.559833 0.037578 0.054731
7 0.531054 0.570501 0.006785 0.022263
7 0.535752 0.569573 0.006785 0.027829
7 0.666493 0.461503 0.005219 0.017625
7 0.669102 0.457792 0.005219 0.025046
7 0.674843 0.461503 0.003132 0.017625
3 0.725992 0.459184 0.031315 0.044527
11 0.757046 0.427180 0.025574 0.034323
3 0.786534 0.397032 0.026096 0.035250
2 0.917537 0.403061 0.055324 0.088126
2 0.962683 0.345547 0.042276 0.073284
11 0.953027 0.247681 0.014614 0.035250
7 0.747129 0.411410 0.005741 0.025046
5 0.692850 0.456401 0.012004 0.020408
4 0.766701 0.387755 0.027140 0.033395
3 0.958768 0.205009 0.024008 0.016698
3 0.969729 0.190631 0.028184 0.013915
3 0.988779 0.163729 0.019311 0.021336
5 0.595511 0.556122 0.012526 0.019481
5 0.608820 0.543135 0.015136 0.017625
4 0.721555 0.409091 0.028706 0.037106
1 0.500000 0.638683 0.010438 0.023191
5 0.510177 0.623377 0.014092 0.027829
5 0.517745 0.620594 0.016701 0.027829
5 0.361691 0.739796 0.022965 0.028757
5 0.356472 0.731911 0.021921 0.033395
5 0.790971 0.364564 0.019311 0.024119
