3 0.206071 0.859137 0.042143 0.167513
3 0.291429 0.850888 0.045714 0.151015
3 0.338929 0.850888 0.039286 0.140863
3 0.388214 0.833756 0.042143 0.170051
3 0.483214 0.808376 0.033571 0.157360
3 0.524286 0.803934 0.042857 0.171320
3 0.575714 0.799492 0.041429 0.185279
3 0.623214 0.776650 0.047857 0.175127
3 0.665357 0.770305 0.046429 0.159898
3 0.706429 0.753807 0.051429 0.167513
3 0.748214 0.747462 0.047857 0.162437
3 0.789643 0.744289 0.052143 0.151015
3 0.829286 0.742386 0.054286 0.154822
3 0.872143 0.743655 0.050000 0.164975
3 0.945000 0.751904 0.081429 0.097716
3 0.940714 0.667513 0.094286 0.091371
3 0.933929 0.490482 0.097857 0.118020
3 0.848571 0.395939 0.098571 0.116751
3 0.717500 0.254442 0.070714 0.115482
3 0.631786 0.175761 0.075000 0.097716
3 0.614643 0.235406 0.076429 0.110406
3 0.693929 0.318528 0.073571 0.111675
3 0.920000 0.551396 0.098571 0.123096
3 0.477500 0.110406 0.076429 0.111675
3 0.449643 0.163706 0.073571 0.104061
3 0.440714 0.467640 0.080000 0.120558
3 0.516071 0.559010 0.076429 0.140863
3 0.415000 0.531091 0.081429 0.125635
3 0.376071 0.585660 0.076429 0.118020
3 0.330714 0.506980 0.062857 0.135787
3 0.292500 0.468909 0.067857 0.135787
3 0.645000 0.436548 0.085714 0.121827
3 0.665714 0.374365 0.067143 0.109137
3 0.573929 0.355964 0.063571 0.107868
3 0.803214 0.557107 0.099286 0.076142
3 0.823571 0.447970 0.097143 0.134518
3 0.737500 0.633883 0.100714 0.077411
3 0.843214 0.629442 0.103571 0.068528
