3 0.259916 0.006957 0.014614 0.013915
3 0.300887 0.025974 0.013048 0.024119
3 0.262265 0.035714 0.015136 0.026902
3 0.288100 0.074212 0.016701 0.027829
3 0.308977 0.062152 0.015658 0.024119
3 0.322808 0.086271 0.018267 0.029685
3 0.342902 0.154917 0.025052 0.037106
3 0.332985 0.256957 0.025052 0.040816
3 0.371608 0.240260 0.024008 0.044527
3 0.395355 0.140074 0.022443 0.029685
7 0.290710 0.025510 0.003132 0.013915
3 0.322808 0.019017 0.018267 0.015770
5 0.430063 0.137755 0.018789 0.017625
7 0.430324 0.123840 0.003653 0.012059
7 0.440501 0.128942 0.003132 0.012987
3 0.465292 0.319109 0.029749 0.048237
3 0.444415 0.288033 0.025574 0.038033
3 0.568111 0.596475 0.040188 0.077922
3 0.596816 0.615492 0.038100 0.076994
3 0.633090 0.646104 0.040710 0.078850
11 0.506263 0.530612 0.042797 0.072356
3 0.865605 0.575139 0.049582 0.074212
7 0.775835 0.550093 0.004697 0.022263
5 0.788361 0.544063 0.006785 0.023191
3 0.984081 0.443878 0.029749 0.045455
3 0.974165 0.466605 0.046451 0.063080
