1 0.424286 0.773810 0.025714 0.079048
7 0.588929 0.638571 0.009286 0.056190
7 0.604286 0.650952 0.014286 0.065714
7 0.616071 0.660952 0.012143 0.062857
7 0.635000 0.639048 0.017143 0.062857
7 0.583214 0.513333 0.012143 0.047619
7 0.614643 0.528571 0.013571 0.047619
7 0.587857 0.470000 0.012857 0.046667
7 0.508571 0.437619 0.010000 0.035238
7 0.602857 0.445238 0.010000 0.040952
1 0.497500 0.504286 0.017857 0.052381
3 0.236071 0.673333 0.123571 0.146667
3 0.224286 0.534286 0.088571 0.099048
3 0.034286 0.648095 0.065714 0.107619
3 0.458571 0.404286 0.055714 0.054286
3 0.388929 0.410952 0.059286 0.060000
3 0.226429 0.448571 0.074286 0.064762
3 0.648214 0.607143 0.130714 0.080952
3 0.923214 0.868571 0.152143 0.118095
3 0.883571 0.662857 0.162857 0.085714
7 0.785000 0.535238 0.015714 0.053333
7 0.741786 0.494762 0.012143 0.042857
7 0.169643 0.419524 0.013571 0.037143
11 0.325714 0.302857 0.050000 0.049524
11 0.363214 0.281905 0.030714 0.038095
3 0.392143 0.269524 0.025714 0.026667
5 0.415357 0.249048 0.010714 0.014286
3 0.436429 0.230952 0.024286 0.025714
3 0.453929 0.216190 0.020714 0.024762
11 0.468571 0.202857 0.012857 0.022857
11 0.471071 0.314762 0.036429 0.044762
2 0.498929 0.200476 0.049286 0.054286
6 0.501071 0.232857 0.036429 0.033333
3 0.525000 0.303333 0.025714 0.039048
3 0.549643 0.224762 0.019286 0.017143
3 0.572500 0.165714 0.016429 0.022857
3 0.529643 0.177143 0.013571 0.017143
3 0.543571 0.166190 0.012857 0.018095
3 0.544286 0.150476 0.012857 0.013333
4 0.573571 0.131429 0.044286 0.034286
7 0.398214 0.229524 0.005000 0.022857
5 0.278214 0.384762 0.010714 0.024762
8 0.498929 0.498571 0.015000 0.037143
8 0.424643 0.769048 0.023571 0.061905
7 0.490714 0.778571 0.024286 0.075238
1 0.501071 0.796190 0.017857 0.070476
8 0.277500 0.373333 0.010714 0.026667
