3 0.316786 0.691429 0.036429 0.051429
3 0.390000 0.626190 0.015714 0.035238
3 0.393214 0.534762 0.015000 0.027619
10 0.376429 0.683810 0.028571 0.081905
10 0.392857 0.572381 0.018571 0.059048
9 0.334286 0.766667 0.014286 0.040000
1 0.345714 0.735714 0.010000 0.027619
8 0.344643 0.730952 0.007857 0.014286
5 0.582143 0.718095 0.010000 0.019048
8 0.582857 0.714286 0.008571 0.017143
3 0.536786 0.578571 0.026429 0.029524
10 0.415714 0.336667 0.014286 0.050476
3 0.425000 0.208095 0.005714 0.006667
3 0.433214 0.195714 0.005000 0.006667
3 0.325000 0.413333 0.014286 0.011429
