11 0.086429 0.140863 0.017143 0.012690
3 0.076786 0.149746 0.016429 0.010152
3 0.148929 0.196701 0.009286 0.017766
3 0.164286 0.199873 0.010000 0.024112
3 0.133929 0.206218 0.012143 0.016497
11 0.121071 0.200508 0.012143 0.027919
3 0.199643 0.198604 0.009286 0.016497
11 0.219643 0.005711 0.007857 0.008883
3 0.245000 0.011421 0.007143 0.010152
3 0.257857 0.013325 0.007143 0.008883
3 0.242857 0.031091 0.007143 0.008883
3 0.271071 0.026015 0.006429 0.011421
3 0.271786 0.059010 0.007857 0.008883
3 0.293571 0.063452 0.007143 0.012690
3 0.280357 0.101523 0.006429 0.010152
3 0.318571 0.101523 0.007143 0.012690
3 0.334643 0.144670 0.007857 0.015228
3 0.329643 0.199239 0.009286 0.017766
3 0.308929 0.230330 0.009286 0.016497
11 0.292857 0.276650 0.011429 0.022843
11 0.360357 0.336929 0.012143 0.034264
11 0.292500 0.394036 0.013571 0.029188
11 0.202500 0.354061 0.026429 0.022843
7 0.266071 0.376269 0.003571 0.016497
11 0.250357 0.423858 0.013571 0.025381
2 0.245357 0.474619 0.016429 0.053299
11 0.266429 0.499365 0.011429 0.026650
11 0.268571 0.454315 0.011429 0.030457
11 0.269643 0.416878 0.010714 0.021574
7 0.390714 0.276015 0.001429 0.013959
3 0.415714 0.413706 0.024286 0.025381
3 0.462143 0.500000 0.014286 0.030457
7 0.465357 0.611041 0.003571 0.021574
11 0.487857 0.606599 0.020000 0.040609
11 0.423929 0.548858 0.016429 0.041878
11 0.432143 0.593274 0.015714 0.044416
11 0.439643 0.639594 0.017857 0.053299
11 0.290714 0.611675 0.020000 0.053299
3 0.324286 0.727792 0.022857 0.059645
7 0.205000 0.663706 0.004286 0.017766
3 0.226429 0.697335 0.018571 0.046954
3 0.266429 0.721447 0.022857 0.046954
3 0.232857 0.784264 0.020000 0.055838
7 0.172857 0.919416 0.005714 0.024112
11 0.401071 0.946066 0.029286 0.097716
11 0.551786 0.963832 0.049286 0.052030
3 0.680714 0.908629 0.042857 0.048223
7 0.780714 0.978426 0.007143 0.022843
7 0.579643 0.810279 0.005000 0.021574
7 0.572857 0.765863 0.005714 0.024112
7 0.578571 0.757614 0.004286 0.025381
7 0.609643 0.717005 0.007857 0.022843
7 0.675714 0.701777 0.005714 0.022843
7 0.977857 0.871827 0.007143 0.022843
7 0.984643 0.878173 0.009286 0.025381
2 0.858929 0.809010 0.126429 0.128173
3 0.802500 0.514594 0.017857 0.034264
3 0.816071 0.597081 0.027857 0.036802
11 0.733214 0.592005 0.037857 0.039340
11 0.724286 0.577411 0.031429 0.032995
7 0.812500 0.697335 0.005000 0.019036
7 0.738929 0.687183 0.005000 0.019036
11 0.586071 0.682107 0.042143 0.039340
