3 0.578214 0.764594 0.027857 0.085025
3 0.512500 0.776015 0.026429 0.069797
3 0.538214 0.494289 0.025000 0.046954
3 0.537857 0.419416 0.024286 0.039340
3 0.461429 0.357868 0.020000 0.035533
3 0.423929 0.293147 0.019286 0.027919
3 0.436071 0.270305 0.022143 0.032995
10 0.426786 0.177665 0.033571 0.045685
10 0.369286 0.185279 0.018571 0.030457
3 0.225714 0.237310 0.017143 0.020305
5 0.271786 0.189721 0.009286 0.013959
3 0.221429 0.215736 0.014286 0.017766
3 0.198214 0.206218 0.017857 0.024112
11 0.615714 0.055838 0.014286 0.015228
3 0.569286 0.165609 0.020000 0.016497
11 0.330000 0.607234 0.028571 0.026650
10 0.392143 0.161802 0.022857 0.026650
