11 0.392857 0.034762 0.025714 0.069524
3 0.278571 0.080000 0.057143 0.074286
3 0.260714 0.042381 0.060000 0.073333
7 0.315714 0.123810 0.012857 0.024762
3 0.392143 0.137143 0.028571 0.076190
3 0.392857 0.313333 0.027143 0.093333
7 0.370357 0.321429 0.010714 0.021905
7 0.352143 0.293333 0.010000 0.013333
9 0.353571 0.309048 0.014286 0.042857
3 0.274643 0.393810 0.073571 0.040952
3 0.525000 0.015238 0.025714 0.028571
5 0.495714 0.233333 0.010000 0.032381
3 0.527857 0.292381 0.027143 0.085714
5 0.524286 0.395238 0.015714 0.040000
8 0.523929 0.391905 0.010714 0.021905
3 0.478929 0.478095 0.032143 0.089524
3 0.542857 0.610476 0.037143 0.100952
3 0.278214 0.584762 0.075000 0.045714
5 0.240714 0.531905 0.018571 0.033333
5 0.249643 0.437143 0.029286 0.015238
9 0.346071 0.642857 0.009286 0.036190
7 0.340714 0.641429 0.008571 0.014286
7 0.335000 0.676667 0.012857 0.020000
3 0.273929 0.690952 0.072143 0.037143
3 0.272500 0.746190 0.070714 0.040952
3 0.398571 0.854762 0.028571 0.096190
7 0.215714 0.959524 0.014286 0.016190
7 0.230714 0.944762 0.014286 0.024762
7 0.238571 0.950952 0.014286 0.025714
3 0.483214 0.845714 0.026429 0.097143
3 0.541071 0.840000 0.027857 0.099048
3 0.541071 0.719048 0.027857 0.095238
5 0.448929 0.767619 0.012143 0.030476
8 0.447500 0.764286 0.009286 0.020000
3 0.402857 0.967143 0.030000 0.063810
3 0.441429 0.980000 0.027143 0.038095
1 0.514643 0.986190 0.009286 0.023810
