7 0.048571 0.828095 0.018571 0.065714
7 0.268571 0.719524 0.015714 0.042857
8 0.211429 0.711429 0.008571 0.022857
0 0.200714 0.721905 0.047143 0.034286
11 0.056429 0.768095 0.112857 0.073333
3 0.160357 0.719524 0.077857 0.040952
3 0.154286 0.704286 0.067143 0.035238
3 0.077143 0.710952 0.087143 0.044762
3 0.078929 0.685238 0.073571 0.033333
3 0.135357 0.680476 0.063571 0.031429
3 0.054643 0.681905 0.055000 0.030476
3 0.188571 0.673810 0.060000 0.035238
3 0.202857 0.653810 0.048571 0.025714
3 0.272500 0.650952 0.050714 0.029524
3 0.336786 0.648571 0.042143 0.024762
3 0.294286 0.635714 0.040000 0.021905
3 0.278571 0.628571 0.035714 0.022857
3 0.315000 0.625238 0.032857 0.020000
3 0.380357 0.616190 0.030714 0.019048
3 0.443214 0.614762 0.026429 0.016190
3 0.367857 0.612857 0.027143 0.020000
3 0.411786 0.603810 0.025000 0.019048
3 0.402857 0.596667 0.020000 0.014286
3 0.421429 0.600000 0.018571 0.011429
10 0.446429 0.595714 0.024286 0.016190
3 0.446429 0.589524 0.018571 0.013333
3 0.461786 0.589524 0.019286 0.013333
3 0.494643 0.597619 0.023571 0.014286
4 0.772500 0.528095 0.079286 0.025714
