3 0.488571 0.824286 0.094286 0.160952
3 0.676429 0.742381 0.115714 0.134286
3 0.415714 0.646190 0.067143 0.092381
3 0.227857 0.720476 0.060000 0.119048
3 0.802857 0.678571 0.111429 0.134286
3 0.656786 0.611905 0.099286 0.090476
3 0.854286 0.658571 0.117143 0.124762
3 0.905000 0.635714 0.111429 0.113333
3 0.944643 0.609048 0.106429 0.105714
3 0.623571 0.578095 0.101429 0.080000
3 0.586429 0.548571 0.098571 0.070476
3 0.560000 0.511905 0.080000 0.071429
3 0.532143 0.492381 0.065714 0.053333
3 0.525357 0.462857 0.070714 0.049524
3 0.212857 0.616667 0.054286 0.079048
3 0.211429 0.471429 0.032857 0.062857
3 0.220357 0.326190 0.027857 0.046667
3 0.306071 0.372857 0.059286 0.037143
3 0.320000 0.436667 0.071429 0.039048
3 0.332857 0.474762 0.081429 0.037143
3 0.345357 0.534762 0.096429 0.061905
3 0.298571 0.320476 0.057143 0.031429
11 0.395714 0.787143 0.078571 0.153333
3 0.403571 0.289524 0.044286 0.030476
11 0.388929 0.275714 0.042143 0.029524
3 0.378929 0.269048 0.040714 0.029524
3 0.201071 0.919048 0.102143 0.160000
3 0.020714 0.387143 0.041429 0.042857
3 0.057143 0.330000 0.030000 0.033333
3 0.182500 0.209524 0.013571 0.013333
3 0.144643 0.222857 0.016429 0.019048
3 0.109286 0.230000 0.018571 0.025714
3 0.156429 0.174286 0.011429 0.015238
3 0.122857 0.215238 0.017143 0.013333
11 0.320357 0.413333 0.059286 0.051429
3 0.315714 0.396667 0.062857 0.040952
3 0.279643 0.288095 0.052143 0.029524
7 0.357500 0.633810 0.019286 0.046667
7 0.388929 0.410476 0.012143 0.032381
4 0.192143 0.089048 0.004286 0.020000
4 0.181429 0.108571 0.008571 0.022857
4 0.166429 0.132381 0.011429 0.020952
3 0.125000 0.203810 0.014286 0.015238
3 0.129286 0.199524 0.011429 0.014286
3 0.132857 0.193333 0.011429 0.013333
3 0.136071 0.186667 0.010714 0.011429
3 0.139643 0.180476 0.010714 0.012381
3 0.143214 0.173810 0.010714 0.012381
3 0.150000 0.167143 0.010000 0.012381
3 0.152143 0.161429 0.010000 0.012381
3 0.153571 0.158095 0.010000 0.011429
3 0.156429 0.154286 0.010000 0.011429
3 0.157857 0.150000 0.008571 0.008571
7 0.176071 0.187619 0.003571 0.011429
7 0.171429 0.180476 0.004286 0.012381
7 0.193214 0.182381 0.005000 0.012381
7 0.181786 0.182857 0.005000 0.011429
7 0.183571 0.175238 0.004286 0.011429
7 0.190357 0.178571 0.005000 0.008571
7 0.191071 0.173810 0.005000 0.010476
7 0.177857 0.180476 0.004286 0.010476
7 0.202143 0.178571 0.005714 0.014286
7 0.196786 0.171905 0.003571 0.014286
7 0.199286 0.170476 0.004286 0.011429
4 0.277857 0.258095 0.018571 0.020952
3 0.307143 0.154286 0.021429 0.015238
3 0.299286 0.146190 0.020000 0.012381
3 0.296786 0.137143 0.020714 0.011429
3 0.290000 0.135238 0.022857 0.011429
4 0.283571 0.120952 0.008571 0.009524
3 0.087500 0.270000 0.022143 0.021905
3 0.077500 0.283810 0.023571 0.026667
3 0.067857 0.305238 0.028571 0.029524
3 0.013214 0.318095 0.026429 0.032381
3 0.047143 0.265238 0.025714 0.027619
3 0.059643 0.250952 0.022143 0.021905
1 0.708214 0.556190 0.017857 0.041905
1 0.693929 0.549048 0.017857 0.037143
5 0.678571 0.546667 0.020000 0.034286
7 0.585357 0.465238 0.010714 0.037143
1 0.933929 0.910000 0.060714 0.054286
