10 0.090000 0.013325 0.032857 0.026650
10 0.119286 0.045051 0.035714 0.062183
3 0.152500 0.082487 0.036429 0.027919
3 0.199286 0.159898 0.018571 0.045685
11 0.228929 0.195431 0.025000 0.050761
11 0.250714 0.251269 0.024286 0.060914
11 0.161429 0.199239 0.025714 0.048223
7 0.203571 0.100254 0.005714 0.020305
7 0.230714 0.119289 0.007143 0.020305
7 0.259286 0.214467 0.004286 0.022843
7 0.273214 0.252538 0.005000 0.020305
7 0.222500 0.227792 0.005000 0.021574
11 0.266786 0.329315 0.022143 0.054569
3 0.250357 0.437183 0.029286 0.059645
3 0.292857 0.537437 0.032857 0.067259
8 0.002500 0.373096 0.003571 0.012690
6 0.003571 0.374365 0.005714 0.015228
7 0.002857 0.370558 0.004286 0.015228
7 0.002857 0.362944 0.004286 0.015228
7 0.016786 0.377538 0.009286 0.021574
7 0.028571 0.394036 0.008571 0.019036
7 0.077500 0.921320 0.009286 0.022843
7 0.086071 0.868655 0.009286 0.013959
3 0.363214 0.806472 0.036429 0.090102
4 0.402143 0.920051 0.028571 0.053299
10 0.477143 0.966371 0.065714 0.062183
7 0.876429 0.586294 0.010000 0.022843
7 0.645000 0.524112 0.008571 0.030457
7 0.677143 0.484772 0.008571 0.027919
7 0.682500 0.448604 0.006429 0.031726
7 0.924643 0.047589 0.005000 0.019036
7 0.887143 0.101523 0.008571 0.022843
2 0.904643 0.131345 0.062143 0.115482
3 0.869286 0.211929 0.027143 0.038071
3 0.838214 0.252538 0.036429 0.048223
2 0.806786 0.322335 0.076429 0.147208
2 0.771786 0.475888 0.092143 0.190355
2 0.671071 0.606599 0.075000 0.144670
6 0.502143 0.730330 0.012857 0.034264
11 0.938571 0.074873 0.025714 0.040609
11 0.279643 0.392132 0.025000 0.060914
