3 0.250714 0.866190 0.037143 0.075238
3 0.297857 0.367143 0.015714 0.020000
3 0.416786 0.419524 0.030714 0.021905
10 0.368571 0.730000 0.075714 0.050476
10 0.352143 0.784286 0.081429 0.060000
7 0.386071 0.909048 0.003571 0.020000
3 0.514643 0.641905 0.019286 0.055238
3 0.525000 0.555714 0.017143 0.044762
5 0.453214 0.531905 0.006429 0.023810
3 0.517500 0.420476 0.015000 0.025714
5 0.466786 0.376190 0.003571 0.013333
8 0.466786 0.372381 0.002143 0.007619
3 0.429286 0.374286 0.024286 0.022857
3 0.515000 0.250476 0.007143 0.009524
3 0.432857 0.262381 0.010000 0.012381
11 0.435357 0.255238 0.019286 0.015238
7 0.557857 0.246190 0.002857 0.008571
3 0.457143 0.111429 0.012857 0.005714
3 0.456071 0.133810 0.015000 0.008571
3 0.505714 0.141429 0.008571 0.010476
3 0.480714 0.151905 0.008571 0.010476
3 0.503929 0.112857 0.006429 0.010476
3 0.493929 0.086190 0.007857 0.008571
3 0.496071 0.026667 0.005000 0.009524
7 0.576071 0.302381 0.002143 0.008571
7 0.571429 0.302381 0.002857 0.008571
7 0.564643 0.330000 0.002143 0.008571
7 0.565357 0.271429 0.002143 0.009524
7 0.564286 0.544762 0.002857 0.011429
3 0.574286 0.605714 0.015714 0.045714
7 0.614286 0.810000 0.002857 0.025714
11 0.687857 0.820952 0.032857 0.080000
11 0.666786 0.707619 0.025000 0.062857
