3 0.705714 0.975238 0.058571 0.047619
3 0.477500 0.941905 0.089286 0.114286
3 0.017500 0.381429 0.033571 0.023810
3 0.052857 0.392857 0.035714 0.025714
3 0.096786 0.402381 0.033571 0.025714
3 0.136071 0.420000 0.040714 0.032381
3 0.182857 0.427143 0.044286 0.027619
3 0.240714 0.441429 0.045714 0.033333
3 0.307500 0.460952 0.045000 0.032381
3 0.283571 0.381429 0.027143 0.020000
3 0.396071 0.465238 0.042143 0.029524
3 0.821786 0.192857 0.006429 0.008571
3 0.834286 0.176667 0.004286 0.006667
3 0.840714 0.174762 0.004286 0.006667
3 0.832143 0.161905 0.004286 0.005714
3 0.831429 0.169048 0.002857 0.006667
3 0.835714 0.167619 0.004286 0.005714
3 0.850357 0.123333 0.003571 0.004762
3 0.844286 0.129048 0.004286 0.004762
3 0.849643 0.141429 0.003571 0.006667
3 0.845357 0.138571 0.003571 0.004762
3 0.842857 0.144286 0.004286 0.004762
3 0.841786 0.150000 0.003571 0.004762
3 0.842500 0.406190 0.017857 0.025714
3 0.808929 0.390952 0.017857 0.023810
3 0.850714 0.217143 0.007143 0.007619
3 0.829643 0.213333 0.007857 0.009524
3 0.817857 0.216667 0.007143 0.008571
3 0.806071 0.217143 0.007857 0.009524
3 0.793929 0.287619 0.012143 0.013333
3 0.845000 0.292857 0.011429 0.014286
3 0.843929 0.351905 0.016429 0.018095
3 0.760000 0.383810 0.018571 0.026667
3 0.804643 0.414762 0.019286 0.029524
3 0.745000 0.431429 0.018571 0.028571
3 0.858929 0.140952 0.005000 0.005714
3 0.856429 0.130952 0.002857 0.002857
3 0.860714 0.149524 0.004286 0.003810
3 0.850714 0.155714 0.004286 0.004762
3 0.853571 0.146190 0.004286 0.004762
3 0.833214 0.464762 0.023571 0.028571
3 0.845000 0.522381 0.027143 0.040952
3 0.799643 0.542857 0.029286 0.036190
3 0.718214 0.510952 0.026429 0.042857
3 0.685000 0.573333 0.030000 0.047619
3 0.781429 0.616667 0.037143 0.052381
3 0.836786 0.612381 0.036429 0.053333
3 0.807857 0.721429 0.038571 0.067619
3 0.733929 0.819524 0.045000 0.080952
3 0.793929 0.888571 0.050714 0.093333
3 0.644286 0.914286 0.058571 0.114286
3 0.568929 0.925714 0.067857 0.140952
10 0.647857 0.707619 0.048571 0.080000
10 0.371429 0.477619 0.061429 0.042857
5 0.361429 0.563333 0.017143 0.020000
5 0.303214 0.532857 0.016429 0.012381
5 0.346429 0.536190 0.014286 0.017143
5 0.322500 0.525714 0.016429 0.013333
5 0.335714 0.551429 0.012857 0.013333
3 0.508571 0.569524 0.051429 0.049524
5 0.438929 0.722857 0.017857 0.040000
3 0.876786 0.138095 0.003571 0.003810
5 0.835714 0.147619 0.001429 0.003810
5 0.890000 0.183333 0.002857 0.006667
5 0.886429 0.190000 0.001429 0.006667
5 0.890000 0.190952 0.001429 0.004762
5 0.879286 0.163333 0.001429 0.004762
5 0.883214 0.150476 0.002143 0.007619
5 0.912143 0.249524 0.002857 0.009524
5 0.915714 0.333810 0.004286 0.010476
5 0.945000 0.398571 0.004286 0.012381
3 0.818929 0.176667 0.007857 0.006667
3 0.805000 0.159048 0.007143 0.005714
3 0.809643 0.150476 0.005000 0.005714
3 0.814286 0.148571 0.004286 0.003810
3 0.816786 0.143333 0.003571 0.002857
3 0.820000 0.139048 0.002857 0.003810
3 0.823214 0.134286 0.003571 0.003810
3 0.825357 0.129524 0.003571 0.003810
5 0.107500 0.360952 0.022143 0.015238
7 0.298571 0.500000 0.005714 0.019048
7 0.414643 0.388095 0.003571 0.020000
7 0.433214 0.515714 0.006429 0.023810
8 0.360000 0.550000 0.005714 0.012381
8 0.343571 0.529524 0.007143 0.009524
8 0.318929 0.520000 0.007857 0.009524
8 0.301429 0.530000 0.007143 0.008571
8 0.337857 0.548095 0.005714 0.008571
8 0.438929 0.714286 0.006429 0.017143
7 0.502500 0.462381 0.005000 0.021905
7 0.455714 0.485714 0.005714 0.020952
7 0.447857 0.484762 0.005714 0.022857
7 0.791429 0.233333 0.001429 0.007619
7 0.758929 0.234762 0.002143 0.008571
8 0.835714 0.146190 0.001429 0.002857
8 0.945714 0.393333 0.004286 0.007619
8 0.916071 0.330952 0.003571 0.006667
8 0.912857 0.246667 0.001429 0.003810
8 0.890714 0.182381 0.001429 0.002857
8 0.883929 0.149048 0.002143 0.004762
8 0.879643 0.162381 0.000714 0.002857
8 0.887143 0.188095 0.001429 0.002857
8 0.890000 0.190000 0.001429 0.000952
4 0.857500 0.107619 0.015000 0.013333
4 0.860000 0.094286 0.005714 0.007619
7 0.901429 0.212381 0.001429 0.005714
