3 0.091429 0.107868 0.010000 0.017766
3 0.153929 0.234137 0.013571 0.019036
3 0.192500 0.310914 0.013571 0.022843
3 0.229643 0.383249 0.016429 0.032995
3 0.262143 0.454949 0.018571 0.031726
3 0.319286 0.560279 0.021429 0.046954
3 0.513214 0.961929 0.057857 0.055838
3 0.438571 0.894036 0.047143 0.069797
3 0.380000 0.959391 0.051429 0.073604
3 0.370000 0.656091 0.030000 0.053299
3 0.341429 0.585660 0.031429 0.041878
3 0.260357 0.390863 0.017857 0.030457
3 0.247500 0.421320 0.017857 0.030457
10 0.297857 0.512056 0.032857 0.074873
11 0.417143 0.755076 0.031429 0.065990
5 0.448214 0.784264 0.009286 0.025381
5 0.452857 0.724619 0.008571 0.025381
8 0.447857 0.778553 0.007143 0.021574
8 0.452857 0.722081 0.007143 0.017766
8 0.450714 0.718274 0.007143 0.017766
