3 0.240000 0.906667 0.074286 0.078095
3 0.348214 0.710952 0.066429 0.060000
3 0.386071 0.640000 0.063571 0.045714
3 0.405714 0.608095 0.054286 0.046667
3 0.209643 0.957619 0.077857 0.079048
5 0.228571 0.585238 0.011429 0.023810
3 0.936071 0.296667 0.023571 0.035238
0 0.392500 0.449524 0.026429 0.045714
5 0.388214 0.389524 0.016429 0.015238
5 0.394286 0.385238 0.014286 0.018095
5 0.397857 0.380000 0.008571 0.015238
11 0.561786 0.314762 0.046429 0.039048
11 0.651786 0.508095 0.055000 0.050476
2 0.988214 0.059048 0.020714 0.043810
11 0.820357 0.061429 0.019286 0.020000
11 0.827143 0.058571 0.020000 0.018095
3 0.762857 0.086667 0.028571 0.015238
3 0.776429 0.052381 0.025714 0.015238
3 0.688571 0.154762 0.030000 0.020000
11 0.701786 0.200476 0.033571 0.027619
11 0.615357 0.220000 0.036429 0.034286
3 0.641071 0.187619 0.030714 0.020952
11 0.621429 0.117143 0.028571 0.019048
11 0.621429 0.103810 0.034286 0.022857
3 0.637500 0.104762 0.020714 0.015238
3 0.662143 0.090952 0.022857 0.018095
11 0.695000 0.050952 0.031429 0.021905
3 0.784286 0.036667 0.020000 0.014286
3 0.793929 0.032381 0.023571 0.013333
3 0.767143 0.015238 0.018571 0.011429
3 0.735357 0.014286 0.019286 0.015238
5 0.726071 0.031905 0.009286 0.010476
7 0.655000 0.112857 0.002857 0.012381
