3 0.546973 0.877087 0.035491 0.099258
3 0.626305 0.050557 0.022965 0.013915
3 0.662056 0.171150 0.013048 0.028757
3 0.696503 0.186456 0.015136 0.024119
6 0.694154 0.025974 0.011482 0.038961
0 0.724948 0.042208 0.007307 0.013915
9 0.721816 0.009740 0.010438 0.010204
5 0.684760 0.004638 0.004175 0.007421
5 0.708246 0.051020 0.004175 0.011132
8 0.708246 0.048701 0.003132 0.012059
8 0.711378 0.037106 0.003132 0.009276
8 0.710856 0.027829 0.003132 0.007421
9 0.710856 0.030612 0.004175 0.012987
5 0.711117 0.038497 0.002610 0.008349
5 0.674322 0.086735 0.003132 0.012059
0 0.667276 0.088126 0.007829 0.014842
8 0.674322 0.083488 0.004175 0.014842
8 0.667537 0.083488 0.004175 0.011132
0 0.700418 0.151670 0.011482 0.023191
8 0.674322 0.189703 0.004175 0.015770
5 0.674322 0.196197 0.005219 0.015770
5 0.713987 0.235622 0.005219 0.016698
5 0.709551 0.258349 0.005741 0.017625
8 0.714248 0.230519 0.004697 0.015770
8 0.709029 0.255102 0.006785 0.014842
8 0.696764 0.340909 0.005219 0.021336
8 0.713987 0.362709 0.006263 0.018553
8 0.702244 0.391929 0.006785 0.019481
8 0.702505 0.398887 0.005219 0.012987
5 0.697025 0.347403 0.007829 0.021336
5 0.714248 0.366883 0.007829 0.019481
5 0.703288 0.396568 0.006785 0.021336
1 0.565240 0.467069 0.007307 0.030612
8 0.700939 0.582096 0.007307 0.021336
6 0.700418 0.575139 0.012526 0.038961
8 0.584290 0.599258 0.008873 0.016698
8 0.588987 0.595547 0.007829 0.018553
8 0.611952 0.656772 0.009916 0.033395
8 0.626566 0.663729 0.010960 0.028757
8 0.709029 0.702226 0.007829 0.025974
9 0.593424 0.609462 0.028184 0.044527
9 0.612474 0.655380 0.014092 0.047310
9 0.628132 0.665584 0.015136 0.051020
0 0.578810 0.625232 0.030271 0.048237
5 0.570720 0.660482 0.016180 0.037106
5 0.561848 0.694805 0.018267 0.029685
5 0.566284 0.681354 0.016701 0.028757
1 0.542276 0.678571 0.017745 0.025046
1 0.542797 0.668831 0.021921 0.024119
5 0.708246 0.705009 0.009395 0.037106
3 0.673017 0.713358 0.031837 0.087199
7 0.751305 0.740260 0.008873 0.038961
5 0.748173 0.735622 0.020355 0.033395
5 0.762004 0.763451 0.019833 0.037106
5 0.717641 0.851577 0.017745 0.042672
5 0.697286 0.819573 0.014614 0.054731
5 0.715031 0.939703 0.011482 0.051948
5 0.733559 0.915584 0.020355 0.061224
7 0.721555 0.908163 0.013048 0.035250
10 0.772443 0.101113 0.034447 0.025974
0 0.784969 0.048237 0.019833 0.040816
0 0.793841 0.017625 0.012526 0.014842
10 0.786795 0.009276 0.012004 0.018553
