3 0.472143 0.955714 0.020000 0.077143
7 0.510000 0.921429 0.007143 0.012381
7 0.503214 0.877619 0.005000 0.012381
5 0.465000 0.841905 0.008571 0.032381
1 0.468571 0.784286 0.008571 0.027619
8 0.468214 0.782857 0.006429 0.019048
7 0.468571 0.750000 0.007143 0.016190
7 0.488571 0.747143 0.007143 0.016190
7 0.496429 0.738571 0.007143 0.016190
5 0.451071 0.647143 0.007857 0.023810
7 0.489286 0.565714 0.007143 0.011429
5 0.468571 0.544286 0.008571 0.031429
1 0.442857 0.480952 0.007143 0.024762
3 0.501071 0.471905 0.027857 0.073333
4 0.482857 0.502381 0.007143 0.010476
7 0.452143 0.420952 0.008571 0.011429
5 0.438214 0.390952 0.006429 0.025714
7 0.450000 0.373333 0.007143 0.009524
7 0.456786 0.373333 0.006429 0.009524
7 0.447143 0.321905 0.007143 0.011429
7 0.437857 0.325238 0.007143 0.012381
3 0.497500 0.286190 0.030714 0.079048
1 0.465000 0.273810 0.007143 0.031429
8 0.465000 0.270476 0.007143 0.017143
7 0.479286 0.246190 0.008571 0.012381
8 0.478214 0.243810 0.005000 0.007619
5 0.437857 0.180000 0.008571 0.030476
8 0.437500 0.177619 0.009286 0.016190
11 0.400714 0.188095 0.048571 0.029524
5 0.387500 0.162381 0.015000 0.016190
7 0.373571 0.140000 0.005714 0.013333
7 0.388214 0.153810 0.007857 0.014286
7 0.479286 0.079524 0.005714 0.014286
