3 0.489643 0.496193 0.010714 0.025381
3 0.495000 0.753807 0.012857 0.048223
3 0.519286 0.795051 0.017143 0.046954
3 0.515357 0.692893 0.015000 0.040609
3 0.491786 0.581218 0.012143 0.035533
3 0.510357 0.582487 0.012143 0.035533
3 0.490357 0.326777 0.009286 0.016497
3 0.499643 0.318528 0.006429 0.020305
3 0.497500 0.292513 0.007857 0.016497
3 0.495000 0.237310 0.007143 0.017766
3 0.491429 0.144036 0.005714 0.008883
3 0.482857 0.130711 0.004286 0.007614
3 0.483929 0.142766 0.003571 0.008883
3 0.508929 0.517766 0.010714 0.032995
3 0.498571 0.970812 0.017143 0.053299
3 0.533929 0.986041 0.017857 0.022843
3 0.515000 0.394670 0.008571 0.022843
3 0.501786 0.342005 0.006429 0.016497
3 0.487143 0.274112 0.007143 0.015228
3 0.459286 0.196066 0.005714 0.011421
3 0.469286 0.188452 0.005714 0.011421
3 0.461071 0.139594 0.005000 0.010152
4 0.475357 0.044416 0.033571 0.083756
2 0.467143 0.074873 0.007143 0.022843
11 0.455000 0.109137 0.002857 0.012690
11 0.470714 0.141497 0.004286 0.011421
11 0.489643 0.361041 0.006429 0.021574
11 0.491071 0.441624 0.009286 0.030457
11 0.504286 0.411802 0.010000 0.029188
2 0.507500 0.451142 0.016429 0.069797
2 0.587857 0.493655 0.020000 0.081218
11 0.494286 0.203680 0.005714 0.016497
11 0.487500 0.300127 0.007857 0.019036
10 0.527500 0.488579 0.013571 0.053299
10 0.504643 0.369289 0.012143 0.040609
4 0.521071 0.113579 0.013571 0.054569
4 0.583571 0.139594 0.067143 0.025381
4 0.543214 0.110406 0.010714 0.040609
4 0.622857 0.127538 0.041429 0.016497
11 0.537500 0.142132 0.007857 0.012690
3 0.852500 0.390863 0.007857 0.015228
3 0.824643 0.348985 0.013571 0.020305
