7 0.723929 0.403333 0.005000 0.004762
7 0.735714 0.337619 0.004286 0.006667
7 0.960357 0.397143 0.005000 0.003810
9 0.883571 0.252381 0.005714 0.011429
1 0.845000 0.255238 0.001429 0.007619
1 0.835357 0.253810 0.002143 0.008571
5 0.851429 0.248571 0.002857 0.009524
4 0.869643 0.247619 0.003571 0.009524
7 0.479643 0.366190 0.002143 0.006667
7 0.482500 0.370476 0.002143 0.007619
3 0.555714 0.255238 0.022857 0.017143
3 0.553929 0.241429 0.020714 0.014286
3 0.562857 0.226667 0.020000 0.011429
3 0.568929 0.213810 0.020714 0.012381
3 0.577857 0.196190 0.020000 0.013333
3 0.585357 0.167143 0.020714 0.014286
3 0.590357 0.153810 0.020714 0.014286
3 0.596071 0.140476 0.015000 0.012381
3 0.594286 0.127143 0.020000 0.014286
3 0.599643 0.112381 0.019286 0.013333
3 0.597857 0.078095 0.008571 0.022857
3 0.584286 0.076190 0.008571 0.020952
3 0.567143 0.056190 0.020000 0.015238
3 0.497500 0.026667 0.019286 0.013333
3 0.478571 0.052857 0.021429 0.014286
3 0.452857 0.053810 0.021429 0.014286
3 0.427143 0.052857 0.018571 0.014286
3 0.403214 0.051429 0.019286 0.013333
3 0.413929 0.024762 0.017857 0.013333
3 0.323571 0.050476 0.018571 0.011429
3 0.342857 0.049524 0.017143 0.013333
3 0.360714 0.050952 0.015714 0.012381
3 0.381071 0.050476 0.017857 0.013333
3 0.296071 0.049048 0.020714 0.010476
3 0.298929 0.020952 0.019286 0.011429
3 0.275000 0.020476 0.018571 0.012381
3 0.245714 0.048095 0.017143 0.012381
3 0.271429 0.049048 0.020000 0.012381
10 0.223214 0.041905 0.026429 0.022857
7 0.125000 0.185714 0.004286 0.007619
3 0.665714 0.033333 0.020000 0.011429
3 0.690000 0.034762 0.018571 0.012381
1 0.595000 0.030000 0.001429 0.006667
1 0.598571 0.030476 0.002857 0.005714
1 0.603571 0.030000 0.001429 0.006667
4 0.590357 0.029524 0.003571 0.007619
7 0.111071 0.609524 0.006429 0.003810
