3 0.553929 0.617386 0.020714 0.049492
3 0.564286 0.699873 0.021429 0.054569
3 0.627857 0.878807 0.027143 0.069797
3 0.579643 0.618020 0.020714 0.050761
3 0.592857 0.683376 0.022857 0.054569
3 0.651429 0.510787 0.024286 0.049492
3 0.727857 0.537437 0.024286 0.057107
3 0.590000 0.269036 0.014286 0.025381
3 0.522857 0.385787 0.027143 0.022843
3 0.594286 0.127538 0.014286 0.024112
3 0.549286 0.304569 0.011429 0.027919
3 0.573929 0.777284 0.019286 0.057107
3 0.585357 0.861675 0.025000 0.078680
11 0.564286 0.416244 0.028571 0.027919
11 0.585714 0.340102 0.017143 0.043147
3 0.236071 0.459391 0.032143 0.022843
11 0.608571 0.782360 0.025714 0.069797
11 0.600714 0.956853 0.028571 0.078680
3 0.636429 0.965736 0.027143 0.063452
11 0.769643 0.973985 0.039286 0.046954
5 0.670357 0.351523 0.007857 0.022843
7 0.671429 0.351523 0.005714 0.012690
7 0.894643 0.855330 0.007857 0.027919
3 0.528571 0.182107 0.011429 0.019036
3 0.497143 0.090736 0.010000 0.021574
3 0.607143 0.611041 0.014286 0.041878
10 0.625357 0.674492 0.030714 0.100254
3 0.640714 0.776650 0.025714 0.063452
11 0.660714 0.874365 0.030000 0.081218
5 0.537143 0.596447 0.007143 0.027919
