3 0.481786 0.298223 0.027857 0.045685
3 0.500714 0.256980 0.027143 0.046954
3 0.578214 0.165609 0.022143 0.029188
3 0.873214 0.896574 0.045000 0.156091
3 0.922143 0.425761 0.044286 0.077411
11 0.523929 0.210025 0.026429 0.036802
11 0.550000 0.162437 0.022857 0.030457
11 0.250714 0.648477 0.050000 0.073604
11 0.080714 0.903553 0.087143 0.131980
11 0.932857 0.363579 0.048571 0.082487
11 0.961429 0.442259 0.041429 0.092640
3 0.968929 0.381345 0.047857 0.072335
3 0.987857 0.356599 0.022857 0.045685
6 0.883214 0.216371 0.032143 0.087563
6 0.880357 0.652919 0.050714 0.138325
6 0.957857 0.203680 0.044286 0.087563
11 0.970357 0.041878 0.045000 0.038071
3 0.779286 0.040609 0.044286 0.032995
3 0.920000 0.041244 0.040000 0.036802
2 0.652857 0.033629 0.068571 0.049492
2 0.540714 0.027919 0.092857 0.055838
2 0.420714 0.034898 0.068571 0.041878
2 0.322500 0.037437 0.039286 0.046954
6 0.985000 0.246827 0.028571 0.057107
7 0.878214 0.445431 0.010714 0.040609
5 0.912500 0.624365 0.015000 0.043147
5 0.917500 0.590736 0.020714 0.046954
5 0.929643 0.581218 0.015000 0.043147
5 0.931786 0.706853 0.039286 0.040609
5 0.937500 0.750635 0.046429 0.029188
5 0.953571 0.784264 0.042857 0.038071
5 0.973571 0.847081 0.041429 0.039340
5 0.980357 0.878807 0.037857 0.031726
5 0.986786 0.930838 0.025000 0.031726
5 0.991786 0.971447 0.015000 0.049492
5 0.707143 0.041878 0.007143 0.022843
5 0.715357 0.043782 0.009286 0.021574
5 0.722857 0.045051 0.010000 0.029188
5 0.735714 0.043147 0.008571 0.030457
5 0.741786 0.041244 0.007857 0.026650
5 0.750000 0.043147 0.008571 0.025381
5 0.756071 0.041244 0.007857 0.029188
5 0.761786 0.045051 0.009286 0.029188
5 0.768571 0.043147 0.010000 0.030457
5 0.781071 0.041878 0.012143 0.027919
5 0.559643 0.196066 0.007857 0.019036
5 0.484286 0.154822 0.010000 0.020305
5 0.426786 0.235406 0.010714 0.026650
7 0.561429 0.193528 0.007143 0.019036
3 0.578214 0.419416 0.029286 0.049492
7 0.656786 0.373731 0.006429 0.021574
7 0.643214 0.534898 0.006429 0.029188
7 0.635357 0.498731 0.006429 0.017766
7 0.636429 0.544416 0.007143 0.025381
7 0.637857 0.479061 0.005714 0.024112
7 0.631429 0.483503 0.005714 0.027919
7 0.398929 0.367386 0.007857 0.019036
7 0.403571 0.369924 0.004286 0.016497
7 0.403929 0.348985 0.005000 0.022843
7 0.344643 0.409264 0.007857 0.031726
7 0.632500 0.053299 0.006429 0.025381
7 0.676786 0.058376 0.003571 0.020305
7 0.675357 0.050761 0.005000 0.020305
7 0.667857 0.060279 0.007143 0.021574
7 0.389643 0.108503 0.005000 0.024112
7 0.571071 0.730964 0.006429 0.035533
