3 0.051071 0.272381 0.049286 0.100952
3 0.119286 0.463333 0.104286 0.124762
3 0.205000 0.598095 0.110000 0.137143
3 0.314286 0.733810 0.131429 0.172381
3 0.417500 0.714762 0.122143 0.140000
3 0.511786 0.680952 0.115000 0.171429
3 0.595357 0.597619 0.146429 0.130476
3 0.653571 0.523333 0.128571 0.103810
3 0.748929 0.390952 0.119286 0.117143
3 0.788929 0.334286 0.102143 0.112381
3 0.828214 0.293810 0.106429 0.119048
3 0.862143 0.259524 0.097143 0.094286
3 0.902500 0.231429 0.120714 0.104762
3 0.947500 0.180000 0.103571 0.076190
3 0.966786 0.124762 0.065000 0.059048
3 0.955714 0.754762 0.084286 0.195238
3 0.885714 0.918571 0.130000 0.160952
3 0.091786 0.807143 0.125000 0.180000
