3 0.363571 0.518571 0.081429 0.042857
3 0.282500 0.483810 0.069286 0.043810
3 0.204643 0.465714 0.067857 0.041905
3 0.137500 0.441905 0.060714 0.036190
3 0.076071 0.421429 0.066429 0.042857
3 0.483929 0.431429 0.063571 0.030476
3 0.632143 0.450000 0.061429 0.033333
3 0.785714 0.455238 0.028571 0.045714
3 0.832143 0.459048 0.028571 0.041905
3 0.788214 0.400476 0.023571 0.029524
3 0.829286 0.398571 0.022857 0.029524
3 0.792857 0.348095 0.017143 0.021905
3 0.829643 0.339524 0.013571 0.023810
3 0.798571 0.323810 0.014286 0.019048
3 0.825714 0.303333 0.012857 0.016190
3 0.876429 0.304286 0.014286 0.012381
3 0.893214 0.301905 0.013571 0.015238
3 0.935714 0.369524 0.021429 0.020952
3 0.820714 0.266190 0.010000 0.014286
3 0.834286 0.257619 0.008571 0.008571
3 0.510714 0.404762 0.052857 0.040000
3 0.444643 0.403810 0.037857 0.038095
11 0.401071 0.466190 0.059286 0.046667
3 0.446429 0.462381 0.058571 0.044762
3 0.344643 0.440476 0.062143 0.037143
3 0.241071 0.417143 0.059286 0.045714
3 0.189286 0.405714 0.054286 0.041905
3 0.026786 0.403333 0.053571 0.042857
3 0.063214 0.368095 0.057857 0.039048
3 0.096429 0.377143 0.054286 0.041905
3 0.146786 0.390952 0.047857 0.035238
3 0.328571 0.380476 0.045714 0.040952
3 0.358929 0.385238 0.037857 0.042857
3 0.387143 0.393810 0.040000 0.039048
3 0.416786 0.399048 0.040714 0.041905
3 0.523929 0.397619 0.043571 0.039048
3 0.532500 0.390476 0.047857 0.036190
3 0.543571 0.381429 0.041429 0.029524
11 0.566071 0.361905 0.042143 0.034286
3 0.649643 0.431429 0.055000 0.040000
7 0.517500 0.480000 0.010714 0.036190
7 0.528929 0.478095 0.009286 0.032381
7 0.727857 0.484286 0.014286 0.035238
7 0.891071 0.590000 0.017857 0.042857
7 0.948214 0.620000 0.013571 0.045714
7 0.903929 0.570952 0.015000 0.037143
3 0.044286 0.693810 0.088571 0.086667
3 0.038214 0.300476 0.035000 0.033333
3 0.583214 0.350952 0.037857 0.023810
3 0.590714 0.344762 0.032857 0.022857
3 0.595357 0.339048 0.035000 0.022857
3 0.601429 0.332857 0.032857 0.020000
3 0.609643 0.329524 0.030714 0.022857
3 0.613214 0.323810 0.030714 0.019048
3 0.631429 0.310000 0.030000 0.020000
4 0.654643 0.287619 0.023571 0.017143
4 0.710714 0.253810 0.012857 0.021905
4 0.795000 0.230000 0.002857 0.018095
3 0.661071 0.392381 0.045000 0.028571
1 0.587500 0.437619 0.012143 0.020000
1 0.670357 0.461429 0.020714 0.018095
3 0.773214 0.289048 0.010714 0.018095
3 0.800357 0.282381 0.010714 0.012381
3 0.802500 0.271429 0.009286 0.013333
3 0.816429 0.238095 0.005714 0.007619
3 0.817857 0.245714 0.007143 0.009524
10 0.805000 0.240476 0.010000 0.018095
3 0.810000 0.221429 0.005714 0.006667
3 0.871429 0.262381 0.005714 0.008571
3 0.866429 0.254286 0.007143 0.007619
4 0.858571 0.236667 0.010000 0.018095
4 0.838571 0.211429 0.014286 0.036190
4 0.915714 0.300000 0.008571 0.013333
4 0.940000 0.322857 0.008571 0.013333
7 0.821071 0.210000 0.002143 0.004762
7 0.843929 0.248571 0.002143 0.007619
