3 0.678929 0.971447 0.053571 0.046954
2 0.747857 0.867386 0.027143 0.092640
3 0.518571 0.980330 0.047143 0.034264
3 0.671429 0.925761 0.044286 0.039340
3 0.667857 0.878807 0.050000 0.041878
11 0.664286 0.832487 0.050000 0.043147
3 0.730000 0.706853 0.025714 0.086294
3 0.710714 0.491751 0.021429 0.067259
3 0.689286 0.496827 0.018571 0.072335
3 0.666071 0.494289 0.017857 0.064721
3 0.644643 0.491117 0.019286 0.068528
3 0.620357 0.492386 0.020714 0.073604
3 0.597500 0.490482 0.019286 0.067259
3 0.575357 0.491751 0.017857 0.072335
3 0.552143 0.478426 0.021429 0.068528
3 0.532143 0.493655 0.017143 0.060914
10 0.435714 0.600888 0.047143 0.115482
3 0.314286 0.909264 0.030000 0.112944
3 0.262143 0.404188 0.021429 0.072335
3 0.337143 0.300127 0.022857 0.069797
3 0.321429 0.142766 0.018571 0.059645
3 0.267143 0.189721 0.022857 0.072335
3 0.301786 0.019036 0.017857 0.038071
