5 0.170714 0.784762 0.060000 0.038095
5 0.168214 0.755238 0.049286 0.032381
5 0.168571 0.726667 0.047143 0.030476
7 0.228571 0.758571 0.027143 0.042857
7 0.256786 0.790476 0.025000 0.043810
5 0.181429 0.670000 0.051429 0.035238
5 0.077143 0.788095 0.054286 0.035238
3 0.683929 0.711429 0.072143 0.161905
3 0.442857 0.530952 0.051429 0.128571
3 0.436429 0.961905 0.065714 0.074286
3 0.264286 0.652381 0.108571 0.156190
9 0.106786 0.633333 0.033571 0.070476
7 0.177500 0.488095 0.026429 0.042857
7 0.181786 0.463333 0.023571 0.042857
6 0.220000 0.409524 0.025714 0.038095
6 0.216786 0.438095 0.030714 0.034286
6 0.179286 0.433810 0.035714 0.040952
6 0.187500 0.405714 0.037857 0.036190
3 0.339643 0.492381 0.055000 0.140952
3 0.297500 0.223810 0.099286 0.055238
3 0.288214 0.279048 0.106429 0.062857
7 0.336071 0.370000 0.016429 0.044762
7 0.342143 0.339048 0.018571 0.040000
7 0.326071 0.339048 0.013571 0.045714
7 0.323571 0.306667 0.015714 0.043810
7 0.357143 0.308571 0.014286 0.041905
7 0.364643 0.312381 0.015000 0.040000
7 0.352500 0.252857 0.015000 0.044762
7 0.363214 0.231429 0.015000 0.041905
7 0.372500 0.238095 0.010714 0.041905
7 0.383214 0.244286 0.012143 0.046667
7 0.381429 0.222381 0.011429 0.037143
3 0.311071 0.080000 0.085000 0.051429
3 0.312143 0.051429 0.074286 0.045714
3 0.317500 0.027619 0.075000 0.045714
3 0.442143 0.071429 0.038571 0.078095
11 0.466071 0.026190 0.037857 0.052381
3 0.579643 0.053333 0.035000 0.059048
3 0.579643 0.113333 0.036429 0.070476
3 0.601071 0.198571 0.043571 0.073333
3 0.616786 0.289524 0.047857 0.102857
3 0.633214 0.398095 0.055000 0.114286
1 0.743929 0.562857 0.025000 0.059048
5 0.352857 0.856667 0.044286 0.079048
