3 0.879697 0.082096 0.056889 0.075139
3 0.719990 0.224490 0.061065 0.083488
3 0.825678 0.133117 0.064718 0.088126
5 0.770877 0.236085 0.016701 0.049165
5 0.786795 0.274583 0.017223 0.038961
4 0.357255 0.425325 0.010960 0.021336
4 0.468685 0.325603 0.008351 0.016698
5 0.429802 0.506494 0.026618 0.016698
8 0.335334 0.578386 0.007829 0.012059
8 0.335595 0.593692 0.007307 0.012987
8 0.340553 0.613173 0.008873 0.014842
7 0.354645 0.613173 0.008873 0.011132
8 0.343424 0.598330 0.008351 0.014842
8 0.350209 0.601577 0.006263 0.013915
8 0.352035 0.569109 0.007829 0.017625
8 0.341597 0.568182 0.007829 0.012059
8 0.346294 0.558442 0.008873 0.014842
3 0.201983 0.689703 0.069937 0.089981
5 0.151357 0.751391 0.027140 0.018553
3 0.082463 0.844156 0.050104 0.107607
5 0.514353 0.542672 0.015136 0.037106
5 0.628914 0.440631 0.010438 0.025974
5 0.624217 0.388683 0.007307 0.022263
5 0.627088 0.403989 0.014092 0.019481
5 0.581942 0.216141 0.009395 0.022263
5 0.935282 0.155380 0.018789 0.041744
7 0.825678 0.052412 0.009395 0.017625
