11 0.189643 0.197335 0.010714 0.031726
2 0.230357 0.093274 0.019286 0.044416
10 0.291786 0.059645 0.030714 0.053299
2 0.353214 0.135152 0.020714 0.041878
11 0.361429 0.069797 0.015714 0.030457
3 0.374286 0.226523 0.012857 0.024112
8 0.313214 0.942259 0.003571 0.013959
8 0.316071 0.940990 0.006429 0.016497
7 0.387143 0.963832 0.007143 0.011421
7 0.675357 0.254442 0.003571 0.011421
7 0.673929 0.250635 0.003571 0.011421
11 0.756429 0.088832 0.014286 0.032995
3 0.768929 0.086929 0.010714 0.024112
10 0.792857 0.548858 0.047143 0.077411
3 0.663929 0.808376 0.026429 0.055838
3 0.633929 0.820431 0.025000 0.054569
3 0.947500 0.122462 0.025000 0.016497
3 0.562143 0.552030 0.021429 0.040609
