7 0.135500 0.671667 0.023000 0.043333
7 0.139000 0.650667 0.019000 0.026667
1 0.160750 0.693333 0.025500 0.061333
1 0.172250 0.643333 0.024500 0.053333
1 0.790500 0.164667 0.021000 0.014667
1 0.792000 0.159000 0.018000 0.016667
5 0.740000 0.116667 0.016000 0.012000
5 0.733000 0.103667 0.017000 0.016667
5 0.726000 0.056000 0.005000 0.012000
5 0.808250 0.180000 0.016500 0.012000
5 0.823500 0.188333 0.023000 0.020667
5 0.983250 0.441000 0.029500 0.048667
1 0.743750 0.167667 0.007500 0.026000
8 0.776750 0.271333 0.013500 0.032000
7 0.722750 0.106000 0.006500 0.025333
8 0.598500 0.096333 0.006000 0.018000
5 0.599500 0.102333 0.007000 0.016667
5 0.631250 0.090333 0.015500 0.018000
8 0.630750 0.084667 0.007500 0.016000
7 0.323000 0.090333 0.007000 0.023333
7 0.378750 0.092667 0.003500 0.026667
7 0.334500 0.089000 0.004000 0.023333
7 0.318250 0.083667 0.003500 0.023333
8 0.393000 0.104333 0.007000 0.018000
8 0.392500 0.103000 0.007000 0.016667
5 0.392750 0.109667 0.007500 0.020667
1 0.309750 0.110000 0.005500 0.017333
7 0.368500 0.468667 0.018000 0.049333
7 0.435750 0.462333 0.011500 0.048667
3 0.246750 0.461000 0.064500 0.107333
3 0.298000 0.341667 0.052000 0.071333
3 0.316000 0.223667 0.035000 0.059333
3 0.347500 0.119333 0.024000 0.034667
3 0.365000 0.057000 0.017000 0.022000
3 0.433500 0.056667 0.017000 0.022667
3 0.374000 0.033000 0.014000 0.018000
3 0.382000 0.007000 0.015000 0.014000
3 0.378250 0.015000 0.013500 0.015333
11 0.352250 0.096667 0.021500 0.034667
3 0.643000 0.607333 0.140000 0.105333
3 0.772750 0.432333 0.074500 0.078000
3 0.926000 0.432000 0.071000 0.077333
3 0.805000 0.350667 0.065000 0.058667
3 0.805250 0.292000 0.038500 0.049333
3 0.658500 0.224000 0.041000 0.042667
3 0.571250 0.168667 0.025500 0.032000
3 0.657000 0.143333 0.024000 0.029333
3 0.607000 0.043333 0.023000 0.018667
2 0.547500 0.036333 0.035000 0.052667
3 0.683250 0.084667 0.045500 0.026667
3 0.641750 0.538333 0.133500 0.088667
11 0.612000 0.459000 0.125000 0.104667
3 0.867000 0.360000 0.072000 0.062667
3 0.771500 0.252333 0.052000 0.043333
11 0.739500 0.230667 0.055000 0.046667
3 0.730750 0.200667 0.046500 0.038667
3 0.719000 0.166667 0.040000 0.044000
3 0.696500 0.140667 0.033000 0.033333
3 0.671750 0.121333 0.027500 0.026667
3 0.656500 0.107000 0.027000 0.026000
3 0.642750 0.094333 0.030500 0.023333
3 0.627000 0.063667 0.020000 0.024667
3 0.600500 0.033333 0.018000 0.016000
11 0.596250 0.023000 0.016500 0.022000
3 0.584500 0.017333 0.023000 0.018667
3 0.579750 0.013000 0.023500 0.016667
11 0.635000 0.007333 0.033000 0.014667
3 0.637250 0.011333 0.032500 0.014667
3 0.640250 0.015333 0.031500 0.016000
3 0.646500 0.019667 0.034000 0.015333
10 0.654250 0.026333 0.035500 0.020667
11 0.664000 0.035000 0.032000 0.020667
11 0.672250 0.039333 0.032500 0.020000
11 0.680750 0.044667 0.038500 0.024000
11 0.709000 0.012333 0.035000 0.023333
3 0.720250 0.022000 0.032500 0.018667
3 0.725000 0.028000 0.032000 0.020000
11 0.690000 0.053667 0.041000 0.023333
11 0.699250 0.057000 0.038500 0.024667
3 0.682750 0.070333 0.045500 0.020667
