2 0.439286 0.051396 0.020000 0.092640
3 0.422857 0.171320 0.014286 0.045685
3 0.498929 0.046320 0.015000 0.046954
3 0.493571 0.148477 0.015714 0.058376
3 0.446071 0.221447 0.013571 0.044416
3 0.451786 0.372462 0.015000 0.057107
3 0.529286 0.223985 0.015714 0.059645
10 0.500357 0.272208 0.020714 0.095178
10 0.537857 0.385152 0.022857 0.107868
10 0.523929 0.535533 0.029286 0.109137
10 0.527143 0.801396 0.024286 0.092640
11 0.573929 0.959391 0.020714 0.076142
3 0.566429 0.846447 0.018571 0.076142
3 0.435357 0.704949 0.017857 0.064721
3 0.415714 0.009518 0.012857 0.019036
