10 0.490000 0.890667 0.302000 0.217333
11 0.515500 0.779667 0.160000 0.147333
11 0.408250 0.671000 0.166500 0.156667
10 0.357250 0.550333 0.219500 0.207333
11 0.350500 0.468333 0.106000 0.094000
3 0.370500 0.362667 0.123000 0.086667
10 0.305000 0.293333 0.163000 0.158667
3 0.302250 0.258667 0.110500 0.076000
3 0.304000 0.205667 0.120000 0.083333
3 0.322250 0.150667 0.114500 0.066667
11 0.229250 0.071000 0.077500 0.091333
1 0.533250 0.064333 0.044500 0.032667
1 0.635750 0.048667 0.023500 0.042667
11 0.593500 0.111000 0.084000 0.100667
10 0.627000 0.141333 0.093000 0.142667
1 0.774500 0.261000 0.034000 0.042000
11 0.691500 0.252000 0.105000 0.120000
3 0.733500 0.346333 0.098000 0.119333
3 0.902000 0.607000 0.098000 0.163333
11 0.966000 0.721000 0.067000 0.198000
