2 0.650000 0.098350 0.054286 0.054569
2 0.573571 0.142132 0.055714 0.058376
2 0.481071 0.194162 0.085000 0.091371
2 0.383929 0.254442 0.072143 0.069797
2 0.776429 0.027919 0.065714 0.055838
6 0.102500 0.088198 0.047857 0.049492
6 0.053571 0.189721 0.027143 0.064721
6 0.062143 0.260787 0.058571 0.049492
11 0.154286 0.394036 0.058571 0.052030
11 0.030357 0.477792 0.060714 0.057107
3 0.098214 0.434010 0.056429 0.050761
3 0.076071 0.188452 0.023571 0.044416
3 0.029643 0.206218 0.023571 0.044416
3 0.106071 0.140863 0.016429 0.030457
3 0.084643 0.145939 0.019286 0.038071
3 0.063214 0.157995 0.019286 0.034264
3 0.042857 0.163706 0.020000 0.030457
3 0.022143 0.182741 0.020000 0.038071
2 0.698214 0.756980 0.140714 0.130711
6 0.093214 0.170051 0.020714 0.048223
11 0.009643 0.213198 0.019286 0.053299
6 0.011071 0.253173 0.022143 0.041878
3 0.006786 0.128173 0.013571 0.038071
3 0.041429 0.107234 0.020000 0.034264
5 0.057857 0.105330 0.008571 0.022843
5 0.067143 0.098985 0.010000 0.020305
5 0.138571 0.068528 0.010000 0.022843
5 0.152143 0.062183 0.007143 0.020305
5 0.146429 0.064721 0.007143 0.027919
5 0.158929 0.059645 0.007857 0.027919
5 0.162143 0.051396 0.007143 0.016497
3 0.443929 0.038071 0.012143 0.032995
5 0.193571 0.376269 0.010000 0.034264
5 0.203571 0.365482 0.014286 0.027919
5 0.212143 0.362944 0.008571 0.025381
5 0.223571 0.347081 0.012857 0.034264
5 0.233571 0.347081 0.008571 0.021574
5 0.241429 0.343909 0.010000 0.020305
5 0.253571 0.330584 0.011429 0.036802
5 0.263929 0.330584 0.010714 0.036802
5 0.281071 0.315355 0.012143 0.029188
5 0.288929 0.313452 0.010714 0.027919
5 0.293929 0.307107 0.012143 0.035533
5 0.303214 0.308376 0.010714 0.027919
5 0.316429 0.295685 0.015714 0.032995
5 0.322143 0.289340 0.010000 0.027919
5 0.330714 0.286802 0.010000 0.032995
5 0.217500 0.354695 0.015000 0.034264
5 0.247143 0.336929 0.012857 0.029188
5 0.268929 0.327411 0.013571 0.032995
5 0.273929 0.320431 0.013571 0.026650
7 0.201071 0.319797 0.006429 0.020305
7 0.032857 0.427665 0.011429 0.030457
7 0.184643 0.461929 0.010714 0.030457
7 0.346429 0.233503 0.007143 0.025381
7 0.422143 0.205584 0.005714 0.022843
7 0.419286 0.205584 0.002857 0.025381
7 0.341786 0.399112 0.005000 0.024112
7 0.278571 0.454315 0.007143 0.025381
7 0.333571 0.407995 0.005714 0.024112
7 0.501429 0.301396 0.004286 0.024112
7 0.541786 0.169416 0.005000 0.021574
7 0.465714 0.062817 0.002857 0.013959
7 0.607143 0.096447 0.005714 0.022843
7 0.599286 0.106599 0.004286 0.020305
7 0.640714 0.079949 0.005714 0.015228
7 0.290357 0.036168 0.005000 0.019036
7 0.312857 0.162437 0.002857 0.017766
7 0.297500 0.142132 0.005000 0.017766
7 0.573929 0.486041 0.007857 0.022843
7 0.458571 0.506345 0.004286 0.020305
7 0.430357 0.515228 0.007857 0.017766
7 0.413929 0.527919 0.007857 0.020305
7 0.400357 0.541244 0.006429 0.021574
7 0.388571 0.563452 0.008571 0.022843
7 0.209286 0.827411 0.007143 0.022843
7 0.306071 0.810279 0.006429 0.029188
7 0.299643 0.826142 0.007857 0.020305
7 0.327143 0.930203 0.010000 0.027919
7 0.305357 0.977157 0.006429 0.022843
7 0.298571 0.980330 0.007143 0.021574
7 0.679643 0.838198 0.007857 0.029188
7 0.731429 0.862944 0.008571 0.027919
7 0.732857 0.895305 0.008571 0.021574
7 0.715714 0.822970 0.010000 0.021574
7 0.603571 0.523477 0.005714 0.021574
7 0.728214 0.146574 0.006429 0.019036
7 0.738571 0.147843 0.007143 0.019036
7 0.747143 0.143401 0.005714 0.022843
7 0.756786 0.127538 0.003571 0.024112
7 0.751786 0.137690 0.003571 0.024112
7 0.728214 0.575508 0.006429 0.019036
7 0.726071 0.566624 0.007857 0.019036
7 0.715357 0.853426 0.009286 0.026650
5 0.561429 0.363579 0.010000 0.029188
7 0.551071 0.454315 0.007857 0.030457
7 0.444286 0.501269 0.004286 0.020305
7 0.446786 0.525381 0.006429 0.022843
7 0.324643 0.508883 0.007857 0.022843
7 0.310357 0.506345 0.006429 0.020305
7 0.318214 0.510152 0.005000 0.022843
7 0.304286 0.527919 0.005714 0.025381
7 0.321429 0.525381 0.005714 0.025381
5 0.598929 0.475888 0.010714 0.030457
5 0.607143 0.475254 0.010000 0.031726
5 0.614643 0.475254 0.007857 0.026650
5 0.619643 0.474619 0.006429 0.025381
5 0.625357 0.470812 0.009286 0.027919
5 0.633214 0.471447 0.009286 0.026650
5 0.640357 0.467005 0.007857 0.025381
5 0.650357 0.468274 0.007857 0.020305
5 0.664643 0.491751 0.010714 0.024112
5 0.673214 0.518401 0.009286 0.029188
7 0.737857 0.135787 0.004286 0.017766
3 0.820000 0.010787 0.024286 0.021574
6 0.743571 0.612310 0.080000 0.082487
