8 0.997500 0.183333 0.003571 0.012381
7 0.740357 0.236667 0.006429 0.018095
7 0.737500 0.274762 0.006429 0.018095
8 0.901071 0.337143 0.013571 0.009524
8 0.904643 0.334762 0.006429 0.012381
8 0.922857 0.375238 0.010000 0.013333
8 0.722857 0.417143 0.008571 0.015238
8 0.766429 0.433333 0.008571 0.015238
8 0.782500 0.627143 0.010714 0.012381
8 0.608214 0.662381 0.009286 0.014286
8 0.546071 0.691905 0.010714 0.012381
7 0.280000 0.949524 0.012857 0.024762
5 0.373214 0.763810 0.016429 0.030476
5 0.354286 0.724286 0.028571 0.025714
5 0.326429 0.702381 0.022857 0.027619
5 0.396786 0.675238 0.019286 0.038095
5 0.417143 0.648095 0.015714 0.027619
5 0.546786 0.693810 0.020714 0.033333
5 0.606786 0.664286 0.020714 0.029524
5 0.781786 0.929524 0.029286 0.028571
5 0.819286 0.840000 0.030000 0.036190
5 0.812143 0.767143 0.022857 0.033333
7 0.861786 0.788571 0.013571 0.020952
5 0.781429 0.632857 0.015714 0.023810
5 0.872143 0.531429 0.020000 0.020952
5 0.899286 0.570952 0.024286 0.023810
5 0.896786 0.670000 0.023571 0.020000
5 0.897857 0.660476 0.022857 0.016190
5 0.600357 0.464762 0.012143 0.026667
5 0.611071 0.459524 0.017857 0.023810
5 0.616071 0.444762 0.019286 0.013333
5 0.626429 0.434762 0.018571 0.018095
5 0.766071 0.437143 0.015000 0.024762
5 0.723214 0.419524 0.016429 0.023810
5 0.750357 0.278571 0.019286 0.020000
5 0.754643 0.267143 0.012143 0.016190
5 0.764643 0.255714 0.017857 0.018095
5 0.901786 0.339048 0.012143 0.022857
1 0.920714 0.379524 0.011429 0.025714
5 0.995714 0.188095 0.007143 0.018095
5 0.871071 0.083810 0.013571 0.013333
5 0.843571 0.111905 0.014286 0.018095
5 0.857500 0.102857 0.012143 0.009524
3 0.925000 0.052857 0.028571 0.037143
3 0.889643 0.044762 0.029286 0.034286
3 0.868571 0.033810 0.027143 0.035238
11 0.899643 0.080952 0.026429 0.034286
3 0.856429 0.132857 0.027143 0.037143
3 0.811429 0.137619 0.032857 0.029524
0 0.972143 0.114762 0.018571 0.033333
10 0.865000 0.235714 0.025714 0.058095
3 0.806071 0.180952 0.032143 0.030476
11 0.804643 0.206190 0.025000 0.039048
11 0.782143 0.234286 0.031429 0.047619
5 0.760357 0.224286 0.019286 0.018095
5 0.762143 0.217619 0.014286 0.018095
3 0.753571 0.313810 0.030000 0.042857
3 0.840000 0.420476 0.037143 0.048571
3 0.713929 0.330952 0.030714 0.052381
3 0.838929 0.549048 0.026429 0.063810
3 0.863214 0.649048 0.040714 0.067619
3 0.823214 0.717143 0.053571 0.076190
10 0.788571 0.808095 0.050000 0.088571
10 0.736071 0.887143 0.036429 0.115238
10 0.664286 0.927619 0.064286 0.106667
3 0.308929 0.850952 0.065000 0.090476
11 0.415714 0.731429 0.052857 0.089524
3 0.457143 0.655238 0.054286 0.072381
3 0.511786 0.538095 0.052143 0.053333
3 0.482500 0.476667 0.046429 0.042857
3 0.552500 0.470000 0.050714 0.050476
3 0.661786 0.449048 0.047857 0.050476
10 0.649643 0.401905 0.049286 0.059048
