3 0.508929 0.765863 0.019286 0.044416
3 0.478214 0.734772 0.015000 0.035533
3 0.549643 0.703680 0.015000 0.041878
2 0.564286 0.593909 0.027143 0.088832
3 0.501071 0.516497 0.010714 0.020305
3 0.525357 0.489213 0.010714 0.021574
3 0.541071 0.478426 0.010714 0.022843
3 0.532143 0.449239 0.010000 0.017766
3 0.494286 0.458122 0.010000 0.017766
10 0.480000 0.483503 0.015714 0.040609
2 0.402143 0.663706 0.017143 0.045685
11 0.415357 0.603426 0.012143 0.026650
3 0.435714 0.583122 0.011429 0.019036
2 0.448929 0.503807 0.015000 0.045685
3 0.443214 0.470178 0.009286 0.016497
3 0.470714 0.442259 0.008571 0.016497
3 0.476071 0.417513 0.010714 0.015228
11 0.486786 0.397208 0.013571 0.020305
3 0.457857 0.392132 0.010000 0.015228
5 0.455000 0.413071 0.005714 0.011421
5 0.462500 0.375635 0.006429 0.017766
3 0.431071 0.353426 0.010714 0.013959
3 0.415000 0.361675 0.011429 0.012690
3 0.386786 0.342640 0.012143 0.015228
3 0.364643 0.333756 0.009286 0.015228
3 0.360357 0.317259 0.010714 0.010152
3 0.338214 0.322335 0.010714 0.010152
3 0.313929 0.317893 0.009286 0.011421
3 0.306429 0.298858 0.010000 0.008883
3 0.289643 0.303299 0.007857 0.010152
3 0.275000 0.296954 0.008571 0.010152
3 0.256786 0.279822 0.007857 0.008883
3 0.250714 0.288071 0.007143 0.007614
5 0.220714 0.272843 0.002857 0.005076
11 0.208929 0.267132 0.006429 0.008883
10 0.382500 0.460025 0.010714 0.024112
10 0.372857 0.458122 0.008571 0.022843
10 0.363571 0.458122 0.012857 0.022843
10 0.354286 0.458122 0.007143 0.027919
10 0.342500 0.454949 0.010714 0.021574
10 0.333214 0.457487 0.009286 0.029188
10 0.312143 0.460025 0.012857 0.029188
2 0.360714 0.479061 0.012857 0.024112
10 0.339643 0.479061 0.015000 0.021574
10 0.326071 0.479695 0.010714 0.020305
10 0.297500 0.482868 0.015000 0.031726
11 0.362143 0.499365 0.010000 0.016497
3 0.352857 0.500635 0.010000 0.016497
3 0.334286 0.498731 0.008571 0.012690
11 0.325357 0.498731 0.007857 0.020305
11 0.326071 0.517766 0.023571 0.015228
3 0.316429 0.499365 0.008571 0.016497
3 0.307857 0.500635 0.008571 0.019036
3 0.290357 0.501269 0.009286 0.015228
11 0.281786 0.496193 0.009286 0.020305
4 0.260357 0.532360 0.037857 0.046954
4 0.242143 0.427030 0.032857 0.036802
4 0.248214 0.480330 0.036429 0.052030
3 0.204643 0.255711 0.006429 0.008883
3 0.197500 0.251904 0.005000 0.011421
3 0.245357 0.284264 0.005000 0.007614
7 0.337143 0.741751 0.005714 0.021574
10 0.406429 0.447335 0.024286 0.029188
10 0.421071 0.415609 0.020714 0.024112
7 0.656786 0.938452 0.007857 0.029188
7 0.648571 0.916878 0.008571 0.026650
4 0.523929 0.340736 0.025000 0.021574
4 0.492143 0.355964 0.028571 0.021574
4 0.473214 0.282995 0.036429 0.020305
