3 0.019286 0.137143 0.038571 0.076190
3 0.045357 0.100000 0.065000 0.081905
3 0.048929 0.214286 0.065000 0.089524
3 0.133929 0.039524 0.063571 0.075238
10 0.123929 0.145238 0.086429 0.120952
3 0.178571 0.125238 0.062857 0.082857
3 0.210000 0.086667 0.062857 0.076190
3 0.175714 0.017143 0.048571 0.032381
3 0.285357 0.035238 0.067857 0.070476
3 0.326429 0.020476 0.052857 0.040952
7 0.386429 0.164286 0.011429 0.031429
7 0.361429 0.139048 0.018571 0.026667
7 0.166071 0.281905 0.022143 0.030476
7 0.381786 0.139524 0.010714 0.027619
3 0.347143 0.194762 0.067143 0.082857
3 0.304643 0.246667 0.065000 0.085714
3 0.267500 0.292857 0.066429 0.086667
3 0.216786 0.339048 0.090714 0.089524
3 0.180000 0.401905 0.098571 0.112381
3 0.123929 0.447619 0.085000 0.104762
3 0.070000 0.499524 0.067143 0.090476
3 0.032500 0.720952 0.065000 0.118095
3 0.431786 0.137143 0.070714 0.081905
11 0.515357 0.085238 0.060714 0.084762
3 0.599286 0.017143 0.060000 0.034286
10 0.789643 0.284762 0.102143 0.175238
10 0.671786 0.451905 0.092143 0.164762
7 0.853571 0.603333 0.024286 0.029524
11 0.463214 0.694286 0.102143 0.146667
10 0.195357 0.957143 0.076429 0.083810
