3 0.459286 0.944797 0.021429 0.059645
3 0.437500 0.818528 0.017857 0.048223
11 0.534286 0.918147 0.020000 0.077411
11 0.411429 0.723350 0.018571 0.048223
10 0.569643 0.645939 0.015000 0.045685
3 0.528214 0.640863 0.013571 0.038071
3 0.476429 0.622462 0.011429 0.031726
11 0.429286 0.626269 0.015714 0.029188
11 0.538571 0.452411 0.010000 0.019036
11 0.510357 0.451777 0.009286 0.025381
11 0.531429 0.417513 0.008571 0.025381
3 0.510000 0.387690 0.007143 0.013959
3 0.522500 0.359137 0.006429 0.012690
3 0.480000 0.334391 0.007143 0.013959
3 0.494643 0.279822 0.006429 0.013959
3 0.485000 0.279822 0.007143 0.011421
4 0.508929 0.129442 0.062143 0.258883
11 0.773571 0.811548 0.044286 0.041878
11 0.856786 0.802665 0.045000 0.039340
3 0.909643 0.796320 0.035000 0.029188
11 0.962500 0.789975 0.045000 0.036802
10 0.816071 0.979695 0.073571 0.035533
