3 0.127857 0.342640 0.027143 0.020305
3 0.170714 0.300761 0.025714 0.015228
3 0.494643 0.581218 0.013571 0.045685
3 0.486429 0.750000 0.014286 0.050761
3 0.638929 0.755076 0.013571 0.053299
3 0.797500 0.321701 0.030714 0.024112
3 0.580357 0.329949 0.022143 0.020305
3 0.717857 0.335025 0.025714 0.025381
3 0.018571 0.321701 0.027143 0.021574
2 0.524286 0.461294 0.021429 0.064721
11 0.631786 0.597716 0.015000 0.050761
3 0.466429 0.322335 0.027143 0.022843
11 0.546429 0.305838 0.027143 0.022843
3 0.538929 0.247462 0.022143 0.022843
6 0.390357 0.070431 0.046429 0.044416
6 0.487500 0.091371 0.029286 0.060914
11 0.950714 0.343909 0.034286 0.030457
3 0.990714 0.376904 0.017143 0.025381
3 0.333214 0.010152 0.007857 0.012690
11 0.991786 0.086929 0.012143 0.026650
3 0.667143 0.446066 0.028571 0.021574
3 0.671786 0.467005 0.029286 0.020305
3 0.673571 0.491117 0.027143 0.017766
7 0.475000 0.491751 0.004286 0.013959
7 0.483571 0.472716 0.002857 0.013959
7 0.465714 0.470812 0.004286 0.015228
7 0.472143 0.423223 0.004286 0.011421
3 0.515000 0.416244 0.015714 0.027919
7 0.422500 0.538071 0.005000 0.015228
7 0.417500 0.531726 0.003571 0.012690
7 0.645000 0.991117 0.005714 0.012690
7 0.618214 0.814721 0.003571 0.015228
3 0.949286 0.465736 0.035714 0.025381
3 0.885714 0.467005 0.040000 0.027919
3 0.928214 0.055838 0.009286 0.017766
