3 0.456000 0.935000 0.058000 0.128667
3 0.512000 0.838000 0.051000 0.162667
3 0.438750 0.767000 0.049500 0.126000
7 0.410250 0.845000 0.015500 0.040667
7 0.409500 0.809667 0.016000 0.030000
3 0.356250 0.870000 0.102500 0.145333
3 0.378000 0.697000 0.046000 0.122000
3 0.505500 0.694667 0.039000 0.102667
3 0.432750 0.610667 0.037500 0.093333
3 0.489500 0.585333 0.062000 0.092000
7 0.074500 0.610667 0.020000 0.034667
7 0.216750 0.526667 0.012500 0.032000
7 0.255250 0.362000 0.012500 0.029333
7 0.292000 0.318000 0.008000 0.020000
7 0.248750 0.540667 0.016500 0.029333
8 0.235250 0.550000 0.007500 0.016000
8 0.265250 0.549333 0.013500 0.024000
5 0.264750 0.554333 0.029500 0.014000
7 0.264750 0.518333 0.007500 0.019333
7 0.255500 0.507000 0.010000 0.024667
5 0.284000 0.469333 0.026000 0.020000
7 0.282000 0.465000 0.010000 0.026000
7 0.369500 0.145333 0.005000 0.020000
3 0.358750 0.101667 0.015500 0.024667
7 0.368500 0.062000 0.012000 0.016000
8 0.392750 0.045333 0.002500 0.009333
10 0.386750 0.142667 0.020500 0.049333
3 0.441000 0.014667 0.010000 0.014667
3 0.441500 0.026000 0.010000 0.012000
3 0.439000 0.034000 0.007000 0.008000
3 0.438500 0.043000 0.009000 0.011333
3 0.438500 0.052000 0.008000 0.010667
7 0.450000 0.075000 0.003000 0.012667
7 0.439250 0.063333 0.003500 0.013333
3 0.438000 0.075000 0.010000 0.018000
11 0.443750 0.116333 0.012500 0.027333
3 0.423750 0.133667 0.015500 0.024667
7 0.469250 0.109000 0.004500 0.016667
7 0.471750 0.130000 0.003500 0.018667
7 0.405500 0.155667 0.004000 0.018000
7 0.411750 0.155000 0.004500 0.018000
3 0.419500 0.168333 0.015000 0.023333
3 0.445000 0.148000 0.024000 0.024000
3 0.458750 0.170000 0.017500 0.026667
3 0.482500 0.165333 0.017000 0.021333
3 0.464250 0.204333 0.017500 0.028667
3 0.486750 0.215333 0.020500 0.032000
3 0.492000 0.245667 0.020000 0.028667
3 0.466250 0.253000 0.021500 0.030000
3 0.467250 0.298667 0.024500 0.037333
11 0.493000 0.296667 0.022000 0.052000
10 0.504250 0.365333 0.030500 0.076000
3 0.475500 0.395333 0.030000 0.045333
11 0.444250 0.398667 0.030500 0.074667
3 0.440750 0.345333 0.024500 0.042667
3 0.411750 0.345667 0.025500 0.044667
5 0.408000 0.310000 0.012000 0.022667
7 0.391000 0.275333 0.007000 0.026667
3 0.558500 0.071000 0.027000 0.016667
3 0.532500 0.134000 0.015000 0.022667
3 0.610250 0.140333 0.037500 0.023333
10 0.543250 0.371333 0.029500 0.065333
7 0.547750 0.412667 0.006500 0.024000
8 0.507250 0.399667 0.007500 0.019333
9 0.498250 0.418000 0.013500 0.025333
8 0.497500 0.413000 0.010000 0.020667
7 0.485250 0.435333 0.006500 0.028000
5 0.503000 0.495000 0.015000 0.032667
3 0.580250 0.472000 0.065500 0.041333
1 0.530000 0.444667 0.024000 0.020000
8 0.532000 0.443000 0.009000 0.031333
3 0.412250 0.398000 0.030500 0.060000
3 0.394750 0.450333 0.056500 0.046000
7 0.362000 0.457333 0.013000 0.028000
7 0.303000 0.524333 0.012000 0.032667
5 0.337250 0.528667 0.027500 0.014667
7 0.337500 0.529333 0.017000 0.029333
7 0.370750 0.571000 0.012500 0.030000
5 0.374750 0.537000 0.022500 0.023333
8 0.377250 0.532000 0.015500 0.028000
3 0.389500 0.491667 0.060000 0.055333
5 0.391750 0.550667 0.028500 0.016000
8 0.390250 0.546667 0.011500 0.026667
7 0.422000 0.538333 0.011000 0.030000
9 0.429500 0.539667 0.039000 0.027333
5 0.416500 0.522000 0.022000 0.029333
8 0.416250 0.516667 0.008500 0.032000
11 0.605500 0.689333 0.042000 0.105333
5 0.476000 0.528000 0.019000 0.030667
8 0.474500 0.523667 0.012000 0.034000
3 0.460500 0.495333 0.043000 0.068000
3 0.559250 0.521667 0.072500 0.054000
7 0.582250 0.540667 0.009500 0.025333
7 0.700750 0.556333 0.012500 0.026000
7 0.699750 0.532333 0.007500 0.022000
11 0.677500 0.484333 0.048000 0.032667
7 0.682000 0.440667 0.008000 0.021333
10 0.632750 0.437000 0.074500 0.047333
7 0.695750 0.454667 0.008500 0.024000
10 0.812000 0.411333 0.096000 0.066667
7 0.714250 0.434000 0.007500 0.025333
10 0.803750 0.590667 0.115500 0.120000
8 0.941000 0.599333 0.016000 0.024000
8 0.950000 0.589667 0.019000 0.019333
11 0.826000 0.552667 0.078000 0.058667
7 0.781750 0.536000 0.009500 0.020000
8 0.929750 0.449333 0.015500 0.022667
