3 0.558977 0.937384 0.050104 0.097403
11 0.583507 0.886827 0.041754 0.063080
3 0.642223 0.757421 0.031837 0.058442
3 0.668580 0.720315 0.033403 0.047310
3 0.688413 0.684601 0.031315 0.059369
3 0.706681 0.647495 0.029228 0.051948
3 0.746086 0.578850 0.025574 0.040816
3 0.789405 0.214750 0.039144 0.043599
11 0.749217 0.182746 0.032881 0.044527
3 0.770616 0.077458 0.024530 0.036178
3 0.354906 0.849722 0.040710 0.092764
11 0.238779 0.843692 0.051670 0.102968
11 0.188413 0.730519 0.048017 0.097403
11 0.160230 0.649814 0.038622 0.076994
0 0.131785 0.282004 0.025574 0.035250
3 0.139614 0.261132 0.045407 0.052876
0 0.180846 0.227273 0.030793 0.037106
3 0.176148 0.208720 0.041232 0.046382
3 0.172756 0.173469 0.039666 0.027829
3 0.118215 0.195733 0.043319 0.040816
3 0.286013 0.103432 0.033403 0.038033
3 0.234081 0.116883 0.027662 0.040816
3 0.214509 0.130334 0.028184 0.038033
3 0.194415 0.143785 0.033925 0.037106
3 0.123695 0.216141 0.041754 0.042672
3 0.086378 0.161874 0.042276 0.039889
11 0.075678 0.140538 0.035491 0.045455
11 0.067589 0.121985 0.033925 0.043599
0 0.155271 0.151670 0.022443 0.026902
4 0.278706 0.054731 0.022965 0.033395
3 0.016441 0.263451 0.032881 0.055659
