5 0.334812 0.269481 0.029749 0.052876
5 0.446764 0.275510 0.016701 0.063080
5 0.570459 0.262523 0.020877 0.051948
5 0.616649 0.268089 0.021399 0.061224
5 0.661795 0.281076 0.022965 0.072356
5 0.692589 0.254638 0.033403 0.052876
7 0.851253 0.225417 0.018789 0.064935
8 0.131524 0.497681 0.030271 0.067718
7 0.135960 0.679499 0.029749 0.080705
7 0.361691 0.606679 0.028184 0.076067
7 0.345772 0.548237 0.017223 0.087199
7 0.363257 0.530148 0.020877 0.086271
7 0.401357 0.542672 0.015658 0.055659
7 0.415971 0.497681 0.013570 0.067718
7 0.446764 0.550093 0.018789 0.083488
7 0.469207 0.565863 0.024008 0.081633
7 0.569676 0.579314 0.025574 0.076994
7 0.526618 0.538497 0.019833 0.088126
7 0.497912 0.538961 0.018789 0.079777
7 0.509656 0.533859 0.023486 0.082560
7 0.480950 0.532931 0.026618 0.082560
7 0.473121 0.513915 0.019311 0.070501
7 0.457985 0.507885 0.019311 0.078850
8 0.543841 0.560297 0.014614 0.057514
7 0.548800 0.567254 0.020355 0.084416
8 0.609081 0.579777 0.024008 0.089054
7 0.614562 0.638683 0.024530 0.067718
1 0.603340 0.576531 0.054280 0.049165
7 0.891441 0.509740 0.033403 0.071429
5 0.901879 0.549165 0.057411 0.048237
0 0.062109 0.765770 0.083507 0.208720
9 0.132568 0.791744 0.064718 0.145640
9 0.229384 0.766234 0.064196 0.179963
0 0.296451 0.769481 0.060543 0.184601
0 0.404749 0.756030 0.061065 0.187384
0 0.502871 0.748609 0.050626 0.166976
3 0.652401 0.780612 0.114823 0.269944
0 0.852035 0.719852 0.091336 0.211503
0 0.653706 0.238404 0.044363 0.048237
7 0.837161 0.211039 0.021921 0.064007
0 0.851514 0.718924 0.091336 0.211503
5 0.983299 0.885900 0.031315 0.072356
