3 0.432933 0.275046 0.055846 0.049165
3 0.427975 0.226809 0.056367 0.047310
3 0.420668 0.184137 0.055324 0.051020
11 0.411534 0.136827 0.047495 0.045455
3 0.413361 0.102041 0.054280 0.038961
3 0.405532 0.028293 0.050104 0.036178
5 0.507307 0.022727 0.018789 0.019481
3 0.503132 0.114100 0.026096 0.077922
3 0.446242 0.318646 0.054280 0.052876
3 0.527401 0.268553 0.029749 0.084416
11 0.452244 0.410482 0.050626 0.052876
3 0.581681 0.251391 0.029749 0.090909
3 0.554280 0.435993 0.033403 0.098330
3 0.462944 0.531540 0.062630 0.061224
3 0.476514 0.601577 0.066806 0.064007
3 0.486169 0.661874 0.063152 0.065863
3 0.581420 0.625696 0.038622 0.108534
11 0.485386 0.754174 0.056367 0.063080
3 0.500522 0.826067 0.059499 0.064007
3 0.505741 0.893321 0.079332 0.068646
3 0.514092 0.967996 0.078288 0.060297
3 0.700418 0.861317 0.045929 0.130798
11 0.625783 0.869202 0.039666 0.118738
2 0.662056 0.626623 0.100731 0.284787
3 0.611430 0.419759 0.034969 0.101113
10 0.551670 0.100649 0.033403 0.097403
5 0.730689 0.326531 0.010438 0.035250
7 0.729384 0.480056 0.010960 0.025046
7 0.771921 0.608998 0.009395 0.023191
7 0.793580 0.618738 0.010960 0.029685
5 0.961900 0.346475 0.012526 0.034323
3 0.413100 0.067254 0.051670 0.045455
