3 0.101429 0.498731 0.032857 0.030457
10 0.332500 0.467005 0.079286 0.076142
7 0.547143 0.100888 0.002857 0.011421
7 0.552143 0.103426 0.002857 0.011421
7 0.553929 0.093274 0.003571 0.008883
7 0.562857 0.116117 0.002857 0.011421
7 0.550714 0.177665 0.002857 0.007614
3 0.571071 0.576777 0.036429 0.039340
3 0.870714 0.796320 0.042857 0.044416
3 0.833571 0.595178 0.017143 0.045685
3 0.810714 0.387056 0.015714 0.040609
2 0.791786 0.658629 0.102143 0.093909
2 0.907500 0.980964 0.019286 0.032995
3 0.755000 0.280457 0.014286 0.038071
11 0.818214 0.092005 0.023571 0.064721
