3 0.476775 0.010668 0.004697 0.008349
3 0.483299 0.029221 0.006263 0.013915
10 0.480950 0.050093 0.007829 0.018553
10 0.509916 0.095083 0.015658 0.051020
3 0.508351 0.147032 0.009395 0.015770
6 0.516962 0.167440 0.013048 0.041744
6 0.495042 0.093692 0.006785 0.014842
6 0.496868 0.283859 0.018789 0.064935
6 0.528184 0.290816 0.018789 0.043599
3 0.454332 0.274583 0.015136 0.031540
3 0.448330 0.313544 0.017745 0.031540
3 0.446764 0.406308 0.019833 0.048237
6 0.539405 0.385436 0.027662 0.064007
11 0.540449 0.445733 0.021399 0.049165
3 0.549843 0.518553 0.022443 0.048237
3 0.437109 0.483302 0.020355 0.042672
11 0.432150 0.584879 0.021921 0.071429
3 0.423539 0.643321 0.023486 0.060297
3 0.559238 0.691558 0.027662 0.071429
3 0.422495 0.729592 0.026618 0.082560
0 0.406315 0.829314 0.022443 0.068646
6 0.575678 0.902597 0.040710 0.181818
0 0.557150 0.562152 0.016180 0.046382
0 0.446764 0.518089 0.018789 0.038033
0 0.467641 0.496753 0.016701 0.045455
5 0.377349 0.477737 0.015658 0.018553
5 0.510438 0.509276 0.007307 0.027829
5 0.522443 0.506957 0.008351 0.028757
5 0.411013 0.305195 0.006785 0.016698
5 0.416232 0.294063 0.010960 0.011132
5 0.409186 0.289425 0.007307 0.016698
8 0.509656 0.502783 0.008873 0.022263
8 0.521921 0.502783 0.009395 0.020408
8 0.514614 0.302876 0.005219 0.015770
5 0.514614 0.307050 0.004175 0.018553
8 0.509134 0.209184 0.005741 0.013915
8 0.453288 0.240724 0.004697 0.010204
8 0.477818 0.139147 0.003653 0.009276
8 0.495042 0.048701 0.002610 0.008349
8 0.473121 0.032004 0.002610 0.006494
8 0.497390 0.015306 0.002088 0.004638
8 0.499739 0.012987 0.003653 0.007421
8 0.468685 0.012059 0.002088 0.005566
5 0.497912 0.017625 0.002088 0.005566
5 0.499739 0.014378 0.002610 0.004638
5 0.495042 0.049629 0.002610 0.004638
5 0.472599 0.034787 0.002610 0.006494
5 0.469207 0.013451 0.002088 0.004638
5 0.477818 0.142393 0.003653 0.008349
5 0.509134 0.214750 0.005741 0.017625
7 0.408403 0.262059 0.004697 0.017625
7 0.417537 0.261596 0.004175 0.022263
7 0.411534 0.259276 0.002610 0.015770
8 0.413883 0.256957 0.004175 0.012987
5 0.413361 0.259276 0.006263 0.012059
7 0.417015 0.221707 0.003132 0.018553
7 0.414405 0.220315 0.003132 0.015770
7 0.412578 0.222171 0.003653 0.015770
9 0.452244 0.244434 0.010960 0.013915
5 0.456420 0.253247 0.007829 0.012987
5 0.449896 0.253711 0.008351 0.015770
0 0.462422 0.213822 0.008351 0.025046
0 0.458507 0.176716 0.006785 0.019481
11 0.424843 0.219852 0.015658 0.042672
11 0.461639 0.149814 0.008873 0.019481
7 0.467380 0.089518 0.003653 0.010204
1 0.466075 0.089981 0.003132 0.009276
6 0.505480 0.047310 0.010960 0.018553
7 0.512004 0.146568 0.003132 0.012987
7 0.514875 0.147032 0.003653 0.015770
8 0.494781 0.090445 0.003132 0.006494
11 0.655793 0.070501 0.021399 0.020408
3 0.670146 0.096011 0.017745 0.013915
3 0.667537 0.092301 0.015658 0.015770
3 0.820981 0.301948 0.028184 0.036178
3 0.780271 0.374768 0.021921 0.038961
3 0.863518 0.352505 0.028706 0.037106
3 0.839509 0.354824 0.026618 0.036178
3 0.818372 0.354824 0.020877 0.034323
3 0.858299 0.523191 0.040188 0.042672
3 0.897965 0.605288 0.049582 0.039889
3 0.962422 0.492115 0.044885 0.036178
3 0.882829 0.577458 0.053758 0.045455
3 0.956420 0.717069 0.072547 0.051948
3 0.977035 0.769017 0.043841 0.048237
