2 0.474286 0.211294 0.117143 0.090102
3 0.421786 0.038706 0.012143 0.021574
3 0.563214 0.131980 0.017857 0.035533
7 0.200714 0.199239 0.005714 0.025381
7 0.209643 0.166878 0.005000 0.024112
7 0.222500 0.168147 0.006429 0.024112
7 0.252143 0.125635 0.005714 0.022843
7 0.274286 0.116117 0.004286 0.024112
7 0.274286 0.110406 0.004286 0.025381
7 0.284643 0.109137 0.005000 0.027919
7 0.279286 0.116751 0.004286 0.022843
7 0.279643 0.124365 0.005000 0.020305
7 0.272857 0.140228 0.005714 0.021574
7 0.286786 0.158629 0.006429 0.025381
7 0.305714 0.168147 0.004286 0.026650
7 0.227500 0.171320 0.006429 0.022843
7 0.228571 0.187817 0.007143 0.025381
7 0.232857 0.173223 0.005714 0.024112
7 0.235000 0.160533 0.004286 0.021574
7 0.238929 0.198604 0.006429 0.026650
7 0.238929 0.192259 0.006429 0.021574
7 0.241429 0.187817 0.007143 0.022843
7 0.250714 0.183376 0.007143 0.021574
7 0.248214 0.189086 0.006429 0.022843
7 0.269643 0.187183 0.005000 0.024112
7 0.280000 0.187817 0.004286 0.025381
7 0.302857 0.200508 0.005714 0.027919
7 0.317143 0.159898 0.005714 0.027919
7 0.305714 0.154822 0.004286 0.020305
7 0.310357 0.164340 0.005000 0.021574
7 0.322857 0.163071 0.004286 0.021574
7 0.358571 0.159898 0.004286 0.025381
7 0.360714 0.157995 0.005714 0.021574
7 0.364643 0.158629 0.005000 0.022843
7 0.376071 0.159898 0.005000 0.025381
7 0.389643 0.163706 0.003571 0.025381
7 0.390357 0.166244 0.005000 0.020305
7 0.390714 0.173858 0.004286 0.027919
7 0.378214 0.185279 0.005000 0.020305
7 0.378929 0.184645 0.005000 0.021574
7 0.331429 0.191624 0.005714 0.025381
7 0.334286 0.203680 0.005714 0.024112
7 0.327500 0.207487 0.005000 0.029188
7 0.322857 0.208756 0.004286 0.024112
7 0.311429 0.194162 0.007143 0.030457
7 0.318214 0.181472 0.006429 0.022843
7 0.319286 0.178934 0.008571 0.022843
2 0.290714 0.229695 0.061429 0.048223
2 0.159286 0.233503 0.060000 0.050761
11 0.232500 0.258249 0.047857 0.031726
7 0.334286 0.272208 0.005714 0.026650
7 0.249643 0.336929 0.010714 0.024112
7 0.263571 0.340736 0.008571 0.026650
7 0.284286 0.333122 0.005714 0.029188
7 0.288571 0.335025 0.005714 0.027919
7 0.307857 0.338198 0.005714 0.029188
3 0.592857 0.275381 0.048571 0.035533
3 0.424286 0.526015 0.025714 0.069797
3 0.468571 0.623096 0.027143 0.086294
11 0.465714 0.522843 0.025714 0.065990
7 0.737143 0.783629 0.011429 0.039340
7 0.612500 0.431472 0.006429 0.032995
7 0.611786 0.388959 0.005000 0.019036
7 0.614643 0.388959 0.005000 0.031726
7 0.619643 0.380711 0.010714 0.030457
7 0.638929 0.413706 0.006429 0.032995
7 0.651429 0.418147 0.007143 0.031726
7 0.641071 0.404822 0.007857 0.030457
7 0.642143 0.399112 0.008571 0.026650
7 0.648214 0.391497 0.006429 0.026650
7 0.663571 0.408629 0.008571 0.032995
7 0.660714 0.397208 0.007143 0.030457
7 0.654643 0.388959 0.007857 0.026650
7 0.660000 0.381980 0.005714 0.030457
7 0.651429 0.370558 0.008571 0.027919
7 0.656786 0.371193 0.005000 0.031726
7 0.583571 0.052030 0.002857 0.017766
7 0.588929 0.071701 0.002143 0.026650
7 0.590714 0.067259 0.002857 0.020305
7 0.584643 0.087563 0.003571 0.020305
7 0.594286 0.090102 0.002857 0.022843
7 0.584286 0.163706 0.008571 0.022843
7 0.584286 0.170685 0.005714 0.024112
7 0.600000 0.172589 0.004286 0.025381
7 0.612143 0.167513 0.005714 0.025381
7 0.660357 0.171320 0.006429 0.025381
7 0.719643 0.201777 0.006429 0.025381
7 0.704286 0.200508 0.007143 0.022843
7 0.711429 0.178299 0.005714 0.024112
7 0.693214 0.197335 0.005000 0.024112
7 0.607857 0.196066 0.005714 0.029188
7 0.617143 0.189086 0.004286 0.022843
7 0.635357 0.192893 0.005000 0.025381
7 0.280000 0.373096 0.007143 0.032995
7 0.292143 0.368655 0.005714 0.029188
7 0.303929 0.382614 0.006429 0.029188
7 0.291786 0.399112 0.003571 0.024112
7 0.296786 0.397208 0.005000 0.017766
7 0.297857 0.394036 0.005714 0.021574
7 0.320000 0.409264 0.005714 0.026650
8 0.335000 0.370558 0.005714 0.022843
8 0.327143 0.470178 0.008571 0.024112
7 0.330000 0.402284 0.007143 0.030457
7 0.331071 0.392766 0.006429 0.031726
7 0.340000 0.397208 0.005714 0.027919
7 0.347857 0.382614 0.005714 0.029188
7 0.349643 0.385787 0.006429 0.032995
7 0.356786 0.392132 0.005000 0.032995
7 0.372500 0.421954 0.006429 0.026650
7 0.351071 0.449239 0.007857 0.027919
7 0.336429 0.448604 0.005714 0.034264
7 0.307857 0.465736 0.007143 0.032995
7 0.107857 0.890863 0.012857 0.045685
7 0.116786 0.881345 0.015000 0.036802
7 0.151429 0.836929 0.014286 0.041878
7 0.112500 0.986041 0.015000 0.022843
7 0.128571 0.978426 0.012857 0.038071
7 0.132500 0.922589 0.015000 0.048223
7 0.137143 0.945431 0.011429 0.038071
7 0.138214 0.919416 0.010714 0.046954
7 0.152500 0.902919 0.009286 0.041878
7 0.161786 0.807741 0.010714 0.046954
7 0.173571 0.813452 0.008571 0.038071
7 0.177857 0.795051 0.008571 0.041878
7 0.188571 0.748096 0.010000 0.039340
7 0.180000 0.749365 0.012857 0.041878
7 0.193571 0.711929 0.010000 0.038071
7 0.201071 0.724619 0.010714 0.040609
7 0.203214 0.652919 0.010714 0.034264
7 0.234643 0.652284 0.010714 0.038071
7 0.220000 0.621827 0.008571 0.035533
7 0.203929 0.614213 0.007857 0.030457
7 0.210357 0.614213 0.009286 0.032995
7 0.233929 0.586929 0.007857 0.039340
7 0.212857 0.597081 0.008571 0.036802
7 0.222500 0.597716 0.010714 0.038071
7 0.205000 0.585660 0.008571 0.034264
7 0.195000 0.545051 0.008571 0.046954
7 0.203214 0.567259 0.007857 0.040609
7 0.211429 0.561548 0.010000 0.034264
7 0.217857 0.557741 0.010000 0.036802
7 0.226071 0.558376 0.012143 0.040609
7 0.201071 0.524746 0.012143 0.039340
6 0.242857 0.555203 0.012857 0.031726
7 0.252857 0.444797 0.010000 0.034264
7 0.247857 0.446066 0.005714 0.024112
7 0.225000 0.492386 0.011429 0.038071
7 0.243571 0.494289 0.011429 0.034264
7 0.248571 0.483503 0.008571 0.027919
7 0.256071 0.481599 0.006429 0.031726
7 0.267143 0.477792 0.010000 0.036802
7 0.274643 0.477157 0.007857 0.030457
7 0.238571 0.519036 0.010000 0.035533
7 0.239286 0.527284 0.007143 0.034264
7 0.247143 0.536168 0.008571 0.029188
7 0.256071 0.522208 0.010714 0.031726
7 0.260357 0.526015 0.007857 0.031726
7 0.265000 0.520939 0.010000 0.031726
7 0.278571 0.510152 0.008571 0.030457
