0 0.384916 0.732375 0.039144 0.067718
7 0.401618 0.706401 0.008873 0.036178
7 0.388048 0.688776 0.010960 0.021336
7 0.400835 0.690167 0.009395 0.033395
8 0.396660 0.677644 0.010438 0.026902
7 0.407098 0.685529 0.007307 0.037106
3 0.421712 0.657699 0.029228 0.044527
3 0.424322 0.626623 0.016701 0.034323
7 0.399008 0.644249 0.007829 0.032468
10 0.452505 0.559833 0.041754 0.158627
7 0.460073 0.503711 0.004697 0.022263
11 0.527140 0.620130 0.018789 0.052876
5 0.523747 0.591837 0.015136 0.020408
5 0.531837 0.602041 0.014614 0.024119
3 0.522443 0.503247 0.016701 0.034323
7 0.480950 0.401206 0.003653 0.019481
3 0.520616 0.423469 0.013048 0.021336
10 0.468424 0.409555 0.023486 0.078850
10 0.499217 0.328850 0.014092 0.036178
8 0.485908 0.300557 0.002088 0.007421
5 0.485908 0.303803 0.002088 0.006494
0 0.493737 0.297310 0.004175 0.010204
0 0.510960 0.283395 0.003132 0.008349
3 0.496608 0.252319 0.003653 0.005566
8 0.510438 0.269944 0.002088 0.003711
5 0.510438 0.271336 0.002088 0.002783
3 0.512787 0.263451 0.003653 0.009276
3 0.510699 0.258349 0.004697 0.006494
3 0.512787 0.251391 0.003653 0.009276
4 0.507046 0.222635 0.013048 0.025974
3 0.922234 0.504638 0.027140 0.027829
11 0.889614 0.487477 0.029749 0.034323
6 0.905271 0.471243 0.058977 0.046382
0 0.794363 0.525510 0.018789 0.036178
7 0.774008 0.506030 0.008351 0.021336
8 0.907359 0.520872 0.006785 0.010204
6 0.675365 0.397495 0.029228 0.026902
6 0.731211 0.344620 0.035491 0.028757
8 0.574113 0.603432 0.009395 0.025046
9 0.588987 0.594156 0.016180 0.038033
10 0.608038 0.336271 0.031315 0.023191
10 0.618476 0.347403 0.019833 0.026902
10 0.626044 0.344620 0.025574 0.026902
9 0.414666 0.715213 0.016180 0.048237
