8 0.020000 0.747619 0.030000 0.020952
1 0.023571 0.757143 0.014286 0.040000
1 0.301429 0.780952 0.015714 0.032381
1 0.324643 0.719048 0.010714 0.032381
8 0.300714 0.779048 0.020000 0.024762
7 0.338571 0.711905 0.011429 0.025714
7 0.315000 0.695238 0.007143 0.026667
7 0.368571 0.585714 0.010000 0.026667
7 0.481786 0.472857 0.007857 0.025714
8 0.481786 0.513810 0.010714 0.021905
1 0.481786 0.523333 0.012143 0.023810
1 0.514286 0.402857 0.005714 0.022857
6 0.527143 0.375714 0.025714 0.018095
7 0.656071 0.160952 0.002143 0.015238
7 0.629286 0.198095 0.002857 0.019048
7 0.525000 0.630000 0.004286 0.016190
7 0.781071 0.004762 0.003571 0.009524
1 0.855714 0.554286 0.022857 0.019048
1 0.856429 0.546190 0.027143 0.014286
1 0.856429 0.537619 0.025714 0.012381
1 0.859643 0.522381 0.029286 0.021905
1 0.865357 0.512857 0.030714 0.018095
1 0.870357 0.504286 0.023571 0.016190
1 0.872500 0.498095 0.022143 0.015238
