11 0.959500 0.954000 0.068000 0.090667
3 0.924750 0.834000 0.131500 0.093333
3 0.721250 0.784667 0.130500 0.088000
7 0.840250 0.567000 0.025500 0.046000
10 0.709000 0.513333 0.069000 0.122667
3 0.371500 0.845000 0.064000 0.190000
7 0.284000 0.688333 0.019000 0.034000
3 0.056000 0.148000 0.041000 0.045333
3 0.085750 0.217333 0.085500 0.046667
11 0.112750 0.714333 0.131500 0.083333
10 0.093000 0.798667 0.186000 0.082667
11 0.071250 0.892333 0.142500 0.092667
3 0.055750 0.982333 0.107500 0.034000
3 0.385750 0.627000 0.058500 0.136667
3 0.480500 0.523667 0.048000 0.120667
3 0.551250 0.432333 0.046500 0.090000
3 0.383750 0.479000 0.042500 0.099333
3 0.385250 0.373333 0.039500 0.084000
3 0.450250 0.266000 0.031500 0.062667
3 0.513000 0.273333 0.036000 0.056000
3 0.569750 0.257667 0.033500 0.054000
11 0.333500 0.254333 0.030000 0.056667
8 0.377500 0.237333 0.013000 0.024000
5 0.380750 0.248000 0.008500 0.025333
3 0.615500 0.202333 0.068000 0.039333
3 0.618250 0.175333 0.058500 0.029333
3 0.624500 0.152000 0.060000 0.030667
11 0.590500 0.116333 0.048000 0.038000
5 0.564750 0.104667 0.017500 0.017333
8 0.558000 0.089333 0.007000 0.013333
1 0.556500 0.095000 0.014000 0.011333
8 0.568250 0.080333 0.005500 0.018000
8 0.573750 0.076667 0.005500 0.025333
11 0.570000 0.069333 0.044000 0.030667
3 0.566250 0.057000 0.047500 0.031333
3 0.559500 0.049333 0.047000 0.030667
3 0.524250 0.112333 0.046500 0.043333
3 0.472250 0.118667 0.023500 0.036000
7 0.363750 0.124333 0.008500 0.027333
3 0.400500 0.110000 0.024000 0.038667
3 0.400250 0.070333 0.021500 0.032667
6 0.340500 0.100667 0.029000 0.080000
10 0.357000 0.056000 0.030000 0.064000
3 0.397000 0.020333 0.018000 0.028667
3 0.471750 0.031333 0.018500 0.028000
3 0.537500 0.006667 0.039000 0.013333
3 0.443000 0.006333 0.016000 0.012667
8 0.419000 0.005000 0.007000 0.010000
5 0.419250 0.011667 0.007500 0.014000
