4 0.409750 0.076333 0.148500 0.035333
4 0.575000 0.083000 0.131000 0.036667
4 0.706250 0.024333 0.101500 0.031333
11 0.449250 0.769667 0.048500 0.060667
11 0.434000 0.651333 0.036000 0.054667
11 0.491000 0.685667 0.038000 0.059333
11 0.743250 0.523000 0.048500 0.028667
11 0.499500 0.485000 0.042000 0.027333
3 0.172750 0.539000 0.045500 0.035333
3 0.210250 0.637000 0.045500 0.039333
3 0.513000 0.580667 0.032000 0.044000
3 0.484500 0.598000 0.039000 0.050667
3 0.536500 0.564667 0.037000 0.048000
3 0.553500 0.631333 0.038000 0.048000
3 0.531500 0.646000 0.038000 0.044000
3 0.572500 0.537000 0.036000 0.042000
3 0.678000 0.488333 0.033000 0.034000
3 0.589000 0.592333 0.036000 0.036667
3 0.177500 0.517667 0.040000 0.028667
3 0.309750 0.480000 0.042500 0.022667
3 0.451500 0.475000 0.017000 0.038000
11 0.772500 0.485667 0.036000 0.026000
10 0.185500 0.585667 0.060000 0.067333
10 0.170750 0.579333 0.053500 0.041333
10 0.202500 0.607667 0.053000 0.036667
10 0.440500 0.536667 0.041000 0.048000
10 0.456000 0.631333 0.035000 0.053333
10 0.473500 0.618000 0.032000 0.049333
10 0.515500 0.666667 0.064000 0.074667
10 0.575000 0.607000 0.054000 0.063333
10 0.623750 0.637000 0.053500 0.062000
10 0.609500 0.576333 0.060000 0.066000
10 0.623750 0.557333 0.051500 0.046667
10 0.648500 0.550000 0.042000 0.044000
3 0.280000 0.857000 0.033000 0.088667
9 0.785250 0.560667 0.020500 0.020000
9 0.168750 0.703000 0.032500 0.032667
7 0.246250 0.658667 0.006500 0.021333
8 0.793750 0.547333 0.007500 0.016000
6 0.901000 0.649333 0.093000 0.120000
5 0.221500 0.831000 0.036000 0.032667
11 0.752000 0.184667 0.018000 0.010667
11 0.752000 0.178000 0.020000 0.016000
11 0.979250 0.315333 0.028500 0.018667
3 0.799500 0.178000 0.017000 0.013333
3 0.808250 0.192667 0.020500 0.012000
3 0.823250 0.202000 0.019500 0.012000
3 0.845750 0.196667 0.020500 0.014667
3 0.855750 0.187667 0.019500 0.010000
10 0.863500 0.174667 0.031000 0.020000
11 0.856250 0.224667 0.022500 0.012000
3 0.861250 0.232000 0.022500 0.016000
3 0.869750 0.243333 0.026500 0.013333
3 0.872750 0.250000 0.022500 0.013333
3 0.882250 0.261333 0.022500 0.016000
3 0.880250 0.272667 0.024500 0.016000
3 0.895750 0.293333 0.030500 0.013333
3 0.903250 0.304333 0.026500 0.012667
11 0.912250 0.310000 0.026500 0.016000
3 0.916750 0.321667 0.026500 0.014000
3 0.923250 0.329333 0.023500 0.021333
3 0.936000 0.341333 0.034000 0.020000
3 0.946250 0.357000 0.033500 0.022000
3 0.952000 0.371000 0.033000 0.027333
3 0.944250 0.281333 0.021500 0.014667
3 0.964500 0.293333 0.029000 0.013333
11 0.683250 0.097333 0.016500 0.008000
3 0.699500 0.096667 0.011000 0.006667
3 0.877250 0.377333 0.024500 0.017333
7 0.873750 0.488333 0.015500 0.023333
7 0.790750 0.691333 0.013500 0.020000
7 0.631000 0.883333 0.014000 0.020000
7 0.280500 0.940000 0.014000 0.020000
4 0.882750 0.089333 0.233500 0.064000
4 0.375500 0.451667 0.077000 0.047333
3 0.876500 0.408333 0.031000 0.046000
