4 0.356750 0.277333 0.018500 0.012000
4 0.395250 0.278333 0.021500 0.010000
3 0.438250 0.279333 0.008500 0.005333
11 0.449500 0.288333 0.010000 0.006000
3 0.453000 0.291000 0.012000 0.006000
11 0.473000 0.286000 0.009000 0.006667
11 0.472500 0.288667 0.010000 0.005333
3 0.480500 0.293000 0.010000 0.007333
11 0.492750 0.291333 0.009500 0.008000
3 0.493000 0.302000 0.010000 0.005333
3 0.495500 0.305000 0.010000 0.006000
3 0.500750 0.307000 0.011500 0.007333
3 0.504000 0.310667 0.014000 0.008000
3 0.508500 0.315000 0.014000 0.007333
3 0.523250 0.316000 0.007500 0.008000
11 0.504750 0.318667 0.013500 0.009333
11 0.478500 0.304333 0.011000 0.007333
3 0.480000 0.330667 0.011000 0.009333
3 0.516750 0.328667 0.016500 0.008000
3 0.519750 0.332333 0.015500 0.007333
3 0.519500 0.334667 0.015000 0.008000
3 0.520750 0.340333 0.017500 0.010000
11 0.404750 0.291000 0.004500 0.006000
3 0.411250 0.301000 0.005500 0.007333
3 0.385000 0.320333 0.007000 0.008667
3 0.388000 0.335000 0.010000 0.008667
3 0.524000 0.346333 0.017000 0.008667
3 0.527500 0.352333 0.019000 0.010000
7 0.543000 0.353000 0.003000 0.010000
7 0.547000 0.353333 0.003000 0.008000
3 0.535750 0.372000 0.022500 0.012000
3 0.541500 0.384667 0.023000 0.012000
3 0.546500 0.396000 0.024000 0.012000
3 0.548750 0.401333 0.025500 0.014667
7 0.564000 0.385667 0.004000 0.011333
7 0.567000 0.387333 0.003000 0.012000
8 0.570250 0.385333 0.003500 0.009333
3 0.567500 0.450333 0.030000 0.015333
3 0.576250 0.461667 0.033500 0.018000
3 0.586500 0.483333 0.036000 0.020000
3 0.513000 0.378667 0.011000 0.017333
3 0.498500 0.480667 0.034000 0.022667
3 0.498750 0.465667 0.034500 0.018000
3 0.495750 0.446000 0.031500 0.017333
3 0.494250 0.418667 0.029500 0.014667
3 0.492750 0.408333 0.025500 0.015333
3 0.489250 0.397000 0.024500 0.012667
3 0.486500 0.383000 0.022000 0.011333
3 0.487000 0.373333 0.021000 0.010667
7 0.232250 0.336667 0.003500 0.009333
7 0.238250 0.336000 0.003500 0.009333
10 0.265750 0.337000 0.015500 0.011333
3 0.362250 0.345000 0.008500 0.010000
5 0.372250 0.347333 0.003500 0.008000
5 0.353500 0.383333 0.004000 0.012000
10 0.332000 0.376667 0.029000 0.040000
3 0.224250 0.508667 0.026500 0.025333
10 0.120000 0.551667 0.057000 0.042000
7 0.129000 0.398667 0.006000 0.012000
10 0.177250 0.552667 0.045500 0.056000
10 0.060750 0.731000 0.102500 0.108667
3 0.117250 0.898333 0.080500 0.106000
3 0.169500 0.796000 0.058000 0.076000
3 0.212250 0.714000 0.050500 0.058667
7 0.488250 0.863333 0.009500 0.036000
8 0.834000 0.955667 0.013000 0.034000
8 0.667000 0.934333 0.017000 0.035333
7 0.653750 0.947333 0.012500 0.041333
3 0.434250 0.528333 0.040500 0.022000
3 0.389250 0.611000 0.048500 0.030000
3 0.979750 0.605333 0.039500 0.034667
3 0.939000 0.600000 0.042000 0.036000
3 0.885500 0.570000 0.024000 0.029333
3 0.844250 0.565333 0.025500 0.032000
3 0.814500 0.568000 0.029000 0.033333
3 0.701000 0.603000 0.039000 0.042000
3 0.779250 0.546667 0.028500 0.028000
3 0.751000 0.538333 0.033000 0.026000
11 0.721750 0.529333 0.033500 0.032000
8 0.705000 0.570000 0.007000 0.012000
1 0.706000 0.510333 0.012000 0.015333
7 0.677250 0.492333 0.004500 0.019333
7 0.704000 0.503000 0.004000 0.018000
7 0.674500 0.491333 0.005000 0.017333
3 0.665750 0.510667 0.026500 0.026667
3 0.643250 0.503000 0.026500 0.023333
