5 0.385714 0.027619 0.012857 0.030476
5 0.436071 0.149048 0.025000 0.018095
5 0.450357 0.171429 0.016429 0.028571
7 0.515000 0.438571 0.005714 0.014286
7 0.520357 0.450476 0.006429 0.019048
7 0.551786 0.490952 0.010714 0.014286
7 0.521071 0.982381 0.009286 0.018095
7 0.636429 0.992857 0.011429 0.012381
8 0.624286 0.979524 0.011429 0.012381
8 0.294643 0.912381 0.015000 0.019048
8 0.331071 0.920952 0.013571 0.015238
8 0.323214 0.929524 0.009286 0.013333
8 0.451071 0.850952 0.012143 0.018095
8 0.512857 0.737143 0.010000 0.015238
8 0.495000 0.788571 0.011429 0.015238
8 0.544643 0.522857 0.013571 0.015238
8 0.610000 0.690000 0.012857 0.016190
8 0.705357 0.689048 0.015000 0.018095
8 0.771429 0.617143 0.010000 0.015238
7 0.607500 0.459524 0.009286 0.014286
7 0.623214 0.451429 0.009286 0.013333
7 0.684286 0.588571 0.008571 0.013333
7 0.698571 0.613333 0.014286 0.015238
8 0.839286 0.623333 0.011429 0.016190
7 0.707857 0.857619 0.011429 0.018095
7 0.958214 0.144762 0.016429 0.022857
5 0.976429 0.173810 0.025714 0.027619
5 0.691071 0.344286 0.017857 0.037143
5 0.545000 0.523333 0.020000 0.020000
5 0.345000 0.554286 0.017143 0.034286
5 0.331071 0.580000 0.025000 0.026667
7 0.223214 0.645714 0.010714 0.015238
5 0.075000 0.717143 0.014286 0.041905
5 0.061429 0.722857 0.014286 0.040000
5 0.093214 0.698571 0.013571 0.033333
5 0.293571 0.910952 0.031429 0.021905
5 0.332500 0.921429 0.032143 0.031429
5 0.450000 0.850000 0.027143 0.018095
5 0.494643 0.788095 0.029286 0.021905
5 0.510000 0.740000 0.025714 0.020952
6 0.626786 0.981429 0.015000 0.018095
5 0.608571 0.689048 0.027143 0.020000
5 0.702500 0.690952 0.026429 0.023810
5 0.768571 0.620000 0.021429 0.020952
1 0.748929 0.322857 0.017857 0.034286
5 0.836071 0.625714 0.023571 0.022857
5 0.970714 0.650476 0.028571 0.032381
5 0.957857 0.661905 0.024286 0.036190
5 0.945357 0.665238 0.019286 0.037143
5 0.936786 0.670476 0.022143 0.036190
3 0.878571 0.772381 0.070000 0.062857
6 0.758571 0.821429 0.054286 0.094286
3 0.857857 0.661429 0.058571 0.067619
3 0.545714 0.390000 0.052857 0.082857
3 0.932857 0.611429 0.070000 0.066667
3 0.985357 0.573333 0.027857 0.057143
3 0.708571 0.391429 0.067143 0.062857
3 0.778929 0.347619 0.065000 0.064762
3 0.848929 0.303333 0.066429 0.061905
3 0.370357 0.973333 0.083571 0.051429
5 0.951071 0.843810 0.017857 0.038095
5 0.961071 0.839048 0.020714 0.040000
5 0.968214 0.832381 0.022143 0.038095
5 0.975357 0.827619 0.020714 0.041905
7 0.455000 0.977143 0.014286 0.015238
