3 0.317500 0.191905 0.047857 0.100000
3 0.300000 0.043333 0.044286 0.082857
3 0.867857 0.680000 0.101429 0.060952
3 0.716071 0.652857 0.097857 0.063810
3 0.683929 0.732857 0.100714 0.065714
3 0.377500 0.027619 0.032143 0.047619
5 0.125714 0.026190 0.018571 0.031429
5 0.096071 0.066667 0.017857 0.028571
7 0.567143 0.723810 0.004286 0.015238
7 0.576071 0.723810 0.003571 0.015238
7 0.545000 0.182857 0.005714 0.030476
7 0.549286 0.199048 0.002857 0.015238
7 0.555714 0.198571 0.004286 0.025714
7 0.674643 0.836190 0.017857 0.024762
7 0.889286 0.319524 0.024286 0.025714
7 0.929643 0.334286 0.017857 0.022857
7 0.937857 0.320952 0.015714 0.019048
7 0.841429 0.110476 0.012857 0.024762
7 0.898571 0.128571 0.017143 0.032381
8 0.126429 0.020000 0.014286 0.024762
8 0.094643 0.055714 0.015000 0.027619
