7 0.544643 0.966667 0.020714 0.049524
7 0.530357 0.948571 0.020714 0.057143
7 0.627857 0.877619 0.028571 0.048571
7 0.651429 0.885714 0.025714 0.057143
7 0.783214 0.910952 0.032143 0.054286
7 0.894286 0.731905 0.034286 0.056190
7 0.865714 0.714762 0.030000 0.060000
7 0.850357 0.704286 0.032143 0.060000
7 0.831071 0.697143 0.033571 0.055238
7 0.807500 0.660476 0.030714 0.046667
7 0.864643 0.652857 0.030714 0.050476
7 0.845000 0.621905 0.030000 0.053333
7 0.745357 0.595714 0.019286 0.048571
7 0.757143 0.540476 0.022857 0.050476
7 0.496786 0.611905 0.010714 0.044762
7 0.495000 0.593333 0.015714 0.040000
7 0.591429 0.518571 0.012857 0.046667
7 0.599286 0.510952 0.014286 0.046667
7 0.603571 0.501429 0.012857 0.046667
7 0.597500 0.428095 0.012143 0.040952
7 0.354286 0.360476 0.011429 0.033333
7 0.364643 0.358571 0.007857 0.033333
7 0.370714 0.358571 0.008571 0.033333
7 0.292500 0.421429 0.015000 0.039048
7 0.297857 0.405714 0.015714 0.038095
7 0.276429 0.469048 0.017143 0.035238
7 0.268929 0.464762 0.009286 0.034286
7 0.206071 0.468571 0.016429 0.038095
7 0.194286 0.491429 0.015714 0.036190
7 0.160357 0.488095 0.025000 0.042857
7 0.175000 0.457143 0.021429 0.045714
7 0.099286 0.567619 0.022857 0.040000
7 0.077857 0.585714 0.027143 0.040000
7 0.081429 0.499048 0.028571 0.045714
7 0.057500 0.427143 0.026429 0.039048
7 0.014286 0.390000 0.028571 0.039048
7 0.007857 0.415714 0.015714 0.035238
7 0.355357 0.328571 0.009286 0.034286
7 0.370714 0.305238 0.008571 0.029524
7 0.341429 0.310952 0.008571 0.029524
7 0.349286 0.309048 0.008571 0.029524
7 0.355000 0.308571 0.010000 0.028571
7 0.348571 0.294286 0.007143 0.020952
7 0.355357 0.292857 0.007857 0.023810
7 0.330714 0.284762 0.010000 0.030476
7 0.339286 0.280000 0.010000 0.030476
7 0.346786 0.279048 0.007857 0.026667
7 0.354643 0.276667 0.010714 0.029524
3 0.330000 0.234762 0.048571 0.037143
7 0.315000 0.264762 0.008571 0.026667
7 0.324286 0.274286 0.007143 0.024762
7 0.322143 0.262857 0.007143 0.020952
7 0.331429 0.264762 0.007143 0.019048
7 0.337857 0.263810 0.007143 0.020952
7 0.410714 0.183333 0.007143 0.023810
7 0.415714 0.182857 0.005714 0.024762
7 0.420357 0.182381 0.006429 0.025714
7 0.427500 0.183333 0.007857 0.023810
7 0.426786 0.190000 0.007857 0.023810
7 0.436071 0.190476 0.006429 0.020952
7 0.433214 0.172857 0.006429 0.020000
7 0.441071 0.170952 0.006429 0.020000
7 0.447857 0.165714 0.005714 0.020952
7 0.467500 0.181429 0.006429 0.023810
7 0.462500 0.176190 0.005000 0.022857
7 0.437143 0.149524 0.007143 0.022857
4 0.447500 0.153333 0.012143 0.015238
7 0.420357 0.131905 0.005000 0.021905
7 0.415357 0.132857 0.005000 0.021905
7 0.411071 0.133810 0.006429 0.020000
7 0.405714 0.133333 0.005714 0.020952
7 0.395357 0.132857 0.006429 0.020000
7 0.390000 0.130952 0.005714 0.016190
7 0.393571 0.125714 0.007143 0.017143
7 0.386786 0.124286 0.005000 0.018095
7 0.382500 0.125714 0.005000 0.017143
1 0.398929 0.104286 0.006429 0.010476
8 0.398929 0.098571 0.005000 0.012381
1 0.344286 0.075238 0.005714 0.009524
8 0.343214 0.070476 0.003571 0.011429
7 0.323214 0.100952 0.005000 0.015238
7 0.326071 0.099524 0.005000 0.016190
4 0.274286 0.055238 0.091429 0.089524
7 0.581429 0.155238 0.007143 0.019048
7 0.633214 0.166190 0.009286 0.023810
7 0.629286 0.162381 0.007143 0.021905
7 0.630714 0.147143 0.005714 0.021905
7 0.626429 0.146667 0.005714 0.020952
7 0.690714 0.144286 0.007143 0.023810
7 0.740357 0.134762 0.006429 0.021905
7 0.766786 0.150952 0.006429 0.023810
7 0.759286 0.123333 0.007143 0.021905
7 0.930714 0.590476 0.030000 0.053333
7 0.956429 0.612857 0.030000 0.050476
7 0.965357 0.558095 0.035000 0.043810
7 0.984643 0.589048 0.029286 0.050476
7 0.987857 0.290000 0.022857 0.044762
7 0.992857 0.299048 0.012857 0.034286
7 0.956429 0.612857 0.030000 0.050476
