3 0.478929 0.565238 0.002143 0.002857
3 0.486429 0.566667 0.001429 0.001905
3 0.491786 0.571429 0.005000 0.003810
3 0.440000 0.587619 0.007143 0.003810
3 0.438929 0.588095 0.006429 0.002857
3 0.437500 0.590000 0.007857 0.002857
3 0.438929 0.591905 0.009286 0.002857
3 0.498929 0.601429 0.010714 0.002857
3 0.497857 0.604286 0.010000 0.004762
3 0.487857 0.638095 0.014286 0.007619
10 0.452857 0.611429 0.008571 0.009524
11 0.461429 0.615238 0.011429 0.005714
3 0.456429 0.620476 0.010000 0.004762
3 0.453571 0.621905 0.012857 0.005714
3 0.453929 0.624286 0.012143 0.004762
3 0.451071 0.627143 0.010714 0.004762
3 0.448929 0.630000 0.010714 0.006667
3 0.447143 0.631429 0.012857 0.007619
3 0.432143 0.627143 0.007143 0.006667
3 0.422500 0.601905 0.007857 0.003810
3 0.420357 0.602381 0.009286 0.002857
11 0.434643 0.605238 0.007857 0.004762
3 0.435000 0.608095 0.007143 0.004762
3 0.432857 0.610000 0.008571 0.006667
3 0.432143 0.611429 0.008571 0.005714
3 0.429286 0.612381 0.008571 0.005714
3 0.420000 0.610476 0.008571 0.005714
3 0.427500 0.614762 0.010714 0.004762
3 0.417500 0.610952 0.010714 0.004762
3 0.420000 0.620000 0.011429 0.005714
3 0.419286 0.622857 0.011429 0.005714
3 0.408571 0.617619 0.011429 0.006667
3 0.400714 0.623810 0.011429 0.005714
3 0.398571 0.626667 0.011429 0.005714
3 0.397500 0.629524 0.012143 0.005714
3 0.418571 0.625238 0.012857 0.006667
7 0.446786 0.665238 0.002143 0.008571
3 0.436429 0.647619 0.012857 0.007619
3 0.434286 0.650476 0.017143 0.009524
3 0.436429 0.652381 0.015714 0.009524
3 0.427857 0.656190 0.015714 0.009524
3 0.425714 0.658095 0.015714 0.009524
3 0.426429 0.660952 0.015714 0.009524
3 0.422143 0.662857 0.018571 0.007619
3 0.421429 0.665714 0.018571 0.007619
3 0.418929 0.668571 0.017857 0.007619
3 0.418214 0.673333 0.017857 0.007619
3 0.415714 0.675238 0.018571 0.007619
3 0.411429 0.677143 0.018571 0.007619
3 0.407857 0.679524 0.022857 0.010476
3 0.405714 0.685714 0.022857 0.009524
3 0.399286 0.687619 0.022857 0.009524
3 0.397143 0.692857 0.022857 0.010476
3 0.392143 0.697143 0.022857 0.009524
3 0.370714 0.724286 0.022857 0.010476
11 0.389643 0.700000 0.025000 0.013333
3 0.388214 0.707143 0.020714 0.010476
3 0.410000 0.653810 0.007143 0.008571
3 0.376071 0.641429 0.015000 0.006667
7 0.371786 0.640952 0.002143 0.007619
3 0.395000 0.660000 0.010000 0.009524
3 0.383214 0.668095 0.010714 0.010476
3 0.375714 0.676667 0.010000 0.010476
3 0.367143 0.681429 0.010000 0.012381
3 0.352857 0.699048 0.015714 0.013333
3 0.341071 0.710000 0.013571 0.012381
7 0.328571 0.686190 0.002857 0.010476
7 0.323571 0.672381 0.002857 0.011429
3 0.349643 0.642381 0.016429 0.010476
3 0.346429 0.646190 0.017143 0.006667
11 0.345000 0.658095 0.010000 0.009524
3 0.343929 0.650952 0.016429 0.006667
3 0.341071 0.668095 0.012143 0.008571
3 0.323929 0.662857 0.019286 0.007619
7 0.282500 0.684762 0.002143 0.007619
7 0.279643 0.683333 0.002143 0.012381
3 0.315714 0.670952 0.014286 0.008571
3 0.308214 0.675714 0.020714 0.008571
3 0.303214 0.684762 0.015000 0.015238
3 0.285357 0.699048 0.015000 0.013333
3 0.263571 0.714762 0.018571 0.014286
3 0.386786 0.648571 0.016429 0.007619
3 0.383929 0.651905 0.016429 0.006667
3 0.383214 0.653810 0.016429 0.006667
3 0.377500 0.656190 0.016429 0.007619
3 0.372500 0.659524 0.016429 0.006667
3 0.368929 0.663810 0.016429 0.007619
3 0.367500 0.665714 0.016429 0.007619
3 0.363929 0.667619 0.016429 0.007619
3 0.361071 0.671429 0.016429 0.007619
3 0.357500 0.675714 0.016429 0.006667
3 0.353214 0.681429 0.016429 0.006667
3 0.346786 0.683810 0.019286 0.009524
3 0.341071 0.688571 0.019286 0.009524
3 0.337500 0.695714 0.019286 0.008571
3 0.327143 0.704762 0.022857 0.009524
3 0.318571 0.707619 0.022857 0.009524
3 0.313214 0.714762 0.022143 0.010476
3 0.298214 0.725238 0.026429 0.012381
3 0.282500 0.739524 0.026429 0.012381
3 0.272857 0.748571 0.030000 0.015238
3 0.329286 0.721905 0.015714 0.013333
3 0.315714 0.731905 0.017143 0.016190
3 0.301071 0.746667 0.019286 0.015238
3 0.264643 0.755238 0.029286 0.015238
3 0.255714 0.760952 0.028571 0.015238
3 0.250357 0.770952 0.033571 0.018095
3 0.231429 0.781429 0.035714 0.018095
3 0.221429 0.793333 0.035714 0.017143
3 0.200000 0.812381 0.044286 0.024762
11 0.204643 0.798571 0.036429 0.018095
3 0.176786 0.834286 0.047857 0.026667
3 0.157500 0.847143 0.047857 0.025714
3 0.141786 0.863333 0.047857 0.025714
3 0.120357 0.881429 0.047857 0.025714
3 0.104643 0.898095 0.047857 0.026667
3 0.079286 0.918095 0.061429 0.028571
3 0.046429 0.945238 0.072857 0.035238
7 0.064286 0.890952 0.008571 0.029524
7 0.238929 0.855238 0.005000 0.026667
7 0.247857 0.856667 0.005714 0.025714
11 0.220000 0.729048 0.028571 0.016190
3 0.211786 0.737619 0.030714 0.014286
3 0.195357 0.767143 0.027857 0.020000
3 0.161429 0.781905 0.020000 0.022857
0 0.173571 0.760952 0.025714 0.019048
3 0.137857 0.784762 0.015714 0.020952
5 0.085000 0.811429 0.012857 0.017143
10 0.152500 0.974286 0.093571 0.049524
10 0.184286 0.945238 0.064286 0.048571
3 0.210000 0.926667 0.052857 0.032381
3 0.223571 0.902857 0.052857 0.028571
3 0.249286 0.886667 0.052857 0.028571
3 0.275000 0.854286 0.045714 0.026667
3 0.280000 0.839048 0.044286 0.022857
3 0.294286 0.823810 0.042857 0.022857
3 0.311786 0.810476 0.023571 0.020952
3 0.311786 0.799524 0.033571 0.020000
3 0.319643 0.789048 0.033571 0.018095
3 0.330357 0.777619 0.032143 0.018095
3 0.342143 0.768095 0.031429 0.018095
10 0.340714 0.758571 0.037143 0.020000
3 0.351071 0.753333 0.032143 0.017143
3 0.350357 0.745714 0.033571 0.013333
3 0.367857 0.731429 0.021429 0.013333
10 0.372500 0.717143 0.030714 0.015238
3 0.356786 0.820000 0.040714 0.022857
3 0.354286 0.804762 0.030000 0.019048
3 0.364286 0.793333 0.032857 0.019048
3 0.370000 0.781429 0.032857 0.018095
3 0.387500 0.758095 0.030714 0.019048
3 0.400714 0.733333 0.027143 0.015238
3 0.407143 0.724762 0.027143 0.011429
3 0.410000 0.719524 0.024286 0.010476
3 0.418214 0.708571 0.023571 0.013333
3 0.423571 0.696667 0.020000 0.012381
3 0.485714 0.689048 0.021429 0.012381
2 0.478929 0.720000 0.036429 0.020952
3 0.470714 0.733810 0.024286 0.014286
3 0.464286 0.764762 0.030000 0.015238
3 0.464286 0.780952 0.030000 0.015238
3 0.465357 0.790952 0.035000 0.016190
3 0.458929 0.804286 0.035000 0.020000
3 0.459286 0.844762 0.035714 0.022857
3 0.448571 0.858571 0.044286 0.027619
3 0.445714 0.900952 0.045714 0.030476
3 0.736786 0.981905 0.040714 0.032381
3 0.776071 0.969524 0.045000 0.053333
3 0.670357 0.931429 0.027857 0.055238
3 0.622143 0.898095 0.025714 0.047619
3 0.581429 0.900000 0.021429 0.043810
3 0.651429 0.879524 0.027143 0.044762
3 0.687500 0.879524 0.026429 0.033333
3 0.702857 0.851905 0.025714 0.027619
3 0.636429 0.841905 0.021429 0.032381
3 0.628214 0.807619 0.019286 0.030476
3 0.651429 0.801429 0.021429 0.027619
3 0.673929 0.790476 0.019286 0.020952
3 0.617857 0.776190 0.015714 0.026667
3 0.645357 0.753810 0.017857 0.018095
3 0.592857 0.769524 0.015714 0.022857
3 0.567857 0.781905 0.014286 0.026667
7 0.667500 0.723333 0.002143 0.014286
7 0.671071 0.723810 0.002143 0.015238
3 0.561071 0.718095 0.010714 0.013333
10 0.562143 0.729048 0.014286 0.033333
3 0.541786 0.708571 0.010714 0.019048
3 0.582143 0.726667 0.011429 0.019048
3 0.601071 0.730952 0.013571 0.016190
3 0.614643 0.719048 0.013571 0.017143
3 0.640357 0.729524 0.015000 0.017143
3 0.653214 0.723810 0.013571 0.015238
7 0.651786 0.696190 0.002143 0.011429
3 0.635714 0.694286 0.011429 0.011429
3 0.616786 0.688571 0.010714 0.013333
3 0.623571 0.673333 0.010000 0.011429
3 0.600714 0.693333 0.012857 0.013333
11 0.570357 0.695714 0.010714 0.018095
2 0.536071 0.652857 0.010714 0.025714
3 0.567143 0.670476 0.008571 0.013333
3 0.592857 0.671429 0.008571 0.011429
3 0.605000 0.663810 0.008571 0.009524
3 0.602857 0.645714 0.007143 0.007619
3 0.608214 0.630952 0.015000 0.008571
3 0.592500 0.652857 0.006429 0.008571
3 0.579286 0.641429 0.005714 0.008571
3 0.589286 0.631429 0.005714 0.007619
10 0.570357 0.621905 0.005000 0.009524
0 0.558214 0.620000 0.002143 0.005714
7 0.560000 0.609524 0.001429 0.005714
3 0.583214 0.617619 0.005000 0.004762
3 0.578929 0.622381 0.006429 0.006667
3 0.550714 0.621905 0.004286 0.005714
3 0.544286 0.610476 0.004286 0.007619
3 0.569286 0.609524 0.004286 0.005714
3 0.567143 0.604286 0.004286 0.006667
3 0.571429 0.600476 0.004286 0.004762
3 0.563929 0.594286 0.003571 0.003810
3 0.556071 0.584286 0.003571 0.004762
3 0.548214 0.590952 0.003571 0.004762
3 0.535714 0.586667 0.002857 0.003810
3 0.537857 0.574286 0.002857 0.003810
3 0.537857 0.569048 0.001429 0.002857
3 0.543571 0.568095 0.001429 0.002857
3 0.540000 0.559048 0.001429 0.001905
3 0.532857 0.560000 0.001429 0.001905
3 0.545357 0.561905 0.002143 0.001905
3 0.546071 0.560000 0.000714 0.001905
3 0.550714 0.560952 0.001429 0.001905
3 0.535357 0.553810 0.000714 0.000952
3 0.535714 0.551905 0.001429 0.000952
3 0.547500 0.551905 0.000714 0.000952
4 0.542857 0.539048 0.035714 0.017143
3 0.928214 0.931429 0.062143 0.034286
3 0.901429 0.912381 0.054286 0.030476
3 0.878571 0.890000 0.057143 0.031429
3 0.861786 0.867143 0.049286 0.031429
3 0.841071 0.851429 0.045000 0.024762
3 0.823571 0.835714 0.045714 0.025714
7 0.839643 0.824762 0.006429 0.020952
7 0.848214 0.823333 0.006429 0.021905
3 0.805357 0.822381 0.043571 0.021905
3 0.797500 0.808571 0.042143 0.020952
3 0.785714 0.794762 0.041429 0.023810
11 0.768929 0.782381 0.039286 0.023810
3 0.758214 0.767143 0.035000 0.018095
3 0.739643 0.750952 0.035000 0.020000
3 0.798571 0.753810 0.024286 0.018095
5 0.781071 0.734762 0.005000 0.010476
3 0.726071 0.691429 0.012143 0.013333
3 0.723571 0.678571 0.022857 0.014286
3 0.751786 0.674286 0.015000 0.011429
