3 0.008929 0.361429 0.017857 0.042857
3 0.036429 0.356190 0.028571 0.045714
3 0.043571 0.440476 0.027143 0.050476
7 0.322857 0.413810 0.007143 0.016190
3 0.359643 0.422857 0.042143 0.022857
3 0.501071 0.430000 0.040714 0.023810
7 0.492857 0.472381 0.005714 0.011429
3 0.562500 0.465714 0.023571 0.047619
6 0.530000 0.514286 0.050000 0.036190
8 0.581071 0.187143 0.005000 0.008571
8 0.551786 0.086190 0.003571 0.008571
8 0.617143 0.041905 0.002857 0.013333
8 0.574286 0.004762 0.004286 0.009524
7 0.682143 0.222381 0.002857 0.014286
8 0.668571 0.243810 0.004286 0.009524
8 0.681071 0.260476 0.005000 0.010476
7 0.707143 0.331905 0.005714 0.016190
8 0.717500 0.410000 0.005000 0.008571
8 0.713929 0.453810 0.006429 0.012381
8 0.734286 0.481905 0.007143 0.013333
8 0.718929 0.519524 0.006429 0.012381
8 0.753929 0.594286 0.006429 0.011429
8 0.743214 0.684762 0.006429 0.011429
8 0.646429 0.676190 0.007143 0.013333
8 0.665000 0.747619 0.008571 0.013333
8 0.663929 0.739524 0.005000 0.010476
7 0.598571 0.662381 0.005714 0.016190
7 0.593571 0.671429 0.002857 0.011429
8 0.771071 0.801429 0.007857 0.012381
8 0.774286 0.809524 0.010000 0.007619
8 0.801429 0.748571 0.010000 0.007619
7 0.823571 0.738571 0.008571 0.014286
7 0.835000 0.744762 0.010000 0.017143
8 0.834286 0.807619 0.010000 0.015238
5 0.573929 0.007143 0.006429 0.014286
1 0.617857 0.045714 0.010000 0.007619
5 0.552143 0.090000 0.005714 0.014286
5 0.581429 0.191429 0.005714 0.017143
5 0.668571 0.248095 0.004286 0.014286
5 0.680357 0.264762 0.007857 0.013333
5 0.715714 0.415238 0.007143 0.020952
5 0.713214 0.458095 0.009286 0.020952
5 0.719286 0.523333 0.008571 0.020000
5 0.732500 0.486190 0.006429 0.023810
5 0.752143 0.597619 0.010000 0.023810
5 0.742500 0.689048 0.010714 0.025714
5 0.801071 0.753333 0.010714 0.032381
5 0.664286 0.750476 0.010000 0.034286
5 0.646071 0.680476 0.009286 0.033333
5 0.770000 0.804286 0.014286 0.031429
1 0.832500 0.810476 0.010714 0.028571
5 0.565000 0.972381 0.025714 0.019048
5 0.565357 0.960476 0.025000 0.016190
5 0.565000 0.946190 0.027143 0.012381
5 0.565000 0.930952 0.020000 0.018095
5 0.552500 0.921429 0.026429 0.016190
5 0.602143 0.962381 0.022857 0.014286
5 0.603571 0.981905 0.021429 0.015238
5 0.602143 0.922857 0.021429 0.022857
1 0.600357 0.899524 0.019286 0.016190
5 0.579286 0.689524 0.020000 0.011429
1 0.582143 0.680000 0.018571 0.013333
5 0.541429 0.655714 0.007143 0.029524
7 0.500714 0.612381 0.008571 0.019048
1 0.545714 0.385238 0.014286 0.014286
1 0.558929 0.385238 0.012143 0.012381
1 0.545000 0.374762 0.011429 0.008571
7 0.562857 0.372857 0.005714 0.016190
1 0.540357 0.370952 0.016429 0.012381
3 0.508929 0.120000 0.030714 0.015238
7 0.916429 0.992857 0.011429 0.012381
3 0.795000 0.964286 0.070000 0.069524
3 0.631429 0.943810 0.030000 0.093333
3 0.625000 0.840952 0.025714 0.080000
3 0.655714 0.458571 0.024286 0.054286
3 0.687143 0.450000 0.025714 0.046667
3 0.588571 0.377143 0.018571 0.045714
3 0.642500 0.315238 0.025000 0.036190
0 0.687857 0.330476 0.014286 0.036190
10 0.652143 0.268095 0.027143 0.050476
0 0.636786 0.192857 0.015000 0.029524
3 0.661429 0.013810 0.024286 0.014286
3 0.656786 0.007143 0.027857 0.014286
0 0.787500 0.544286 0.016429 0.027619
3 0.800714 0.632381 0.021429 0.051429
3 0.235000 0.143810 0.042857 0.022857
5 0.405714 0.391905 0.012857 0.014286
