3 0.837500 0.918571 0.057857 0.132381
3 0.491429 0.074286 0.020000 0.041905
3 0.661071 0.098571 0.019286 0.031429
2 0.773929 0.543333 0.086429 0.221905
11 0.614286 0.020000 0.011429 0.026667
3 0.176071 0.060952 0.025000 0.028571
3 0.192500 0.035714 0.016429 0.039048
3 0.063571 0.541429 0.078571 0.100000
3 0.129286 0.102857 0.025714 0.028571
5 0.100714 0.237143 0.020000 0.017143
5 0.062857 0.237143 0.020000 0.017143
5 0.172857 0.262381 0.018571 0.023810
7 0.578571 0.015714 0.005714 0.014286
7 0.312500 0.282381 0.007857 0.025714
7 0.304643 0.281429 0.007857 0.027619
7 0.080714 0.406667 0.014286 0.032381
7 0.066429 0.409524 0.012857 0.026667
8 0.273214 0.631905 0.013571 0.020000
8 0.647500 0.161429 0.006429 0.012381
8 0.723214 0.194286 0.007857 0.015238
8 0.382500 0.181429 0.005000 0.016190
7 0.698214 0.082857 0.005000 0.015238
7 0.735357 0.074762 0.005000 0.016190
1 0.722143 0.198571 0.007143 0.020000
5 0.647500 0.165238 0.005000 0.018095
5 0.273929 0.640952 0.019286 0.034286
7 0.364286 0.210952 0.004286 0.021905
7 0.450000 0.089048 0.004286 0.008571
1 0.382143 0.187143 0.005714 0.016190
3 0.635357 0.006190 0.012143 0.012381
3 0.754286 0.065714 0.012857 0.024762
11 0.777857 0.121905 0.022857 0.032381
3 0.788571 0.188571 0.021429 0.034286
3 0.794643 0.219524 0.037857 0.035238
7 0.879286 0.965238 0.021429 0.025714
7 0.858571 0.629048 0.015714 0.027619
7 0.848571 0.625238 0.011429 0.027619
7 0.862500 0.613810 0.015000 0.027619
7 0.793214 0.482381 0.010714 0.018095
8 0.811429 0.574762 0.017143 0.014286
8 0.813929 0.565714 0.010714 0.017143
8 0.809286 0.548571 0.011429 0.019048
