7 0.672143 0.884762 0.015714 0.038095
7 0.647143 0.869524 0.017143 0.043810
7 0.626429 0.869048 0.017143 0.037143
7 0.588214 0.561429 0.010714 0.029524
7 0.577500 0.555238 0.009286 0.032381
7 0.567500 0.558095 0.009286 0.032381
7 0.519286 0.487143 0.007143 0.023810
7 0.523929 0.487619 0.005000 0.024762
7 0.507500 0.402857 0.006429 0.020952
7 0.518571 0.407143 0.004286 0.020000
7 0.523929 0.406190 0.007857 0.023810
7 0.465714 0.300952 0.004286 0.017143
7 0.476071 0.297619 0.005000 0.018095
7 0.482143 0.300476 0.005714 0.018095
7 0.499643 0.273810 0.003571 0.016190
7 0.502857 0.273810 0.004286 0.018095
7 0.503929 0.268571 0.003571 0.015238
7 0.506786 0.268095 0.003571 0.016190
5 0.459286 0.265238 0.007143 0.010476
8 0.458571 0.258571 0.004286 0.014286
5 0.466071 0.257143 0.007857 0.013333
8 0.466786 0.252381 0.003571 0.013333
8 0.464286 0.251429 0.004286 0.013333
7 0.432500 0.242857 0.005000 0.017143
7 0.425357 0.242857 0.005000 0.017143
7 0.418929 0.241429 0.002143 0.016190
7 0.416071 0.244286 0.005000 0.016190
7 0.411429 0.239524 0.004286 0.014286
7 0.398929 0.228095 0.003571 0.014286
7 0.411429 0.180476 0.004286 0.010476
5 0.394286 0.166190 0.005714 0.008571
9 0.422143 0.163810 0.012857 0.013333
11 0.361786 0.152857 0.010714 0.018095
5 0.373214 0.150952 0.003571 0.006667
8 0.372500 0.147619 0.003571 0.007619
7 0.376786 0.144762 0.003571 0.011429
7 0.350000 0.117143 0.002857 0.009524
7 0.353929 0.122381 0.003571 0.012381
7 0.351786 0.112857 0.003571 0.012381
7 0.333214 0.140476 0.003571 0.012381
7 0.330714 0.141429 0.002857 0.012381
7 0.327857 0.140476 0.002857 0.012381
7 0.325357 0.140000 0.003571 0.011429
7 0.322500 0.140000 0.003571 0.011429
7 0.327857 0.125238 0.002857 0.010476
7 0.556786 0.240000 0.002143 0.011429
7 0.560000 0.240476 0.004286 0.012381
7 0.686071 0.205238 0.003571 0.014286
7 0.854643 0.097143 0.003571 0.011429
7 0.848571 0.095714 0.004286 0.010476
3 0.855357 0.087619 0.017857 0.009524
11 0.871071 0.090000 0.016429 0.012381
7 0.828214 0.080000 0.003571 0.007619
3 0.804286 0.074286 0.014286 0.007619
3 0.799643 0.071429 0.015000 0.009524
3 0.794286 0.070000 0.011429 0.008571
3 0.736786 0.055238 0.017857 0.009524
3 0.725357 0.052381 0.013571 0.007619
3 0.708929 0.041905 0.013571 0.005714
4 0.770000 0.069524 0.032857 0.022857
4 0.196071 0.064762 0.047857 0.026667
