3 0.047143 0.961905 0.074286 0.074286
10 0.148214 0.493333 0.065000 0.144762
11 0.220714 0.504286 0.050000 0.096190
11 0.276071 0.200476 0.059286 0.115238
11 0.556786 0.276667 0.045000 0.132381
10 0.526071 0.605238 0.059286 0.191429
11 0.799286 0.546667 0.087143 0.051429
11 0.505000 0.764762 0.044286 0.118095
3 0.646786 0.895714 0.099286 0.067619
3 0.967857 0.663810 0.055714 0.127619
3 0.910714 0.647143 0.048571 0.122857
3 0.356429 0.348571 0.050000 0.127619
3 0.252143 0.347619 0.052857 0.121905
3 0.425357 0.039524 0.042143 0.079048
3 0.060714 0.021905 0.078571 0.043810
3 0.044643 0.067143 0.089286 0.061905
3 0.031786 0.187143 0.063571 0.063810
11 0.021786 0.246667 0.043571 0.070476
0 0.504286 0.042857 0.040000 0.040000
7 0.501071 0.026667 0.010714 0.026667
4 0.449286 0.271429 0.014286 0.040000
5 0.507500 0.481905 0.026429 0.026667
4 0.440714 0.507143 0.014286 0.039048
4 0.052857 0.664286 0.032857 0.046667
7 0.095357 0.769524 0.027857 0.019048
7 0.289643 0.785714 0.022143 0.019048
5 0.010000 0.893333 0.020000 0.047619
5 0.035357 0.890952 0.029286 0.044762
8 0.005357 0.893810 0.010714 0.023810
8 0.034286 0.895714 0.028571 0.025714
4 0.483214 0.981905 0.035000 0.034286
8 0.473571 0.903333 0.017143 0.025714
5 0.474286 0.903333 0.024286 0.044762
7 0.511071 0.918095 0.013571 0.032381
7 0.523214 0.922381 0.016429 0.031429
7 0.582500 0.777619 0.015000 0.014286
7 0.565357 0.935238 0.012143 0.030476
7 0.584643 0.923810 0.012143 0.028571
7 0.597857 0.709048 0.012857 0.021905
7 0.608214 0.640000 0.013571 0.019048
7 0.592143 0.657143 0.010000 0.019048
7 0.572857 0.705714 0.010000 0.013333
7 0.568929 0.639048 0.013571 0.013333
7 0.556429 0.634286 0.010000 0.011429
4 0.644643 0.750952 0.026429 0.033333
8 0.656429 0.613810 0.011429 0.012381
7 0.729643 0.902381 0.020714 0.023810
0 0.593214 0.325714 0.023571 0.076190
7 0.581429 0.315714 0.008571 0.023810
7 0.655357 0.153810 0.012143 0.033333
7 0.665714 0.217143 0.018571 0.032381
7 0.614643 0.318095 0.013571 0.022857
7 0.625000 0.353333 0.012857 0.017143
7 0.567857 0.188571 0.008571 0.013333
7 0.585714 0.084762 0.011429 0.028571
7 0.641429 0.075238 0.012857 0.028571
7 0.630000 0.023810 0.008571 0.019048
11 0.566429 0.095238 0.028571 0.093333
5 0.633214 0.208571 0.015000 0.036190
8 0.634286 0.198095 0.015714 0.020952
7 0.703929 0.327619 0.012143 0.020952
4 0.704643 0.113333 0.019286 0.045714
1 0.712500 0.151905 0.022143 0.016190
1 0.702143 0.029524 0.055714 0.047619
7 0.644286 0.048095 0.010000 0.021905
7 0.619286 0.018095 0.011429 0.036190
7 0.588571 0.016667 0.010000 0.027619
7 0.584286 0.050476 0.010000 0.017143
7 0.583929 0.043810 0.009286 0.028571
8 0.571429 0.021429 0.012857 0.023810
7 0.815357 0.381429 0.019286 0.018095
7 0.942143 0.547619 0.018571 0.015238
4 0.850714 0.605238 0.025714 0.050476
