10 0.201786 0.343333 0.030714 0.084762
10 0.162143 0.250952 0.032857 0.098095
10 0.372143 0.544762 0.055714 0.043810
10 0.472143 0.576190 0.085714 0.043810
10 0.241071 0.154286 0.032143 0.055238
10 0.192143 0.150000 0.028571 0.080952
10 0.200357 0.269048 0.025000 0.048571
11 0.825000 0.546667 0.050000 0.028571
11 0.177143 0.396190 0.020000 0.040000
3 0.037857 0.307619 0.032857 0.030476
11 0.061786 0.263810 0.036429 0.026667
11 0.052143 0.286190 0.035714 0.025714
3 0.010714 0.250476 0.021429 0.017143
3 0.013214 0.235714 0.026429 0.016190
3 0.022857 0.330952 0.032857 0.027619
3 0.075357 0.246190 0.036429 0.021905
3 0.146429 0.359048 0.017143 0.040000
3 0.148929 0.408095 0.019286 0.044762
10 0.142857 0.309048 0.021429 0.048571
10 0.170714 0.332857 0.020000 0.056190
10 0.197857 0.562857 0.034286 0.022857
3 0.658214 0.575714 0.047857 0.027619
3 0.728571 0.508571 0.042857 0.022857
3 0.490000 0.537619 0.041429 0.025714
0 0.451786 0.485238 0.013571 0.025714
9 0.565357 0.527619 0.035000 0.020952
8 0.555357 0.529048 0.009286 0.012381
8 0.634643 0.475238 0.006429 0.011429
1 0.636429 0.472857 0.018571 0.010476
0 0.708214 0.408571 0.029286 0.028571
6 0.694286 0.385238 0.084286 0.044762
0 0.618571 0.369524 0.012857 0.030476
3 0.435714 0.258095 0.028571 0.030476
3 0.466429 0.213333 0.014286 0.036190
3 0.482143 0.209048 0.012857 0.031429
3 0.517857 0.209048 0.012857 0.035238
3 0.535714 0.207619 0.012857 0.038095
7 0.392857 0.286190 0.004286 0.012381
7 0.345000 0.219048 0.004286 0.015238
8 0.405000 0.248571 0.002857 0.011429
5 0.404643 0.250476 0.009286 0.013333
5 0.319643 0.490952 0.010714 0.023810
5 0.247500 0.463810 0.012143 0.015238
5 0.391786 0.491429 0.005000 0.017143
8 0.391429 0.487143 0.005714 0.010476
8 0.317857 0.489048 0.005714 0.012381
8 0.244286 0.460952 0.007143 0.011429
3 0.198929 0.220000 0.017857 0.040000
3 0.167143 0.183810 0.015714 0.034286
3 0.095714 0.202381 0.030000 0.018095
3 0.143929 0.154286 0.013571 0.034286
11 0.104643 0.177619 0.030714 0.027619
11 0.352857 0.122857 0.028571 0.026667
11 0.408571 0.015714 0.027143 0.018095
11 0.409643 0.029048 0.026429 0.018095
3 0.410000 0.040952 0.021429 0.017143
3 0.419643 0.065714 0.025000 0.020952
3 0.420357 0.078571 0.025000 0.018095
3 0.423929 0.088571 0.029286 0.020952
3 0.424643 0.104762 0.032143 0.022857
3 0.352857 0.107619 0.027143 0.020952
3 0.353929 0.094286 0.027857 0.020952
3 0.341071 0.034286 0.027857 0.019048
3 0.345357 0.058571 0.029286 0.021905
10 0.422143 0.047143 0.037143 0.025714
0 0.247857 0.108095 0.008571 0.020000
7 0.317143 0.133810 0.005714 0.014286
10 0.158929 0.103810 0.029286 0.118095
10 0.181071 0.032857 0.030714 0.065714
5 0.149643 0.028095 0.003571 0.016190
8 0.149286 0.024762 0.004286 0.009524
8 0.059286 0.197619 0.008571 0.014286
8 0.096429 0.291429 0.005714 0.013333
8 0.126786 0.241429 0.006429 0.010476
5 0.061071 0.201429 0.009286 0.016190
5 0.099643 0.293333 0.006429 0.017143
9 0.129286 0.242857 0.007143 0.020952
6 0.054643 0.342857 0.029286 0.034286
3 0.016786 0.217619 0.033571 0.023810
3 0.035000 0.146667 0.031429 0.020952
3 0.015714 0.198571 0.031429 0.021905
11 0.020357 0.179048 0.033571 0.022857
11 0.013214 0.164286 0.026429 0.021905
11 0.190357 0.104286 0.013571 0.023810
3 0.963929 0.530000 0.047857 0.027619
3 0.953214 0.495714 0.047857 0.025714
3 0.835000 0.509524 0.044286 0.024762
10 0.869286 0.374762 0.041429 0.021905
5 0.936071 0.430000 0.017857 0.014286
3 0.754643 0.327619 0.020714 0.034286
5 0.938929 0.360000 0.017857 0.009524
7 0.436786 0.362381 0.003571 0.014286
7 0.775000 0.899048 0.005714 0.009524
4 0.141429 0.506667 0.008571 0.015238
0 0.143571 0.477619 0.017143 0.023810
