3 0.449286 0.853426 0.015714 0.046954
3 0.424286 0.870558 0.017143 0.060914
3 0.518571 0.878173 0.014286 0.058376
3 0.540000 0.774112 0.017143 0.053299
3 0.456071 0.635787 0.013571 0.043147
3 0.501071 0.646574 0.015000 0.044416
3 0.497143 0.261421 0.007143 0.020305
3 0.497857 0.310914 0.008571 0.020305
3 0.453571 0.314086 0.007143 0.016497
3 0.438929 0.313452 0.007857 0.020305
3 0.466786 0.273477 0.006429 0.016497
3 0.455357 0.264594 0.007857 0.016497
3 0.509286 0.230330 0.007143 0.016497
3 0.520357 0.213198 0.006429 0.017766
3 0.497143 0.210660 0.005714 0.017766
3 0.506786 0.173223 0.006429 0.016497
3 0.470357 0.219543 0.005000 0.015228
3 0.458929 0.215102 0.005000 0.013959
3 0.447143 0.213198 0.005714 0.015228
3 0.510000 0.340736 0.008571 0.026650
3 0.471071 0.024746 0.003571 0.008883
3 0.471429 0.038706 0.004286 0.011421
3 0.465000 0.049492 0.004286 0.007614
3 0.469286 0.060279 0.004286 0.008883
3 0.466429 0.106599 0.002857 0.010152
3 0.466786 0.093274 0.003571 0.011421
3 0.492500 0.078046 0.005000 0.013959
3 0.493214 0.105330 0.006429 0.012690
3 0.499286 0.026650 0.004286 0.010152
3 0.510714 0.069162 0.004286 0.011421
3 0.473929 0.121827 0.005000 0.012690
11 0.496071 0.166244 0.005000 0.017766
11 0.470357 0.175127 0.006429 0.017766
11 0.460714 0.166878 0.007143 0.019036
11 0.450357 0.357868 0.009286 0.022843
11 0.495000 0.401650 0.008571 0.034264
11 0.491071 0.057741 0.005000 0.013959
11 0.490357 0.034898 0.005000 0.013959
11 0.503929 0.112944 0.006429 0.020305
11 0.467143 0.070431 0.004286 0.011421
11 0.525000 0.338198 0.008571 0.034264
11 0.461071 0.534264 0.012143 0.030457
3 0.440357 0.562817 0.012143 0.034264
3 0.434286 0.673858 0.011429 0.035533
3 0.405000 0.729695 0.011429 0.035533
3 0.440000 0.970812 0.017143 0.053299
7 0.401786 0.889594 0.006429 0.022843
7 0.386429 0.891497 0.005714 0.019036
7 0.405357 0.873096 0.003571 0.017766
7 0.401786 0.860406 0.005000 0.020305
7 0.382143 0.869289 0.004286 0.017766
7 0.398571 0.848985 0.005714 0.020305
11 0.448214 0.468909 0.012143 0.031726
3 0.433571 0.409898 0.011429 0.022843
11 0.441071 0.279822 0.007857 0.019036
2 0.502857 0.078680 0.007143 0.022843
11 0.500000 0.043147 0.004286 0.012690
2 0.457143 0.072335 0.007143 0.027919
11 0.470714 0.078046 0.004286 0.011421
11 0.465714 0.119924 0.004286 0.013959
3 0.461429 0.021574 0.004286 0.012690
3 0.490000 0.022843 0.004286 0.010152
3 0.471786 0.010787 0.005000 0.011421
6 0.616071 0.242386 0.059286 0.045685
11 0.038571 0.425761 0.025714 0.026650
2 0.085357 0.345812 0.032143 0.054569
11 0.165357 0.217640 0.012143 0.024112
10 0.118214 0.304569 0.025000 0.032995
10 0.082143 0.304569 0.021429 0.040609
