3 0.446786 0.984137 0.012143 0.026650
3 0.461786 0.933376 0.013571 0.054569
10 0.442143 0.887690 0.017143 0.107868
3 0.460357 0.837563 0.010714 0.048223
3 0.442143 0.790609 0.011429 0.040609
3 0.459286 0.769036 0.011429 0.048223
3 0.520000 0.737944 0.012857 0.046954
11 0.441786 0.710025 0.015000 0.054569
11 0.456071 0.693528 0.013571 0.049492
5 0.443929 0.655457 0.005000 0.021574
11 0.456786 0.610406 0.010714 0.045685
3 0.440714 0.617386 0.011429 0.044416
3 0.439286 0.557741 0.012857 0.044416
3 0.454286 0.544416 0.011429 0.040609
3 0.438929 0.501269 0.010714 0.038071
3 0.453571 0.460025 0.011429 0.039340
3 0.437857 0.442259 0.011429 0.039340
3 0.436071 0.383883 0.010714 0.039340
5 0.451786 0.396574 0.005000 0.016497
3 0.467500 0.410533 0.012143 0.041878
3 0.530357 0.581218 0.012143 0.045685
3 0.527143 0.482234 0.011429 0.045685
10 0.614643 0.300761 0.079286 0.035533
3 0.572143 0.265863 0.022857 0.019036
3 0.601429 0.262056 0.022857 0.019036
2 0.588929 0.231599 0.053571 0.041878
10 0.643929 0.227792 0.035000 0.031726
2 0.622143 0.202411 0.061429 0.036802
10 0.565357 0.213198 0.033571 0.035533
3 0.097857 0.299492 0.025714 0.020305
3 0.025000 0.297589 0.022857 0.021574
2 0.784643 0.215736 0.065000 0.040609
3 0.915357 0.126904 0.020714 0.017766
7 0.375000 0.745558 0.002857 0.008883
7 0.366786 0.687817 0.003571 0.010152
7 0.363214 0.690355 0.002143 0.010152
7 0.361071 0.653553 0.003571 0.012690
7 0.329643 0.471447 0.003571 0.016497
7 0.402143 0.861675 0.005714 0.015228
7 0.409286 0.862310 0.004286 0.008883
