3 0.243000 0.925667 0.064000 0.147333
3 0.235500 0.616000 0.068000 0.090667
11 0.809500 0.889667 0.102000 0.179333
3 0.729250 0.676000 0.072500 0.121333
3 0.668750 0.562333 0.053500 0.082000
7 0.750000 0.673000 0.015000 0.047333
3 0.781750 0.560333 0.073500 0.067333
3 0.898250 0.327333 0.036500 0.040000
3 0.791500 0.296333 0.030000 0.046000
3 0.747750 0.281000 0.032500 0.044667
11 0.885500 0.401667 0.039000 0.067333
11 0.859750 0.461667 0.047500 0.072667
3 0.796000 0.211000 0.044000 0.032667
3 0.734250 0.176333 0.047500 0.031333
3 0.664000 0.149333 0.043000 0.025333
3 0.582250 0.169000 0.045500 0.023333
3 0.603250 0.131333 0.033500 0.024000
3 0.578750 0.113667 0.023500 0.024667
3 0.567750 0.072667 0.016500 0.022667
3 0.567250 0.046333 0.013500 0.016667
3 0.566750 0.027000 0.012500 0.018000
3 0.418000 0.064000 0.016000 0.020000
3 0.408750 0.097333 0.020500 0.025333
3 0.392000 0.112333 0.024000 0.026000
3 0.357000 0.129000 0.040000 0.027333
3 0.316250 0.142000 0.035500 0.029333
3 0.297000 0.179333 0.044000 0.038667
11 0.231250 0.167667 0.041500 0.040667
3 0.188750 0.191333 0.045500 0.034667
1 0.276500 0.128333 0.006000 0.012667
1 0.408500 0.073667 0.011000 0.014000
1 0.402500 0.079667 0.012000 0.011333
3 0.235000 0.616667 0.067000 0.093333
5 0.186250 0.476667 0.016500 0.026667
8 0.185500 0.471333 0.015000 0.026667
1 0.014750 0.285667 0.012500 0.022000
1 0.087250 0.216000 0.016500 0.017333
1 0.079000 0.216667 0.014000 0.016000
7 0.125750 0.184667 0.007500 0.021333
9 0.546750 0.025000 0.008500 0.015333
8 0.548500 0.022000 0.005000 0.012000
