10 0.771500 0.597667 0.024000 0.042000
10 0.660250 0.511333 0.006500 0.009333
3 0.654750 0.525333 0.006500 0.006667
3 0.645500 0.534667 0.011000 0.009333
3 0.646500 0.529667 0.011000 0.007333
3 0.611000 0.528667 0.011000 0.006667
3 0.605000 0.547000 0.009000 0.010000
8 0.650000 0.542667 0.002000 0.005333
5 0.650250 0.546667 0.002500 0.005333
8 0.655000 0.544000 0.002000 0.004000
5 0.655250 0.547000 0.001500 0.004667
3 0.588250 0.570333 0.011500 0.014000
3 0.567750 0.593333 0.013500 0.014667
3 0.542250 0.587333 0.013500 0.013333
3 0.528000 0.587333 0.014000 0.012000
11 0.519750 0.592333 0.010500 0.018000
0 0.545750 0.614000 0.007500 0.021333
3 0.537500 0.633333 0.018000 0.016000
3 0.523250 0.651000 0.020500 0.020667
3 0.508750 0.665667 0.022500 0.020667
3 0.428750 0.682667 0.030500 0.021333
7 0.490500 0.689667 0.004000 0.020667
3 0.466750 0.717667 0.027500 0.027333
3 0.439250 0.751000 0.032500 0.031333
3 0.458000 0.774667 0.036000 0.037333
3 0.400250 0.811333 0.035500 0.061333
11 0.351750 0.763000 0.047500 0.039333
3 0.255750 0.805000 0.039500 0.032667
3 0.295250 0.828000 0.050500 0.049333
3 0.336750 0.879667 0.050500 0.058000
3 0.624750 0.774333 0.026500 0.039333
3 0.524500 0.818000 0.036000 0.045333
11 0.625250 0.854667 0.030500 0.073333
11 0.594000 0.973333 0.045000 0.052000
11 0.456000 0.966000 0.060000 0.066667
8 0.509250 0.982333 0.013500 0.024667
5 0.511500 0.983333 0.018000 0.032000
