3 0.317328 0.782004 0.038622 0.092764
3 0.412578 0.724490 0.039144 0.083488
3 0.394050 0.653061 0.036534 0.070501
3 0.769572 0.524119 0.039144 0.064935
3 0.707203 0.456401 0.029228 0.044527
3 0.617432 0.504174 0.028184 0.062152
3 0.580898 0.515770 0.020877 0.048237
3 0.557411 0.509276 0.022965 0.051948
3 0.522443 0.512523 0.028184 0.049165
3 0.490344 0.508349 0.033925 0.051948
11 0.462422 0.499072 0.040710 0.044527
3 0.438413 0.491187 0.041754 0.047310
10 0.780532 0.463358 0.038100 0.047310
3 0.769311 0.446660 0.035491 0.032468
9 0.835073 0.391929 0.024008 0.041744
7 0.806889 0.383581 0.009395 0.028757
3 0.410230 0.482375 0.043841 0.053803
3 0.393789 0.465213 0.034969 0.043599
11 0.347338 0.416976 0.030793 0.049165
3 0.231733 0.462894 0.050104 0.057514
3 0.236952 0.435993 0.046973 0.031540
3 0.331159 0.405380 0.036013 0.042672
3 0.320981 0.381262 0.036534 0.044527
3 0.317850 0.355751 0.034447 0.036178
3 0.311065 0.328850 0.027140 0.038033
3 0.220251 0.405380 0.042797 0.029685
3 0.220251 0.382189 0.037578 0.025974
3 0.218424 0.349722 0.041232 0.029685
3 0.208507 0.275046 0.031837 0.025046
3 0.202244 0.239796 0.031837 0.032468
3 0.266180 0.225417 0.032359 0.024119
3 0.298800 0.314935 0.030793 0.043599
3 0.280793 0.302876 0.032359 0.030612
3 0.275313 0.282468 0.033925 0.026902
11 0.275574 0.181818 0.025052 0.027829
7 0.239040 0.276902 0.005219 0.019481
5 0.292276 0.250464 0.010438 0.012987
5 0.278706 0.261596 0.011482 0.016698
7 0.207724 0.311224 0.004175 0.021336
1 0.201461 0.314471 0.012526 0.011132
3 0.193111 0.316327 0.003132 0.014842
4 0.268528 0.239796 0.016180 0.025046
4 0.304802 0.252319 0.009395 0.018553
3 0.205115 0.217069 0.029228 0.018553
7 0.520355 0.575139 0.006263 0.025974
10 0.084812 0.053340 0.019311 0.069573
3 0.115084 0.022727 0.010960 0.017625
11 0.157359 0.025974 0.017223 0.016698
3 0.138831 0.012523 0.010438 0.010204
11 0.123434 0.711039 0.023486 0.065863
