3 0.499217 0.856215 0.064196 0.085343
3 0.494781 0.773191 0.045929 0.084416
3 0.560021 0.725417 0.055324 0.070501
11 0.430063 0.829777 0.065762 0.089981
5 0.528967 0.703618 0.013048 0.030612
7 0.441545 0.721707 0.008351 0.035250
7 0.452505 0.715677 0.005219 0.036178
7 0.649008 0.576531 0.005741 0.023191
7 0.653184 0.581169 0.006785 0.013915
7 0.650052 0.569573 0.005741 0.020408
5 0.673800 0.571429 0.016701 0.018553
1 0.388570 0.800557 0.008873 0.035250
3 0.708768 0.592764 0.051148 0.063080
3 0.799322 0.504174 0.026618 0.049165
11 0.752871 0.550557 0.038100 0.049165
7 0.750261 0.513915 0.008873 0.022263
2 0.888831 0.615492 0.094990 0.140074
2 0.973121 0.534787 0.050626 0.130798
4 0.770616 0.490724 0.023486 0.042672
5 0.414405 0.783395 0.021921 0.034323
5 0.716075 0.550093 0.017745 0.022263
5 0.730167 0.534323 0.011482 0.029685
5 0.818633 0.466605 0.018267 0.022263
5 0.807672 0.453154 0.008873 0.025046
5 0.546451 0.691558 0.016701 0.028757
5 0.403967 0.790353 0.012526 0.031540
5 0.707203 0.517161 0.013570 0.013915
5 0.716597 0.512523 0.007307 0.012059
8 0.707985 0.506957 0.005741 0.013915
8 0.715814 0.500464 0.005741 0.015770
4 0.798539 0.476345 0.018789 0.017625
5 0.188413 0.938312 0.040710 0.045455
5 0.184499 0.924397 0.037056 0.047310
