3 0.326429 0.969543 0.031429 0.055838
3 0.452857 0.963832 0.024286 0.067259
3 0.330357 0.761421 0.025000 0.073604
3 0.364643 0.572335 0.023571 0.055838
3 0.347500 0.480964 0.019286 0.045685
3 0.678929 0.753173 0.042143 0.074873
3 0.355714 0.111675 0.012857 0.027919
3 0.374286 0.093909 0.011429 0.025381
3 0.446429 0.097716 0.010000 0.032995
3 0.357857 0.048223 0.010000 0.022843
3 0.374286 0.031091 0.008571 0.021574
3 0.389286 0.010787 0.008571 0.016497
3 0.301429 0.065990 0.011429 0.027919
3 0.237857 0.152919 0.015714 0.026650
7 0.157500 0.291244 0.006429 0.026650
2 0.371429 0.354061 0.024286 0.078680
10 0.388929 0.169416 0.016429 0.054569
11 0.498214 0.486041 0.030714 0.081218
3 0.009643 0.098985 0.019286 0.030457
3 0.152857 0.128173 0.025714 0.030457
3 0.141071 0.211929 0.023571 0.027919
10 0.189643 0.076777 0.036429 0.036802
3 0.221071 0.060914 0.023571 0.027919
11 0.246071 0.043782 0.022143 0.029188
3 0.143214 0.086294 0.016429 0.020305
3 0.150000 0.047589 0.015714 0.013959
3 0.180357 0.039340 0.016429 0.015228
3 0.195714 0.020939 0.014286 0.013959
3 0.198571 0.031091 0.015714 0.016497
3 0.175714 0.034264 0.017143 0.020305
3 0.125357 0.064086 0.017857 0.021574
3 0.146071 0.065355 0.019286 0.019036
3 0.201071 0.048223 0.016429 0.015228
3 0.235000 0.027919 0.015714 0.017766
3 0.243571 0.024112 0.020000 0.020305
3 0.159286 0.074239 0.017143 0.019036
3 0.169286 0.064086 0.015714 0.019036
7 0.266071 0.022843 0.005000 0.012690
