3 0.328571 0.892766 0.027143 0.100254
3 0.399643 0.500000 0.026429 0.060914
3 0.424286 0.312817 0.012857 0.041878
3 0.466429 0.309010 0.031429 0.041878
3 0.255714 0.310914 0.041429 0.035533
3 0.707143 0.380076 0.040000 0.029188
11 0.583214 0.371193 0.045000 0.041878
11 0.515000 0.350888 0.034286 0.041878
11 0.451071 0.555838 0.022143 0.060914
11 0.689286 0.269036 0.038571 0.032995
11 0.979643 0.457487 0.039286 0.034264
3 0.911786 0.452411 0.039286 0.041878
3 0.916071 0.309010 0.037857 0.031726
3 0.907857 0.286802 0.035714 0.030457
3 0.866429 0.266497 0.037143 0.027919
3 0.750000 0.246193 0.037143 0.027919
3 0.687857 0.243020 0.035714 0.026650
3 0.752857 0.321701 0.037143 0.029188
3 0.797500 0.296320 0.036429 0.029188
3 0.858571 0.288706 0.037143 0.029188
3 0.811786 0.267132 0.036429 0.026650
3 0.797857 0.242386 0.037143 0.025381
3 0.753214 0.270305 0.036429 0.032995
3 0.703571 0.296954 0.035714 0.032995
3 0.651429 0.325508 0.041429 0.031726
3 0.650714 0.296954 0.040000 0.035533
3 0.635357 0.275381 0.033571 0.027919
10 0.637143 0.248096 0.050000 0.036802
11 0.240357 0.949873 0.030714 0.092640
3 0.121786 0.413071 0.042143 0.031726
3 0.126429 0.439721 0.040000 0.039340
3 0.068929 0.408629 0.047857 0.030457
3 0.056429 0.446066 0.044286 0.039340
11 0.012143 0.406091 0.024286 0.043147
3 0.138571 0.029822 0.014286 0.026650
3 0.107857 0.026650 0.017143 0.030457
3 0.086786 0.026015 0.017857 0.024112
3 0.050714 0.029188 0.020000 0.038071
10 0.330357 0.125000 0.023571 0.090102
10 0.278214 0.175761 0.045000 0.049492
2 0.406786 0.035533 0.019286 0.071066
10 0.128571 0.203046 0.051429 0.045685
1 0.148571 0.232868 0.014286 0.016497
1 0.218929 0.229061 0.015000 0.011421
7 0.251429 0.348985 0.004286 0.025381
7 0.307857 0.168782 0.004286 0.022843
7 0.314286 0.161802 0.004286 0.019036
11 0.305714 0.024112 0.022857 0.025381
11 0.273214 0.029188 0.010714 0.027919
3 0.166071 0.036802 0.015000 0.030457
3 0.180714 0.035533 0.012857 0.027919
7 0.472500 0.044416 0.003571 0.020305
7 0.467857 0.050761 0.002857 0.020305
7 0.455714 0.136421 0.004286 0.019036
7 0.462143 0.149746 0.004286 0.017766
7 0.461786 0.141497 0.003571 0.016497
8 0.402857 0.210660 0.005714 0.020305
8 0.368929 0.492386 0.005000 0.020305
1 0.402143 0.214467 0.010000 0.012690
5 0.370357 0.496827 0.015000 0.019036
1 0.516071 0.875000 0.005000 0.031726
8 0.516786 0.873731 0.007857 0.021574
7 0.566429 0.678934 0.005714 0.025381
7 0.678214 0.465102 0.007857 0.021574
7 0.793571 0.529188 0.007143 0.022843
7 0.790357 0.516497 0.006429 0.022843
7 0.765357 0.504442 0.010714 0.026650
7 0.636429 0.445431 0.007143 0.020305
7 0.561429 0.293782 0.005714 0.016497
7 0.554286 0.260152 0.007143 0.020305
7 0.526429 0.262690 0.004286 0.020305
7 0.528929 0.260787 0.005000 0.021574
7 0.510714 0.185914 0.004286 0.021574
7 0.497857 0.181472 0.004286 0.017766
3 0.518929 0.159898 0.029286 0.030457
10 0.492857 0.013959 0.030000 0.027919
7 0.754643 0.190355 0.005000 0.020305
7 0.943571 0.503173 0.010000 0.024112
7 0.908929 0.513959 0.010714 0.022843
7 0.827500 0.468909 0.006429 0.016497
7 0.894643 0.204949 0.009286 0.013959
3 0.961786 0.284264 0.039286 0.025381
3 0.925714 0.261421 0.038571 0.025381
3 0.971071 0.237310 0.036429 0.025381
11 0.990357 0.256345 0.017857 0.030457
8 0.993214 0.211929 0.006429 0.017766
5 0.990714 0.216371 0.014286 0.013959
