7 0.363214 0.895714 0.007857 0.037143
7 0.356071 0.890000 0.009286 0.039048
7 0.351071 0.877143 0.007857 0.034286
7 0.343929 0.874286 0.007857 0.038095
7 0.273929 0.859524 0.006429 0.040952
7 0.314286 0.833333 0.007143 0.038095
7 0.387857 0.815238 0.008571 0.038095
7 0.416786 0.749048 0.006429 0.031429
7 0.333214 0.678095 0.003571 0.019048
8 0.292143 0.638571 0.004286 0.008571
1 0.292500 0.644286 0.007857 0.008571
7 0.541786 0.652857 0.003571 0.016190
7 0.536429 0.651429 0.004286 0.013333
7 0.517500 0.640952 0.003571 0.013333
7 0.513571 0.629524 0.002857 0.013333
7 0.541071 0.630476 0.003571 0.015238
7 0.614643 0.662857 0.005000 0.017143
7 0.613214 0.632857 0.003571 0.014286
7 0.721071 0.590476 0.002143 0.007619
8 0.737143 0.584286 0.001429 0.004762
1 0.737143 0.587143 0.001429 0.004762
7 0.700000 0.579048 0.001429 0.007619
7 0.696429 0.577619 0.001429 0.006667
7 0.694643 0.587143 0.002143 0.008571
7 0.691071 0.586190 0.002143 0.008571
7 0.758929 0.541905 0.000714 0.005714
7 0.923214 0.671905 0.003571 0.014286
7 0.847857 0.667619 0.002857 0.015238
7 0.840714 0.664762 0.002857 0.017143
8 0.863929 0.650000 0.005000 0.008571
8 0.928214 0.773810 0.009286 0.016190
5 0.927500 0.780000 0.012143 0.022857
7 0.964286 0.837619 0.011429 0.035238
3 0.249286 0.939048 0.085714 0.066667
3 0.477143 0.951429 0.091429 0.062857
3 0.508571 0.878571 0.072857 0.054286
3 0.528571 0.850000 0.071429 0.060000
3 0.530357 0.830000 0.070714 0.039048
3 0.556429 0.816190 0.064286 0.036190
3 0.556429 0.775714 0.057143 0.033333
3 0.563929 0.761429 0.057857 0.029524
2 0.558214 0.731905 0.059286 0.044762
3 0.342500 0.839524 0.060714 0.054286
3 0.330357 0.811429 0.063571 0.041905
3 0.312143 0.787619 0.065714 0.036190
3 0.329286 0.759524 0.058571 0.031429
3 0.331071 0.741429 0.055000 0.025714
3 0.492500 0.724286 0.049286 0.031429
3 0.447500 0.717143 0.030714 0.026667
3 0.420357 0.711905 0.029286 0.021905
3 0.597143 0.715714 0.042857 0.025714
10 0.591429 0.699048 0.037143 0.030476
3 0.600357 0.689524 0.035000 0.020952
3 0.639643 0.705714 0.043571 0.022857
3 0.511429 0.680952 0.038571 0.022857
3 0.480714 0.689524 0.037143 0.019048
3 0.443214 0.692857 0.040714 0.021905
3 0.419286 0.669048 0.034286 0.018095
11 0.422500 0.658571 0.030714 0.020000
3 0.330357 0.659048 0.032143 0.017143
3 0.332500 0.650000 0.027857 0.012381
3 0.291786 0.623810 0.013571 0.013333
3 0.302500 0.626667 0.015000 0.013333
10 0.318929 0.624762 0.026429 0.022857
3 0.330357 0.630476 0.019286 0.015238
3 0.343929 0.631429 0.019286 0.015238
3 0.362500 0.632381 0.019286 0.015238
3 0.381786 0.636190 0.019286 0.015238
3 0.399643 0.637143 0.019286 0.015238
3 0.413214 0.639048 0.019286 0.015238
3 0.430357 0.641905 0.019286 0.015238
3 0.446786 0.644762 0.019286 0.015238
3 0.467500 0.645238 0.020714 0.016190
3 0.528929 0.662857 0.020714 0.019048
3 0.550000 0.661905 0.020000 0.017143
3 0.572857 0.661905 0.020000 0.017143
3 0.590000 0.660000 0.020000 0.017143
3 0.600714 0.656190 0.020000 0.017143
10 0.626786 0.655238 0.029286 0.020952
3 0.626429 0.647619 0.030000 0.013333
7 0.586786 0.638095 0.003571 0.013333
3 0.591429 0.630000 0.028571 0.012381
3 0.597500 0.624762 0.023571 0.013333
3 0.602500 0.617143 0.016429 0.011429
11 0.607143 0.611429 0.021429 0.013333
10 0.615357 0.603333 0.030714 0.020000
3 0.668929 0.613333 0.022143 0.007619
3 0.671429 0.616667 0.015714 0.008571
3 0.665357 0.619048 0.020714 0.009524
3 0.682857 0.562857 0.014286 0.007619
3 0.661071 0.633333 0.023571 0.011429
3 0.660714 0.639524 0.020000 0.014286
3 0.649286 0.640952 0.028571 0.017143
3 0.662857 0.562857 0.007143 0.005714
10 0.700000 0.561429 0.008571 0.006667
10 0.701429 0.557619 0.011429 0.008571
3 0.718929 0.551429 0.003571 0.003810
3 0.727857 0.546190 0.002857 0.002857
3 0.732857 0.547143 0.002857 0.002857
11 0.725357 0.559048 0.002143 0.003810
3 0.726786 0.566190 0.003571 0.004762
3 0.735714 0.556667 0.002857 0.002857
3 0.736071 0.561905 0.003571 0.003810
11 0.737857 0.567619 0.004286 0.007619
3 0.729643 0.570000 0.005000 0.004762
3 0.735714 0.575238 0.005714 0.005714
3 0.719643 0.573333 0.006429 0.005714
3 0.711429 0.570952 0.004286 0.004762
3 0.753929 0.567143 0.012143 0.006667
3 0.757500 0.564286 0.010714 0.004762
3 0.753571 0.563810 0.008571 0.005714
3 0.743214 0.586667 0.006429 0.007619
3 0.733571 0.590000 0.010000 0.006667
3 0.715357 0.596190 0.007857 0.009524
3 0.732500 0.602857 0.007857 0.007619
3 0.743929 0.623333 0.010714 0.010476
3 0.705714 0.603333 0.008571 0.010476
3 0.700357 0.614286 0.009286 0.013333
3 0.676071 0.672381 0.015000 0.019048
3 0.697143 0.671905 0.015714 0.020000
3 0.716786 0.670476 0.015000 0.022857
3 0.708214 0.703810 0.043571 0.019048
3 0.724286 0.724286 0.047143 0.023810
3 0.691786 0.822857 0.035000 0.055238
3 0.755714 0.809524 0.028571 0.043810
3 0.796786 0.811429 0.030714 0.040000
3 0.765714 0.879048 0.034286 0.053333
3 0.947143 0.760952 0.065714 0.030476
10 0.988571 0.711905 0.021429 0.033333
3 0.975357 0.698571 0.047857 0.020000
10 0.973929 0.684286 0.049286 0.033333
3 0.918571 0.696190 0.027143 0.022857
3 0.883214 0.723810 0.053571 0.024762
3 0.806429 0.696667 0.038571 0.023810
10 0.829286 0.689048 0.022857 0.023810
10 0.861071 0.689524 0.026429 0.032381
3 0.893929 0.670476 0.020714 0.017143
10 0.854286 0.662857 0.032857 0.024762
10 0.825357 0.661429 0.015000 0.021905
10 0.816786 0.649524 0.033571 0.017143
10 0.814286 0.645238 0.034286 0.016190
10 0.810000 0.637143 0.032857 0.015238
3 0.817857 0.630476 0.025714 0.011429
11 0.815357 0.621429 0.023571 0.014286
10 0.813214 0.612857 0.033571 0.020000
3 0.798214 0.615714 0.023571 0.010476
4 0.689286 0.534762 0.050000 0.029524
4 0.745714 0.539524 0.018571 0.033333
4 0.727500 0.525238 0.016429 0.021905
