7 0.100714 0.980000 0.025714 0.022857
3 0.055357 0.976667 0.083571 0.044762
11 0.177857 0.961429 0.072857 0.046667
7 0.326071 0.934286 0.017857 0.022857
7 0.468929 0.956190 0.013571 0.017143
10 0.648571 0.970000 0.125714 0.058095
7 0.825000 0.970952 0.020000 0.023810
3 0.933214 0.892381 0.096429 0.043810
3 0.650714 0.902857 0.090000 0.059048
7 0.352500 0.011429 0.010714 0.022857
7 0.329286 0.010000 0.008571 0.020000
0 0.340357 0.014286 0.022143 0.028571
7 0.346071 0.081905 0.009286 0.019048
7 0.346429 0.077619 0.014286 0.020000
7 0.395714 0.095238 0.008571 0.024762
7 0.476786 0.009048 0.006429 0.018095
8 0.453929 0.109048 0.010714 0.018095
7 0.489643 0.131905 0.006429 0.023810
7 0.474286 0.181905 0.012857 0.020952
8 0.481429 0.200476 0.007143 0.016190
7 0.502143 0.202857 0.011429 0.028571
11 0.419643 0.094762 0.030714 0.092381
3 0.424286 0.204762 0.032857 0.091429
3 0.336071 0.395714 0.033571 0.098095
11 0.333929 0.505238 0.033571 0.105714
7 0.366071 0.203810 0.010714 0.024762
5 0.337857 0.307143 0.014286 0.033333
5 0.323214 0.294286 0.012143 0.032381
0 0.347857 0.158095 0.028571 0.043810
0 0.426071 0.267143 0.033571 0.025714
0 0.427500 0.332857 0.022143 0.046667
0 0.427500 0.400952 0.019286 0.057143
0 0.428929 0.468571 0.020714 0.060952
0 0.526786 0.860952 0.025000 0.081905
0 0.443571 0.798571 0.031429 0.065714
0 0.438571 0.720476 0.028571 0.061905
0 0.502143 0.634286 0.062857 0.038095
0 0.435357 0.554762 0.020714 0.067619
7 0.430357 0.266190 0.009286 0.021905
7 0.443929 0.304286 0.010714 0.014286
8 0.488929 0.312381 0.013571 0.013333
7 0.442857 0.417619 0.008571 0.016190
7 0.461786 0.398095 0.007857 0.019048
8 0.461071 0.416667 0.010714 0.014286
8 0.461429 0.439524 0.010000 0.023810
7 0.416786 0.477143 0.007857 0.011429
7 0.418214 0.490000 0.010714 0.012381
7 0.437857 0.473810 0.015714 0.012381
7 0.507857 0.489524 0.008571 0.015238
7 0.409643 0.542381 0.010714 0.014286
8 0.492857 0.514762 0.011429 0.016190
8 0.557857 0.442381 0.012857 0.016190
8 0.555000 0.460952 0.012857 0.019048
7 0.568571 0.451905 0.008571 0.020000
7 0.533571 0.575714 0.007143 0.016190
1 0.496429 0.563810 0.022857 0.015238
8 0.456071 0.565238 0.010714 0.016190
8 0.460000 0.644762 0.010000 0.017143
7 0.451429 0.665714 0.012857 0.009524
0 0.445000 0.652381 0.017143 0.047619
0 0.578214 0.445238 0.016429 0.039048
1 0.583929 0.481429 0.006429 0.031429
0 0.581071 0.530952 0.017857 0.044762
8 0.616786 0.664762 0.010714 0.020952
8 0.581786 0.756190 0.012143 0.015238
8 0.315357 0.681429 0.015000 0.012381
8 0.308214 0.720476 0.012143 0.012381
8 0.311786 0.699524 0.013571 0.018095
7 0.353571 0.697619 0.015714 0.016190
5 0.368929 0.768095 0.013571 0.044762
8 0.368214 0.768095 0.013571 0.020000
8 0.357857 0.840952 0.012857 0.024762
8 0.413214 0.876667 0.015000 0.021905
5 0.358929 0.837619 0.015000 0.037143
5 0.411429 0.872857 0.017143 0.039048
7 0.383214 0.813333 0.012143 0.011429
7 0.439286 0.763810 0.008571 0.013333
7 0.420000 0.715238 0.007143 0.015238
7 0.421071 0.732857 0.007857 0.010476
7 0.439643 0.720952 0.020714 0.013333
7 0.435000 0.684762 0.012857 0.013333
7 0.420000 0.802381 0.008571 0.021905
8 0.463929 0.799524 0.007857 0.014286
8 0.467143 0.829048 0.010000 0.018095
1 0.422143 0.795238 0.011429 0.036190
7 0.468214 0.900000 0.012143 0.013333
7 0.660000 0.694286 0.011429 0.015238
0 0.701786 0.760000 0.035000 0.034286
5 0.729643 0.772381 0.027857 0.036190
5 0.823929 0.769048 0.015000 0.040952
5 0.843571 0.748095 0.024286 0.020000
5 0.865000 0.769524 0.017143 0.036190
5 0.905714 0.747143 0.017143 0.042857
5 0.889643 0.739524 0.015000 0.040952
5 0.884286 0.798571 0.018571 0.046667
5 0.840714 0.874762 0.040000 0.021905
5 0.937143 0.743333 0.017143 0.040952
5 0.956429 0.743333 0.020000 0.046667
7 0.867500 0.715714 0.017857 0.014286
8 0.884643 0.690952 0.022143 0.020000
5 0.881071 0.691429 0.037857 0.015238
7 0.925000 0.655238 0.025714 0.013333
