7 0.195000 0.405238 0.020000 0.044762
7 0.425714 0.399524 0.014286 0.044762
7 0.606429 0.375714 0.011429 0.044762
8 0.472857 0.415238 0.010000 0.022857
8 0.485357 0.415238 0.012143 0.024762
8 0.513571 0.402381 0.017143 0.027619
8 0.472857 0.378571 0.017143 0.023810
8 0.491071 0.382381 0.010714 0.029524
8 0.510000 0.382381 0.012857 0.023810
8 0.475000 0.367143 0.014286 0.018095
8 0.502500 0.380476 0.013571 0.025714
7 0.527143 0.350000 0.010000 0.035238
7 0.535000 0.346190 0.008571 0.039048
7 0.526429 0.341429 0.010000 0.040952
8 0.600714 0.308095 0.017143 0.020000
8 0.903214 0.091429 0.010714 0.020952
8 0.908214 0.093810 0.012143 0.020000
8 0.821786 0.071905 0.007857 0.018095
8 0.841429 0.068095 0.005714 0.016190
8 0.834643 0.075714 0.006429 0.020000
8 0.828571 0.073810 0.005714 0.016190
7 0.808571 0.743333 0.028571 0.054286
8 0.624286 0.112381 0.008571 0.013333
8 0.614286 0.109524 0.011429 0.011429
8 0.612143 0.103810 0.007143 0.009524
8 0.622500 0.106667 0.009286 0.011429
