3 0.041071 0.042513 0.013571 0.031726
3 0.037500 0.113579 0.015000 0.031726
3 0.109286 0.319797 0.015714 0.043147
3 0.073571 0.493020 0.017143 0.049492
3 0.043214 0.560279 0.017857 0.049492
3 0.117143 0.728426 0.017143 0.058376
3 0.054286 0.706853 0.025714 0.055838
3 0.075357 0.289340 0.015000 0.032995
2 0.049286 0.292513 0.031429 0.112944
3 0.171786 0.859772 0.019286 0.069797
3 0.256071 0.576777 0.015000 0.046954
3 0.158214 0.647843 0.017857 0.059645
3 0.275000 0.407995 0.020000 0.034264
3 0.395357 0.428299 0.023571 0.039340
3 0.183929 0.234772 0.017857 0.035533
3 0.513929 0.602792 0.027857 0.040609
3 0.829643 0.972081 0.035000 0.048223
3 0.641429 0.963832 0.034286 0.054569
3 0.160000 0.533629 0.020000 0.052030
11 0.160714 0.586294 0.018571 0.050761
11 0.569286 0.799492 0.032857 0.050761
5 0.512500 0.812183 0.013571 0.022843
10 0.150000 0.717005 0.020000 0.086294
3 0.136786 0.802665 0.027857 0.067259
