1 0.703750 0.853333 0.038500 0.034667
1 0.668500 0.753667 0.035000 0.038000
3 0.972000 0.611667 0.051000 0.047333
3 0.952000 0.574000 0.072000 0.045333
11 0.933250 0.530333 0.083500 0.047333
5 0.933000 0.404000 0.013000 0.025333
3 0.902500 0.398000 0.043000 0.030667
3 0.888250 0.353333 0.026500 0.028000
3 0.878250 0.319667 0.028500 0.027333
3 0.817000 0.414667 0.059000 0.029333
3 0.801750 0.401333 0.045500 0.029333
3 0.804750 0.389667 0.053500 0.026000
3 0.868250 0.302333 0.039500 0.022000
7 0.875750 0.272333 0.004500 0.012667
5 0.883250 0.276333 0.009500 0.011333
3 0.807500 0.299000 0.024000 0.020667
10 0.809000 0.279667 0.030000 0.027333
3 0.859000 0.225333 0.027000 0.013333
3 0.795500 0.213000 0.013000 0.011333
3 0.774500 0.204667 0.011000 0.012000
10 0.777750 0.193667 0.014500 0.016667
3 0.746250 0.317667 0.038500 0.023333
11 0.740000 0.306667 0.036000 0.022667
3 0.729750 0.292333 0.036500 0.015333
3 0.711750 0.272667 0.031500 0.018667
3 0.710750 0.268000 0.035500 0.017333
7 0.728500 0.248000 0.004000 0.014667
10 0.675750 0.241000 0.039500 0.026000
9 0.744750 0.214667 0.007500 0.012000
11 0.732750 0.218333 0.022500 0.015333
4 0.790250 0.093333 0.326500 0.021333
4 0.522750 0.111000 0.049500 0.042000
4 0.594500 0.080667 0.040000 0.013333
3 0.452500 0.289000 0.019000 0.022000
3 0.506000 0.329000 0.020000 0.023333
3 0.512250 0.298667 0.016500 0.021333
3 0.518750 0.253000 0.012500 0.016667
3 0.535000 0.332333 0.017000 0.023333
10 0.524750 0.366000 0.032500 0.086667
7 0.571750 0.242667 0.004500 0.016000
10 0.540750 0.278000 0.023500 0.053333
10 0.509250 0.270000 0.016500 0.032000
3 0.519500 0.207333 0.010000 0.012000
10 0.536750 0.183333 0.013500 0.032000
3 0.498000 0.159667 0.007000 0.008667
3 0.510000 0.149333 0.006000 0.008000
1 0.446750 0.213333 0.002500 0.009333
8 0.447000 0.210333 0.003000 0.012667
5 0.456500 0.214333 0.002000 0.010000
8 0.456250 0.211667 0.003500 0.011333
5 0.498750 0.143000 0.001500 0.004667
8 0.498750 0.140667 0.001500 0.004000
11 0.525500 0.139667 0.005000 0.010000
10 0.538000 0.158000 0.011000 0.022667
10 0.537250 0.140000 0.009500 0.014667
