3 0.188571 0.907143 0.130000 0.183810
3 0.918214 0.828095 0.159286 0.206667
3 0.372857 0.583333 0.142857 0.145714
3 0.851786 0.652857 0.193571 0.145714
3 0.410000 0.387619 0.087143 0.081905
7 0.336786 0.276667 0.017857 0.060000
7 0.399643 0.311429 0.066429 0.074286
7 0.388571 0.259524 0.038571 0.054286
3 0.390000 0.196667 0.057143 0.042857
3 0.373214 0.163333 0.032143 0.035238
3 0.336429 0.146190 0.055714 0.039048
3 0.362500 0.100000 0.027857 0.036190
3 0.356429 0.077143 0.028571 0.024762
3 0.353929 0.064286 0.020714 0.018095
3 0.342500 0.056190 0.022143 0.026667
3 0.338214 0.029524 0.020714 0.024762
3 0.805000 0.557619 0.160000 0.107619
3 0.758929 0.483810 0.116429 0.089524
3 0.707857 0.427619 0.124286 0.093333
3 0.674643 0.369524 0.100714 0.085714
3 0.643571 0.331429 0.088571 0.066667
3 0.627143 0.292857 0.114286 0.056190
3 0.627143 0.268095 0.085714 0.052381
3 0.611071 0.249524 0.095000 0.047619
3 0.604286 0.231429 0.085714 0.041905
3 0.587857 0.210952 0.085714 0.046667
3 0.563571 0.180000 0.074286 0.038095
3 0.544286 0.163810 0.067143 0.036190
3 0.542857 0.148571 0.065714 0.040000
3 0.519286 0.094762 0.025714 0.029524
3 0.495000 0.086667 0.027143 0.028571
3 0.481429 0.071905 0.027143 0.025714
3 0.470357 0.060000 0.023571 0.024762
3 0.458214 0.047143 0.022143 0.021905
3 0.444643 0.036667 0.022143 0.021905
3 0.434643 0.028571 0.022143 0.019048
3 0.425714 0.023333 0.020000 0.021905
3 0.409286 0.012857 0.022857 0.021905
11 0.350357 0.044762 0.035000 0.030476
