4 0.592641 0.058905 0.017223 0.062152
10 0.503132 0.514378 0.039666 0.127087
3 0.539666 0.486549 0.013570 0.026902
11 0.566023 0.480056 0.013048 0.028757
3 0.709551 0.534787 0.033925 0.026902
3 0.644311 0.498145 0.033925 0.025974
3 0.642484 0.526438 0.031315 0.032468
3 0.643789 0.575139 0.037056 0.027829
3 0.650835 0.676716 0.044885 0.036178
3 0.648486 0.726345 0.045407 0.033395
3 0.650052 0.756030 0.047495 0.037106
3 0.662056 0.817718 0.061065 0.051020
3 0.659969 0.849722 0.058977 0.051948
11 0.812370 0.878942 0.050626 0.054731
3 0.785752 0.840445 0.049582 0.053803
3 0.773225 0.794063 0.049582 0.055659
3 0.771138 0.755102 0.045407 0.044527
3 0.761743 0.706401 0.036013 0.043599
3 0.745825 0.677644 0.035491 0.041744
3 0.725470 0.647495 0.038622 0.038961
3 0.719990 0.617811 0.041232 0.031540
11 0.723643 0.487477 0.027662 0.028757
7 0.643006 0.617811 0.005219 0.024119
7 0.742693 0.602041 0.006263 0.024119
7 0.536013 0.356679 0.003132 0.017625
7 0.686587 0.590445 0.006785 0.019481
4 0.713466 0.559369 0.016701 0.035250
5 0.723904 0.592301 0.012526 0.015770
5 0.739823 0.585343 0.013048 0.016698
7 0.754697 0.604824 0.004175 0.022263
9 0.697547 0.585807 0.015136 0.026902
3 0.878914 0.985622 0.056367 0.025046
8 0.556889 0.245826 0.002088 0.007421
8 0.575678 0.253711 0.002088 0.008349
8 0.586378 0.260668 0.002610 0.009276
7 0.587422 0.112709 0.001566 0.006494
3 0.587422 0.162338 0.006785 0.011132
3 0.600209 0.256957 0.008351 0.012987
11 0.616127 0.276902 0.017223 0.015770
