11 0.200000 0.910000 0.088571 0.174286
3 0.236429 0.742857 0.075714 0.125714
3 0.298214 0.578571 0.065000 0.120952
3 0.327500 0.485238 0.039286 0.073333
7 0.172143 0.691905 0.022857 0.035238
7 0.300357 0.391905 0.016429 0.027619
7 0.338214 0.447619 0.013571 0.022857
1 0.348571 0.456667 0.025714 0.016190
7 0.349643 0.394286 0.015000 0.036190
7 0.350357 0.350952 0.015000 0.029524
3 0.422143 0.251905 0.032857 0.050476
3 0.371786 0.399048 0.042143 0.068571
7 0.391786 0.179048 0.007857 0.024762
7 0.413571 0.156190 0.008571 0.019048
7 0.479286 0.157143 0.005714 0.022857
7 0.470714 0.148095 0.007143 0.018095
7 0.461786 0.149048 0.005000 0.014286
8 0.427143 0.210952 0.007143 0.016190
8 0.443214 0.231429 0.007857 0.020952
1 0.429286 0.220476 0.011429 0.016190
1 0.443571 0.237143 0.011429 0.017143
11 0.592500 0.917143 0.056429 0.161905
3 0.696786 0.940000 0.077857 0.118095
3 0.869643 0.795714 0.087857 0.147619
3 0.765000 0.812381 0.068571 0.156190
3 0.672143 0.721905 0.061429 0.127619
3 0.595357 0.723333 0.050714 0.128571
3 0.587143 0.587619 0.042857 0.095238
3 0.657143 0.564286 0.050000 0.100000
3 0.732857 0.577619 0.052857 0.119048
3 0.810714 0.602857 0.065714 0.110476
3 0.590000 0.470000 0.034286 0.069524
3 0.823571 0.352381 0.070000 0.064762
7 0.540000 0.417143 0.007143 0.040000
7 0.543214 0.409048 0.006429 0.035238
8 0.761071 0.363333 0.010714 0.031429
1 0.760714 0.373810 0.015714 0.023810
1 0.832143 0.410476 0.018571 0.028571
7 0.826071 0.404286 0.012143 0.040952
7 0.858571 0.221905 0.010000 0.040000
7 0.729286 0.174286 0.011429 0.026667
7 0.716429 0.178095 0.007143 0.028571
7 0.731786 0.150476 0.009286 0.028571
7 0.832143 0.135714 0.007143 0.027619
7 0.923929 0.126190 0.007857 0.021905
7 0.441786 0.163333 0.006429 0.020000
3 0.454286 0.163333 0.035714 0.039048
3 0.402500 0.110000 0.050714 0.027619
3 0.416071 0.084762 0.040714 0.015238
3 0.338214 0.134762 0.052143 0.027619
3 0.278571 0.129524 0.034286 0.017143
3 0.193214 0.131429 0.037857 0.024762
3 0.321071 0.100000 0.049286 0.024762
3 0.118929 0.114286 0.049286 0.020952
3 0.074643 0.127619 0.053571 0.024762
3 0.212143 0.108571 0.044286 0.024762
3 0.241429 0.126667 0.037143 0.024762
3 0.475714 0.043810 0.018571 0.024762
3 0.447143 0.032857 0.030000 0.018095
3 0.530714 0.153810 0.042857 0.048571
3 0.600357 0.217619 0.055000 0.056190
7 0.874643 0.111429 0.007857 0.026667
8 0.850000 0.117619 0.010000 0.021905
8 0.824286 0.117143 0.007143 0.017143
5 0.847857 0.122381 0.014286 0.016190
1 0.824286 0.122857 0.007143 0.015238
3 0.790357 0.084762 0.056429 0.026667
2 0.766429 0.040000 0.065714 0.066667
3 0.709286 0.052381 0.020000 0.020952
3 0.676786 0.058095 0.026429 0.026667
3 0.608214 0.081429 0.050714 0.027619
9 0.600714 0.065714 0.028571 0.024762
2 0.665000 0.030000 0.038571 0.054286
3 0.636786 0.014286 0.036429 0.020952
7 0.765000 0.007143 0.010000 0.014286
3 0.841429 0.012857 0.034286 0.023810
3 0.903571 0.068095 0.052857 0.025714
3 0.976429 0.050476 0.045714 0.030476
7 0.949643 0.108095 0.009286 0.023810
7 0.938929 0.108571 0.006429 0.022857
7 0.935714 0.099524 0.005714 0.027619
7 0.987143 0.119524 0.008571 0.029524
7 0.993929 0.103333 0.010714 0.025714
8 0.672143 0.126190 0.011429 0.012381
1 0.672857 0.133810 0.020000 0.014286
3 0.875000 0.008571 0.034286 0.017143
3 0.916071 0.008095 0.036429 0.016190
3 0.957143 0.006667 0.037143 0.013333
