3 0.595000 0.837143 0.034286 0.108571
0 0.590000 0.498571 0.028571 0.056190
8 0.585714 0.504762 0.012857 0.019048
10 0.586429 0.270952 0.032857 0.100000
10 0.591071 0.054762 0.036429 0.109524
10 0.555357 0.103333 0.037857 0.082857
7 0.415357 0.101429 0.009286 0.025714
3 0.462500 0.014762 0.025000 0.029524
3 0.416071 0.052381 0.026429 0.051429
10 0.378571 0.415238 0.057143 0.177143
7 0.336786 0.347143 0.007857 0.020000
11 0.235000 0.363333 0.072857 0.046667
5 0.326071 0.166667 0.016429 0.022857
0 0.400357 0.171429 0.016429 0.036190
8 0.565714 0.046190 0.007143 0.025714
8 0.561786 0.041905 0.006429 0.026667
5 0.318929 0.243810 0.023571 0.019048
7 0.372500 0.664286 0.010714 0.014286
7 0.352500 0.927619 0.013571 0.019048
