3 0.136071 0.977792 0.066429 0.039340
3 0.118571 0.949239 0.072857 0.096447
3 0.102143 0.904188 0.068571 0.097716
3 0.087857 0.850254 0.080000 0.101523
3 0.316786 0.740482 0.047857 0.097716
3 0.043214 0.777284 0.042143 0.100254
3 0.075714 0.744289 0.048571 0.112944
3 0.111071 0.720178 0.046429 0.112944
3 0.142857 0.687817 0.047143 0.109137
3 0.204286 0.644670 0.045714 0.096447
3 0.208571 0.548223 0.035714 0.068528
3 0.236429 0.526015 0.038571 0.074873
3 0.087857 0.633883 0.037143 0.082487
3 0.121429 0.607234 0.037143 0.074873
3 0.049643 0.512690 0.062143 0.068528
3 0.028571 0.427030 0.054286 0.064721
3 0.343214 0.475888 0.056429 0.071066
3 0.367500 0.537437 0.055000 0.072335
3 0.385357 0.565990 0.055000 0.078680
3 0.412857 0.630076 0.057143 0.090102
3 0.447143 0.701777 0.067143 0.104061
3 0.460714 0.751904 0.068571 0.102792
3 0.418929 0.968274 0.046429 0.058376
3 0.502500 0.833756 0.066429 0.101523
11 0.177857 0.566624 0.042857 0.090102
11 0.283571 0.772843 0.057143 0.111675
11 0.398929 0.591371 0.063571 0.091371
11 0.332143 0.441624 0.058571 0.086294
11 0.110000 0.460660 0.062857 0.071066
11 0.106071 0.425761 0.065000 0.062183
11 0.088571 0.409264 0.058571 0.064721
11 0.082857 0.380076 0.062857 0.067259
3 0.080000 0.360406 0.048571 0.045685
11 0.070000 0.331218 0.048571 0.048223
3 0.045000 0.250635 0.048571 0.046954
11 0.035357 0.229061 0.056429 0.064721
3 0.133214 0.170685 0.042143 0.049492
3 0.216786 0.385787 0.056429 0.078680
3 0.268571 0.349619 0.048571 0.062183
3 0.171786 0.263325 0.042143 0.054569
3 0.265714 0.110406 0.041429 0.050761
3 0.333929 0.133883 0.040714 0.041878
3 0.363929 0.281726 0.039286 0.048223
3 0.203929 0.364213 0.057857 0.063452
3 0.197500 0.334391 0.049286 0.059645
3 0.187857 0.309645 0.048571 0.058376
3 0.162857 0.247462 0.051429 0.055838
3 0.152500 0.227792 0.046429 0.054569
3 0.148214 0.204949 0.040714 0.044416
3 0.258214 0.323604 0.050714 0.050761
11 0.248214 0.293782 0.052143 0.059645
3 0.236429 0.276650 0.048571 0.050761
3 0.228929 0.255711 0.049286 0.044416
3 0.221429 0.236675 0.045714 0.041878
3 0.212857 0.216371 0.047143 0.054569
3 0.203571 0.196066 0.051429 0.044416
3 0.191786 0.178299 0.039286 0.039340
3 0.345357 0.256345 0.045000 0.055838
3 0.333929 0.235406 0.046429 0.059645
3 0.320357 0.211294 0.046429 0.069797
3 0.316071 0.189721 0.042143 0.057107
3 0.301429 0.178934 0.040000 0.048223
3 0.291071 0.157360 0.033571 0.045685
3 0.279286 0.139594 0.040000 0.045685
7 0.268214 0.168147 0.005000 0.024112
7 0.271786 0.165609 0.006429 0.021574
3 0.326071 0.114213 0.040714 0.040609
3 0.353571 0.170051 0.032857 0.043147
3 0.407500 0.083756 0.032143 0.045685
3 0.426071 0.116117 0.039286 0.041878
3 0.463571 0.160533 0.041429 0.052030
10 0.408571 0.403553 0.074286 0.091371
10 0.537500 0.291244 0.066429 0.105330
10 0.523214 0.623096 0.096429 0.139594
10 0.479286 0.546320 0.090000 0.123096
10 0.696786 0.512056 0.070714 0.118020
10 0.456429 0.510152 0.075714 0.116751
10 0.677500 0.468909 0.069286 0.112944
10 0.655000 0.434645 0.068571 0.107868
10 0.630357 0.401650 0.066429 0.107868
10 0.600000 0.378173 0.080000 0.119289
10 0.579286 0.347081 0.074286 0.118020
7 0.908571 0.491117 0.008571 0.032995
2 0.577857 0.097716 0.081429 0.131980
7 0.732143 0.248096 0.007143 0.034264
7 0.740000 0.246193 0.005714 0.027919
11 0.258929 0.085660 0.040714 0.046954
3 0.247500 0.078680 0.045000 0.043147
2 0.831429 0.916244 0.081429 0.162437
11 0.883214 0.032360 0.023571 0.052030
11 0.390357 0.223985 0.060714 0.049492
3 0.143571 0.062817 0.041429 0.044416
3 0.101429 0.064721 0.035714 0.038071
