6 0.582000 0.923667 0.026000 0.071333
6 0.631500 0.859000 0.023000 0.058000
7 0.559750 0.893333 0.004500 0.021333
7 0.569250 0.840000 0.006500 0.020000
7 0.563250 0.803333 0.006500 0.012000
7 0.627000 0.749000 0.004000 0.016667
7 0.591250 0.721000 0.003500 0.012667
7 0.598750 0.719000 0.003500 0.012667
7 0.630500 0.653000 0.004000 0.011333
7 0.619250 0.608000 0.002500 0.008000
7 0.628000 0.602667 0.002000 0.008000
7 0.610250 0.582000 0.001500 0.008000
7 0.612000 0.581333 0.002000 0.008000
6 0.623500 0.579000 0.018000 0.044667
7 0.600750 0.595000 0.002500 0.008667
7 0.642500 0.600667 0.003000 0.008000
7 0.647500 0.558667 0.001000 0.006667
7 0.649250 0.558667 0.001500 0.006667
7 0.650250 0.558333 0.001500 0.006000
7 0.651250 0.562667 0.001500 0.005333
10 0.665500 0.526667 0.010000 0.014667
11 0.662250 0.517000 0.005500 0.007333
11 0.668750 0.513000 0.004500 0.004667
10 0.674000 0.507333 0.007000 0.008000
