0 0.488250 0.806000 0.051500 0.138667
7 0.519000 0.810333 0.014000 0.040667
11 0.582000 0.669333 0.067000 0.185333
7 0.454000 0.750667 0.014000 0.041333
7 0.435250 0.744667 0.015500 0.044000
7 0.412000 0.701000 0.022000 0.048667
1 0.411500 0.653667 0.018000 0.055333
8 0.411500 0.644000 0.018000 0.036000
7 0.526250 0.508667 0.012500 0.042667
10 0.650000 0.551000 0.160000 0.167333
3 0.629250 0.469000 0.084500 0.047333
9 0.645750 0.429333 0.046500 0.034667
8 0.652750 0.421667 0.014500 0.028667
3 0.751250 0.449667 0.110500 0.060667
3 0.776250 0.388000 0.092500 0.050667
3 0.715500 0.357333 0.083000 0.056000
11 0.962250 0.175333 0.051500 0.041333
3 0.845750 0.164333 0.059500 0.032667
3 0.835250 0.146667 0.044500 0.024000
9 0.901500 0.100000 0.026000 0.016000
9 0.876250 0.101667 0.021500 0.014000
9 0.850000 0.100000 0.022000 0.016000
3 0.574250 0.379333 0.083500 0.048000
3 0.461500 0.356333 0.059000 0.054000
7 0.410500 0.303333 0.009000 0.033333
7 0.366500 0.281000 0.009000 0.031333
7 0.355500 0.300000 0.010000 0.034667
7 0.326000 0.413333 0.017000 0.036000
1 0.331750 0.421333 0.009500 0.036000
3 0.290000 0.452000 0.046000 0.089333
3 0.309000 0.365000 0.036000 0.064667
3 0.315500 0.289000 0.031000 0.056667
3 0.323750 0.218667 0.028500 0.046667
7 0.384250 0.246333 0.007500 0.030000
5 0.396500 0.249667 0.012000 0.024667
7 0.417750 0.233333 0.008500 0.017333
7 0.408500 0.225667 0.007000 0.026000
8 0.444250 0.284000 0.008500 0.024000
8 0.458000 0.288667 0.017000 0.026667
8 0.453500 0.281000 0.012000 0.020667
11 0.620250 0.320000 0.075500 0.048000
11 0.600750 0.237333 0.060500 0.049333
3 0.884250 0.228333 0.064500 0.034000
3 0.676250 0.248000 0.062500 0.029333
1 0.657500 0.198000 0.013000 0.025333
9 0.612250 0.183333 0.017500 0.026667
1 0.605500 0.152000 0.018000 0.017333
5 0.578000 0.158667 0.018000 0.020000
3 0.557250 0.147000 0.048500 0.027333
3 0.555750 0.135333 0.024500 0.020000
5 0.544250 0.109000 0.014500 0.015333
1 0.555750 0.101667 0.006500 0.019333
1 0.549750 0.094333 0.009500 0.015333
11 0.526000 0.091667 0.033000 0.032667
3 0.586000 0.064333 0.032000 0.020667
7 0.513500 0.199000 0.007000 0.026000
7 0.521000 0.203000 0.006000 0.019333
3 0.492250 0.191667 0.029500 0.044667
3 0.508750 0.141667 0.028500 0.034000
7 0.524000 0.143667 0.007000 0.027333
5 0.582250 0.129667 0.015500 0.014000
9 0.477500 0.122667 0.014000 0.021333
7 0.477250 0.092000 0.005500 0.025333
3 0.505750 0.074667 0.041500 0.022667
11 0.461750 0.082667 0.015500 0.029333
3 0.469500 0.040667 0.016000 0.020000
1 0.498000 0.038000 0.005000 0.014667
8 0.517750 0.041667 0.003500 0.012667
8 0.522500 0.041333 0.004000 0.012000
8 0.526750 0.051000 0.004500 0.014000
1 0.532250 0.051667 0.003500 0.012667
11 0.356000 0.015000 0.012000 0.024667
7 0.397750 0.038667 0.002500 0.010667
7 0.396750 0.033667 0.003500 0.015333
7 0.419000 0.219667 0.006000 0.024667
7 0.381000 0.235333 0.009000 0.029333
8 0.384750 0.204000 0.009500 0.025333
5 0.384500 0.208000 0.008000 0.022667
7 0.354750 0.193667 0.010500 0.026000
7 0.356750 0.187333 0.008500 0.026667
8 0.378750 0.178000 0.006500 0.013333
8 0.376750 0.171333 0.006500 0.017333
5 0.378000 0.178667 0.007000 0.018667
7 0.390500 0.160000 0.007000 0.025333
7 0.401000 0.160333 0.007000 0.027333
8 0.327750 0.175667 0.008500 0.016667
7 0.349250 0.132000 0.006500 0.024000
8 0.374750 0.106333 0.006500 0.019333
1 0.374500 0.112667 0.006000 0.017333
8 0.389500 0.129667 0.009000 0.024667
1 0.388000 0.134000 0.007000 0.018667
7 0.396500 0.126333 0.006000 0.022000
7 0.394500 0.131667 0.004000 0.016667
7 0.395750 0.101000 0.005500 0.019333
9 0.332250 0.147000 0.012500 0.024667
8 0.331500 0.138333 0.007000 0.015333
7 0.337000 0.112000 0.007000 0.024000
7 0.345250 0.112667 0.008500 0.021333
9 0.356250 0.107667 0.009500 0.020667
8 0.355000 0.103667 0.008000 0.014000
1 0.346500 0.094333 0.014000 0.015333
7 0.347000 0.088667 0.004000 0.013333
7 0.372000 0.070333 0.006000 0.022000
7 0.394750 0.072333 0.004500 0.019333
7 0.390250 0.073000 0.004500 0.019333
7 0.395000 0.113000 0.004000 0.018000
7 0.344500 0.055667 0.005000 0.020667
7 0.356250 0.042667 0.005500 0.018667
7 0.362000 0.041333 0.005000 0.020000
7 0.356250 0.028333 0.005500 0.018000
5 0.366750 0.033667 0.004500 0.011333
8 0.366500 0.029333 0.005000 0.016000
4 0.389750 0.047000 0.007500 0.027333
7 0.398000 0.061333 0.004000 0.021333
7 0.403000 0.063667 0.005000 0.018000
7 0.202250 0.472333 0.019500 0.042000
7 0.227000 0.496333 0.018000 0.043333
