3 0.976500 0.334667 0.046000 0.054667
3 0.920750 0.356667 0.097500 0.066667
3 0.780500 0.306000 0.080000 0.052000
3 0.897750 0.306667 0.094500 0.052000
3 0.835500 0.241667 0.068000 0.036667
3 0.765750 0.244667 0.060500 0.037333
3 0.895500 0.261333 0.066000 0.040000
5 0.934750 0.293667 0.028500 0.024667
7 0.805750 0.284333 0.010500 0.030000
8 0.936750 0.286000 0.015500 0.032000
3 0.743250 0.215667 0.044500 0.030000
4 0.941000 0.175667 0.041000 0.023333
8 0.902000 0.323667 0.017000 0.031333
7 0.988500 0.352000 0.017000 0.042667
7 0.512250 0.781667 0.033500 0.099333
5 0.546000 0.525000 0.044000 0.044667
5 0.554500 0.553333 0.051000 0.049333
1 0.535000 0.509667 0.043000 0.048667
1 0.526750 0.501333 0.041500 0.050667
1 0.519500 0.491667 0.041000 0.046000
1 0.128500 0.576333 0.064000 0.048667
5 0.141750 0.583333 0.058500 0.048000
1 0.134750 0.602667 0.052500 0.034667
5 0.135000 0.617667 0.067000 0.043333
1 0.124250 0.699333 0.075500 0.048000
1 0.134750 0.668333 0.060500 0.050000
5 0.122250 0.651667 0.063500 0.056667
0 0.504500 0.796000 0.094000 0.072000
