11 0.195714 0.833756 0.031429 0.058376
11 0.471429 0.612310 0.021429 0.039340
3 0.408929 0.560279 0.020714 0.036802
10 0.488214 0.528553 0.030714 0.090102
3 0.587857 0.608503 0.018571 0.057107
3 0.775714 0.815990 0.024286 0.065990
2 0.848929 0.584391 0.043571 0.140863
3 0.696429 0.446701 0.040000 0.025381
3 0.854286 0.467640 0.047143 0.031726
3 0.860714 0.425761 0.041429 0.034264
3 0.699286 0.402919 0.037143 0.024112
3 0.253214 0.348985 0.032143 0.020305
2 0.327143 0.375000 0.098571 0.085025
11 0.078571 0.333756 0.031429 0.017766
3 0.139286 0.369289 0.034286 0.020305
11 0.416429 0.210660 0.015714 0.017766
2 0.416071 0.274112 0.037857 0.065990
11 0.444286 0.327411 0.018571 0.022843
4 0.475714 0.216371 0.007143 0.013959
4 0.488929 0.206853 0.012143 0.012690
4 0.498214 0.203046 0.009286 0.015228
4 0.511429 0.196066 0.010000 0.011421
4 0.521786 0.192259 0.007857 0.008883
4 0.529643 0.184645 0.006429 0.019036
4 0.535000 0.179569 0.004286 0.011421
4 0.538929 0.177030 0.003571 0.013959
4 0.552500 0.164975 0.009286 0.012690
4 0.600000 0.141497 0.004286 0.013959
4 0.610714 0.135787 0.010000 0.015228
2 0.578571 0.156726 0.032857 0.044416
2 0.643929 0.132614 0.040714 0.041878
11 0.540357 0.142132 0.013571 0.012690
2 0.827500 0.196066 0.022143 0.057107
2 0.840357 0.161168 0.015000 0.053299
2 0.823929 0.084391 0.010714 0.046954
7 0.776786 0.065990 0.002143 0.010152
3 0.828571 0.024746 0.005714 0.008883
3 0.782500 0.039975 0.006429 0.008883
3 0.770714 0.024112 0.005714 0.007614
3 0.759286 0.121193 0.008571 0.011421
3 0.726786 0.172589 0.010714 0.020305
11 0.682857 0.207487 0.011429 0.019036
11 0.637143 0.277919 0.012857 0.022843
4 0.583571 0.291878 0.002857 0.007614
3 0.601071 0.305203 0.013571 0.016497
3 0.637857 0.525381 0.018571 0.045685
3 0.571429 0.218274 0.015714 0.015228
3 0.597500 0.265228 0.015000 0.015228
3 0.650357 0.222081 0.012143 0.012690
3 0.677857 0.186548 0.010000 0.012690
3 0.679286 0.149112 0.011429 0.011421
3 0.678929 0.126269 0.009286 0.011421
3 0.687857 0.117386 0.007143 0.008883
11 0.699286 0.116117 0.010000 0.013959
3 0.695714 0.106599 0.008571 0.012690
3 0.708929 0.107234 0.007857 0.013959
3 0.732857 0.111041 0.008571 0.008883
2 0.708214 0.140863 0.012143 0.020305
11 0.693571 0.161802 0.010000 0.016497
11 0.750714 0.085025 0.008571 0.012690
11 0.702500 0.078046 0.010714 0.013959
4 0.846786 0.045685 0.010714 0.010152
4 0.739643 0.042513 0.009286 0.011421
