11 0.222857 0.017619 0.062857 0.033333
3 0.319643 0.011429 0.019286 0.020952
11 0.391786 0.020952 0.019286 0.038095
11 0.417857 0.048095 0.021429 0.054286
3 0.407143 0.165714 0.025714 0.062857
5 0.355357 0.125238 0.006429 0.027619
8 0.353929 0.121905 0.009286 0.019048
7 0.253929 0.124762 0.012143 0.024762
11 0.308214 0.059524 0.026429 0.060000
11 0.298571 0.132381 0.034286 0.076190
3 0.252143 0.071905 0.028571 0.056190
3 0.200357 0.114286 0.056429 0.034286
3 0.198571 0.146190 0.057143 0.035238
9 0.187500 0.175238 0.039286 0.032381
3 0.152143 0.269524 0.055714 0.062857
1 0.114286 0.319048 0.008571 0.024762
3 0.284286 0.222857 0.031429 0.066667
10 0.394643 0.283333 0.040714 0.100000
7 0.454286 0.487619 0.010000 0.017143
7 0.466429 0.481429 0.008571 0.016190
7 0.474643 0.493810 0.006429 0.018095
9 0.191786 0.349048 0.029286 0.056190
9 0.167500 0.409524 0.033571 0.045714
1 0.281786 0.542381 0.026429 0.012381
8 0.279643 0.540476 0.010714 0.016190
3 0.070714 0.347143 0.017143 0.027619
3 0.072857 0.371905 0.022857 0.020000
3 0.063929 0.389048 0.023571 0.012381
3 0.066071 0.401905 0.022143 0.013333
7 0.067500 0.415714 0.017857 0.020000
7 0.082143 0.421905 0.018571 0.017143
7 0.091786 0.480000 0.017857 0.019048
7 0.023571 0.448095 0.018571 0.018095
7 0.064286 0.518095 0.020000 0.019048
5 0.054286 0.438095 0.030000 0.020952
11 0.042857 0.548095 0.064286 0.046667
3 0.410357 0.601429 0.073571 0.061905
7 0.010714 0.679524 0.021429 0.018095
7 0.021071 0.801905 0.019286 0.013333
7 0.071786 0.695714 0.017857 0.016190
3 0.130000 0.740476 0.052857 0.098095
3 0.161786 0.869524 0.047857 0.114286
7 0.016786 0.883810 0.025000 0.013333
8 0.512143 0.765714 0.011429 0.013333
11 0.567857 0.569524 0.067143 0.040000
11 0.554286 0.627619 0.070000 0.043810
11 0.688571 0.624286 0.062857 0.042857
0 0.994643 0.514286 0.009286 0.019048
7 0.992143 0.498095 0.014286 0.019048
0 0.503214 0.843810 0.017857 0.064762
