3 0.594643 0.603333 0.150714 0.128571
3 0.318929 0.758571 0.170714 0.149524
3 0.355714 0.575714 0.158571 0.126667
3 0.225714 0.486190 0.158571 0.126667
3 0.433571 0.400000 0.141429 0.106667
3 0.613929 0.350952 0.130714 0.090476
3 0.792857 0.376667 0.138571 0.084762
3 0.807143 0.076190 0.071429 0.072381
3 0.821071 0.314286 0.117857 0.078095
3 0.158571 0.264286 0.108571 0.120952
11 0.553571 0.475238 0.111429 0.104762
8 0.742857 0.477143 0.024286 0.057143
8 0.745357 0.251429 0.027857 0.040000
8 0.615357 0.052857 0.016429 0.044762
8 0.700000 0.253810 0.020000 0.050476
7 0.695000 0.242381 0.012857 0.052381
1 0.749286 0.257619 0.052857 0.035238
5 0.701429 0.265714 0.034286 0.045714
5 0.737143 0.480952 0.054286 0.034286
3 0.094286 0.699048 0.188571 0.163810
3 0.072143 0.909048 0.144286 0.166667
3 0.960714 0.401429 0.077143 0.065714
5 0.504286 0.026190 0.024286 0.033333
8 0.502143 0.018095 0.017143 0.036190
7 0.157143 0.212381 0.022857 0.049524
5 0.612143 0.059524 0.028571 0.042857
