3 0.442500 0.977143 0.040714 0.026667
3 0.447857 0.944286 0.040000 0.025714
3 0.449643 0.905714 0.037857 0.036190
3 0.448214 0.871429 0.037857 0.038095
3 0.452143 0.833333 0.041429 0.034286
3 0.453571 0.794286 0.037143 0.038095
3 0.459643 0.760000 0.040714 0.041905
7 0.540714 0.354762 0.008571 0.012381
7 0.471071 0.304762 0.005000 0.011429
3 0.533571 0.321905 0.017143 0.043810
3 0.517500 0.204762 0.017857 0.036190
3 0.555357 0.046667 0.037857 0.024762
5 0.332500 0.543333 0.016429 0.010476
3 0.141786 0.504286 0.036429 0.027619
3 0.203929 0.433333 0.039286 0.028571
3 0.257500 0.445714 0.036429 0.024762
3 0.156429 0.410000 0.035714 0.029524
7 0.213571 0.482857 0.007143 0.007619
3 0.100000 0.486190 0.040000 0.033333
3 0.081429 0.380000 0.038571 0.028571
3 0.036786 0.367619 0.037857 0.030476
