7 0.418214 0.504286 0.013571 0.042857
7 0.407857 0.591429 0.022857 0.040000
8 0.340714 0.556667 0.032857 0.027619
8 0.357857 0.537143 0.018571 0.026667
8 0.340000 0.527619 0.022857 0.024762
8 0.485714 0.637619 0.017143 0.021905
8 0.507857 0.608095 0.018571 0.033333
8 0.489286 0.604762 0.017143 0.028571
8 0.466071 0.630952 0.022143 0.029524
8 0.789643 0.566190 0.026429 0.027619
8 0.769286 0.584762 0.018571 0.032381
8 0.690714 0.710952 0.024286 0.033333
8 0.723571 0.683333 0.041429 0.033333
8 0.682143 0.669048 0.017143 0.035238
8 0.725357 0.662381 0.023571 0.029524
8 0.692143 0.646667 0.022857 0.040000
8 0.706429 0.630952 0.022857 0.039048
7 0.201429 0.017143 0.020000 0.034286
