3 0.241500 0.985000 0.076000 0.028667
3 0.323000 0.795667 0.066000 0.046000
3 0.362250 0.678000 0.057500 0.044000
3 0.396750 0.586000 0.051500 0.034667
3 0.463750 0.412667 0.042500 0.030667
3 0.557500 0.435333 0.041000 0.028000
3 0.566000 0.386333 0.036000 0.023333
3 0.483500 0.353000 0.034000 0.020667
3 0.579250 0.330667 0.037500 0.020000
3 0.503000 0.309667 0.031000 0.018000
3 0.505750 0.295333 0.031500 0.016000
3 0.580750 0.294667 0.028500 0.017333
3 0.586000 0.273333 0.030000 0.016000
3 0.597500 0.239667 0.028000 0.019333
3 0.598750 0.227333 0.023500 0.016000
3 0.603000 0.206000 0.026000 0.014667
3 0.606000 0.191667 0.023000 0.016667
3 0.544000 0.200333 0.025000 0.014000
3 0.549250 0.182000 0.021500 0.016000
3 0.544000 0.125000 0.019000 0.012667
3 0.526000 0.164000 0.022000 0.018667
3 0.790500 0.779000 0.029000 0.082000
10 0.880750 0.489000 0.076500 0.166000
3 0.820750 0.294333 0.017500 0.022000
3 0.798750 0.207000 0.012500 0.019333
3 0.791750 0.173667 0.011500 0.027333
10 0.752500 0.342000 0.027000 0.068000
10 0.755000 0.442667 0.028000 0.061333
3 0.670250 0.143667 0.019500 0.015333
3 0.654500 0.171667 0.023000 0.012667
4 0.748750 0.052333 0.453500 0.103333
