3 0.545357 0.656667 0.150714 0.155238
3 0.395714 0.410476 0.137143 0.131429
3 0.837500 0.706190 0.175000 0.157143
10 0.733571 0.248571 0.115714 0.201905
2 0.046429 0.149048 0.092857 0.128571
3 0.043571 0.067619 0.087143 0.099048
3 0.265357 0.046667 0.083571 0.093333
3 0.314643 0.066190 0.089286 0.120952
3 0.359286 0.110000 0.084286 0.140000
11 0.918571 0.032857 0.065714 0.065714
3 0.049643 0.600000 0.099286 0.192381
5 0.572500 0.280476 0.033571 0.044762
5 0.750714 0.071429 0.008571 0.066667
5 0.717857 0.104762 0.025714 0.055238
9 0.695714 0.462381 0.082857 0.063810
8 0.679286 0.475238 0.028571 0.034286
7 0.656786 0.327619 0.016429 0.045714
7 0.680000 0.340952 0.011429 0.045714
7 0.721071 0.299524 0.033571 0.031429
7 0.612857 0.391429 0.017143 0.038095
7 0.620714 0.441905 0.021429 0.040000
7 0.735714 0.375714 0.022857 0.027619
7 0.726786 0.362381 0.017857 0.046667
7 0.736786 0.040476 0.019286 0.050476
8 0.558214 0.359524 0.019286 0.037143
1 0.731071 0.398571 0.039286 0.039048
1 0.615357 0.390952 0.039286 0.046667
1 0.557857 0.362857 0.024286 0.043810
8 0.395357 0.957143 0.019286 0.040000
8 0.416786 0.809048 0.016429 0.023810
7 0.508214 0.786667 0.013571 0.015238
7 0.499643 0.770476 0.012143 0.030476
7 0.478214 0.745714 0.030714 0.024762
7 0.435714 0.749524 0.018571 0.032381
9 0.437857 0.827143 0.082857 0.098095
9 0.272500 0.886667 0.063571 0.121905
