11 0.195459 0.298701 0.054802 0.122449
3 0.256785 0.255102 0.050104 0.092764
6 0.134656 0.075603 0.136743 0.140074
7 0.350209 0.280612 0.016701 0.051020
3 0.356994 0.838126 0.073069 0.234694
3 0.583507 0.536642 0.060543 0.179035
11 0.750522 0.474026 0.052192 0.146568
0 0.629175 0.429035 0.066284 0.067718
6 0.673278 0.559833 0.059499 0.195733
9 0.640397 0.082560 0.026096 0.085343
8 0.506524 0.115492 0.012004 0.045455
1 0.507046 0.125232 0.007829 0.044527
7 0.772182 0.305659 0.015136 0.034323
7 0.863779 0.588126 0.015658 0.029685
7 0.873434 0.568646 0.020355 0.044527
5 0.922756 0.554731 0.039666 0.044527
7 0.810021 0.625696 0.018789 0.043599
7 0.777401 0.628015 0.020355 0.048237
5 0.756002 0.647032 0.028706 0.095547
5 0.725731 0.622449 0.024530 0.059369
5 0.788100 0.737941 0.026096 0.076994
5 0.736169 0.760204 0.031837 0.062152
5 0.674843 0.719852 0.030271 0.074212
5 0.646921 0.716141 0.024530 0.068646
1 0.863779 0.248609 0.020877 0.046382
5 0.950157 0.376623 0.020355 0.063080
5 0.974687 0.732839 0.021399 0.072356
5 0.802714 0.907699 0.016701 0.075139
5 0.753653 0.871521 0.041754 0.076994
8 0.753653 0.866419 0.026096 0.053803
5 0.670929 0.826531 0.018267 0.083488
9 0.594990 0.728200 0.058455 0.129870
9 0.608038 0.869202 0.053236 0.152134
9 0.585595 0.933210 0.068894 0.129870
