3 0.530714 0.920476 0.015714 0.052381
3 0.528214 0.855714 0.015000 0.054286
3 0.604286 0.860000 0.035714 0.022857
3 0.603571 0.836190 0.034286 0.020952
3 0.604286 0.807619 0.028571 0.020952
3 0.605000 0.781429 0.034286 0.021905
3 0.601071 0.706190 0.035000 0.020000
3 0.596071 0.678571 0.035000 0.023810
3 0.593929 0.630952 0.035000 0.021905
3 0.590714 0.558571 0.030000 0.018095
3 0.590714 0.482381 0.032857 0.020000
3 0.637857 0.404286 0.014286 0.044762
7 0.623929 0.933333 0.007857 0.009524
7 0.618571 0.921429 0.005714 0.006667
3 0.531429 0.978571 0.015714 0.040952
3 0.376071 0.953810 0.016429 0.048571
3 0.375714 0.890476 0.015714 0.051429
3 0.377500 0.705714 0.015000 0.047619
3 0.373929 0.652381 0.015000 0.036190
3 0.523214 0.666190 0.016429 0.046667
3 0.526429 0.796190 0.015714 0.049524
3 0.307857 0.843333 0.020000 0.050476
3 0.353929 0.978571 0.016429 0.040952
3 0.350714 0.846190 0.017143 0.052381
3 0.347857 0.780476 0.015714 0.050476
3 0.381071 0.766667 0.016429 0.055238
11 0.355357 0.932381 0.015000 0.045714
5 0.600357 0.725714 0.013571 0.007619
3 0.544286 0.622381 0.014286 0.040952
3 0.539286 0.564286 0.015714 0.044762
3 0.520000 0.553810 0.015714 0.048571
3 0.521429 0.609524 0.015714 0.041905
3 0.525357 0.728095 0.015000 0.033333
3 0.359643 0.482857 0.015000 0.047619
3 0.356071 0.575714 0.015000 0.048571
3 0.375714 0.496667 0.015714 0.040952
3 0.417500 0.448095 0.015000 0.042857
11 0.373929 0.598095 0.016429 0.049524
11 0.576071 0.272381 0.027857 0.019048
3 0.584286 0.388095 0.032857 0.021905
3 0.582857 0.410000 0.031429 0.020000
3 0.582857 0.363810 0.032857 0.022857
3 0.631786 0.297143 0.015000 0.041905
3 0.700714 0.300952 0.015714 0.043810
3 0.710714 0.232857 0.034286 0.021905
3 0.582143 0.300952 0.032857 0.022857
3 0.585000 0.323333 0.025714 0.020000
3 0.506071 0.090952 0.015000 0.037143
3 0.451071 0.113810 0.015000 0.040952
3 0.527500 0.100476 0.016429 0.042857
10 0.576071 0.196190 0.043571 0.026667
3 0.085000 0.227143 0.030000 0.020000
3 0.158214 0.270952 0.032143 0.020000
3 0.211071 0.344286 0.035000 0.020000
3 0.261071 0.340476 0.032143 0.020000
3 0.172143 0.404286 0.031429 0.039048
7 0.306429 0.440476 0.005714 0.006667
3 0.307143 0.488571 0.035714 0.020952
7 0.315000 0.445238 0.007143 0.006667
7 0.557500 0.441905 0.005000 0.009524
8 0.420714 0.312381 0.004286 0.007619
7 0.540000 0.273333 0.005714 0.011429
5 0.420357 0.314286 0.003571 0.009524
5 0.381786 0.046190 0.007857 0.020000
8 0.380714 0.043810 0.007143 0.007619
7 0.366786 0.088095 0.005000 0.010476
7 0.351786 0.046667 0.005000 0.011429
7 0.349286 0.062857 0.004286 0.011429
3 0.335357 0.105238 0.015000 0.040952
3 0.502857 0.050952 0.012857 0.039048
3 0.502500 0.012857 0.013571 0.025714
8 0.358929 0.359524 0.006429 0.006667
3 0.360000 0.361905 0.011429 0.007619
7 0.371071 0.329524 0.005000 0.009524
5 0.615000 0.438095 0.010000 0.009524
3 0.114643 0.692857 0.019286 0.046667
3 0.077500 0.680000 0.019286 0.049524
3 0.060357 0.682857 0.020714 0.055238
3 0.020000 0.683810 0.021429 0.049524
3 0.251071 0.219048 0.035000 0.020952
8 0.234643 0.236667 0.007857 0.012381
1 0.235714 0.237143 0.012857 0.011429
5 0.119286 0.237143 0.010000 0.011429
5 0.046786 0.251429 0.015000 0.009524
8 0.045714 0.252857 0.007143 0.012381
7 0.704643 0.180476 0.005000 0.014286
8 0.592500 0.234286 0.005000 0.009524
5 0.592500 0.236667 0.012143 0.008571
10 0.273214 0.283810 0.040714 0.024762
