10 0.139643 0.081853 0.020714 0.044416
10 0.172143 0.071066 0.021429 0.058376
11 0.144286 0.270939 0.012857 0.029188
3 0.160000 0.199239 0.008571 0.022843
3 0.126429 0.366751 0.011429 0.030457
3 0.115000 0.267132 0.011429 0.026650
3 0.205357 0.212563 0.009286 0.029188
3 0.208929 0.133883 0.006429 0.029188
3 0.324643 0.440990 0.009286 0.031726
10 0.059643 0.515863 0.019286 0.049492
11 0.051786 0.489848 0.013571 0.032995
3 0.353571 0.408629 0.008571 0.032995
3 0.075000 0.660533 0.011429 0.034264
3 0.057500 0.777919 0.012143 0.038071
3 0.083571 0.760152 0.011429 0.043147
3 0.183214 0.894036 0.016429 0.021574
10 0.033929 0.842005 0.023571 0.072335
11 0.029286 0.622462 0.014286 0.036802
11 0.364643 0.679569 0.012143 0.034264
11 0.419286 0.635152 0.012857 0.031726
11 0.457500 0.757614 0.012143 0.030457
11 0.428929 0.640863 0.009286 0.027919
11 0.495357 0.690990 0.010714 0.034264
11 0.505357 0.700508 0.009286 0.032995
11 0.455714 0.665609 0.011429 0.031726
11 0.160357 0.954315 0.013571 0.038071
11 0.170357 0.841371 0.013571 0.038071
11 0.265714 0.914340 0.011429 0.031726
11 0.245000 0.901015 0.012857 0.030457
11 0.254643 0.908629 0.015000 0.035533
11 0.246786 0.850888 0.012143 0.029188
11 0.200714 0.816624 0.017143 0.034264
3 0.191786 0.807741 0.010714 0.026650
3 0.182500 0.798223 0.015000 0.032995
3 0.186786 0.859772 0.015000 0.036802
3 0.197857 0.862944 0.014286 0.035533
3 0.178929 0.845812 0.010714 0.029188
3 0.226429 0.887690 0.014286 0.036802
3 0.234286 0.894036 0.011429 0.034264
3 0.238214 0.842640 0.013571 0.032995
3 0.171071 0.960025 0.013571 0.036802
3 0.181429 0.964467 0.012857 0.030457
3 0.190357 0.978426 0.013571 0.038071
3 0.399286 0.756980 0.012857 0.031726
3 0.430357 0.779188 0.012143 0.032995
3 0.438929 0.787437 0.012143 0.034264
3 0.475714 0.675127 0.012857 0.035533
3 0.485714 0.683376 0.010000 0.031726
3 0.446786 0.656091 0.013571 0.032995
3 0.437500 0.651650 0.010714 0.029188
3 0.274643 0.921954 0.015000 0.036802
3 0.200000 0.980330 0.012857 0.029188
5 0.284643 0.900381 0.009286 0.008883
5 0.287143 0.892132 0.008571 0.010152
5 0.290714 0.875000 0.010000 0.013959
5 0.289286 0.887056 0.011429 0.010152
5 0.155714 0.842005 0.007143 0.016497
5 0.431786 0.844543 0.003571 0.013959
5 0.426429 0.845178 0.002857 0.012690
5 0.421429 0.840102 0.004286 0.015228
5 0.406786 0.825508 0.005000 0.016497
5 0.388214 0.814086 0.003571 0.016497
5 0.377500 0.806472 0.007857 0.011421
5 0.365357 0.804569 0.005000 0.017766
5 0.360714 0.793782 0.008571 0.011421
5 0.352857 0.784264 0.008571 0.010152
11 0.516786 0.970178 0.012143 0.039340
11 0.518571 0.718909 0.010000 0.034264
3 0.527500 0.730964 0.010714 0.025381
10 0.528214 0.440990 0.012143 0.036802
3 0.716786 0.553299 0.009286 0.025381
3 0.750000 0.296954 0.011429 0.030457
3 0.782500 0.540609 0.010714 0.030457
11 0.843214 0.748096 0.022143 0.021574
11 0.906786 0.847716 0.020714 0.020305
11 0.919286 0.793782 0.021429 0.021574
11 0.899286 0.901650 0.020000 0.021574
3 0.897143 0.925127 0.018571 0.017766
3 0.892500 0.951777 0.022143 0.025381
3 0.828214 0.801396 0.015000 0.016497
11 0.825714 0.824873 0.017143 0.022843
11 0.823214 0.848985 0.017857 0.020305
11 0.802857 0.954315 0.015714 0.022843
11 0.804643 0.976523 0.017857 0.019036
