3 0.059238 0.270408 0.028706 0.032468
3 0.109081 0.327922 0.028184 0.041744
3 0.129697 0.352041 0.024530 0.041744
10 0.163883 0.378479 0.050104 0.068646
5 0.254175 0.510204 0.011482 0.018553
5 0.252088 0.588590 0.011482 0.025046
3 0.283142 0.436920 0.041232 0.046382
3 0.347860 0.402597 0.034969 0.051948
3 0.322025 0.487013 0.039666 0.051948
9 0.355689 0.338590 0.031837 0.033395
9 0.334290 0.393321 0.019311 0.031540
9 0.373695 0.407236 0.020877 0.038961
3 0.384916 0.438312 0.037056 0.056586
3 0.402662 0.453618 0.037056 0.051948
3 0.421712 0.471243 0.038622 0.057514
3 0.441284 0.490724 0.039144 0.059369
3 0.460595 0.505566 0.036013 0.059369
11 0.485647 0.518553 0.033925 0.063080
11 0.381524 0.553340 0.040710 0.054731
3 0.462944 0.634972 0.049061 0.064007
3 0.337161 0.602505 0.039666 0.062152
2 0.409969 0.673006 0.112213 0.166048
3 0.384916 0.797310 0.054802 0.089981
3 0.510438 0.559369 0.040710 0.066790
3 0.532620 0.580705 0.040188 0.068646
3 0.563674 0.601577 0.038622 0.073284
3 0.545146 0.725417 0.054802 0.076067
11 0.620303 0.652134 0.042276 0.077922
3 0.669363 0.709184 0.037056 0.080705
3 0.703288 0.732839 0.038100 0.083488
3 0.736952 0.763915 0.038622 0.088126
3 0.771138 0.793135 0.042276 0.090909
11 0.806628 0.820037 0.037056 0.076067
3 0.841336 0.863636 0.045929 0.096475
3 0.878392 0.901206 0.040710 0.114100
3 0.917537 0.935529 0.043841 0.106679
3 0.954071 0.957328 0.036534 0.077922
3 0.775835 0.960111 0.073591 0.076067
3 0.644572 0.832096 0.062630 0.089054
3 0.615084 0.912338 0.064196 0.089981
3 0.508873 0.793599 0.056367 0.076994
3 0.508873 0.885900 0.059499 0.089054
10 0.510960 0.271800 0.041754 0.051948
11 0.447547 0.261596 0.024530 0.029685
3 0.484603 0.104824 0.024530 0.031540
3 0.508873 0.123840 0.024008 0.025046
6 0.704854 0.138683 0.013048 0.026902
8 0.253914 0.496289 0.006785 0.016698
8 0.252088 0.572356 0.007307 0.016698
