11 0.610000 0.269670 0.018571 0.064721
2 0.239286 0.324239 0.068571 0.059645
2 0.624286 0.789975 0.152857 0.168782
2 0.376071 0.890228 0.227857 0.214467
3 0.491429 0.737944 0.077143 0.100254
5 0.738214 0.761421 0.026429 0.071066
5 0.760000 0.746193 0.035714 0.071066
5 0.752857 0.759518 0.032857 0.085025
5 0.790357 0.726523 0.035000 0.069797
5 0.803929 0.715102 0.032143 0.064721
5 0.815000 0.713198 0.028571 0.073604
5 0.858571 0.687817 0.031429 0.071066
5 0.873929 0.682741 0.027857 0.063452
5 0.837500 0.705584 0.032143 0.065990
5 0.849286 0.692259 0.027143 0.059645
5 0.883214 0.671320 0.022143 0.065990
7 0.606786 0.928299 0.012143 0.046954
7 0.575000 0.963832 0.020000 0.036802
7 0.838929 0.399112 0.012143 0.039340
7 0.826786 0.379442 0.010714 0.030457
7 0.804286 0.388959 0.011429 0.034264
7 0.786786 0.431472 0.010714 0.030457
7 0.821786 0.413706 0.015000 0.038071
7 0.383571 0.601523 0.010000 0.040609
7 0.331786 0.615482 0.013571 0.038071
7 0.304286 0.623731 0.017143 0.039340
7 0.108571 0.713198 0.015714 0.040609
7 0.349643 0.432107 0.006429 0.026650
7 0.464643 0.078680 0.005000 0.022843
7 0.459643 0.075508 0.005000 0.021574
7 0.189286 0.286802 0.007143 0.027919
7 0.177857 0.281091 0.007143 0.021574
7 0.703571 0.168782 0.007143 0.025381
7 0.693929 0.172589 0.006429 0.022843
7 0.708929 0.156726 0.006429 0.024112
7 0.705357 0.252538 0.006429 0.022843
7 0.750000 0.201142 0.005714 0.021574
11 0.772857 0.046954 0.015714 0.058376
7 0.328929 0.575508 0.007857 0.029188
7 0.340357 0.414975 0.010714 0.022843
5 0.236786 0.598985 0.012143 0.035533
7 0.878929 0.796320 0.015000 0.039340
