7 0.291786 0.530000 0.025000 0.056190
7 0.319643 0.440952 0.013571 0.038095
7 0.301429 0.438095 0.014286 0.038095
7 0.257500 0.422381 0.013571 0.033333
7 0.181786 0.452381 0.012143 0.036190
7 0.228571 0.430952 0.008571 0.037143
7 0.232857 0.429524 0.011429 0.034286
7 0.256071 0.465714 0.010714 0.038095
7 0.259643 0.465714 0.012143 0.026667
7 0.365000 0.460952 0.014286 0.041905
7 0.351786 0.450952 0.016429 0.039048
7 0.278571 0.297619 0.007143 0.021905
11 0.333214 0.372857 0.036429 0.048571
3 0.468929 0.402381 0.033571 0.044762
3 0.469286 0.356667 0.030000 0.040952
3 0.480357 0.325714 0.023571 0.030476
3 0.485000 0.301905 0.021429 0.026667
3 0.493214 0.279524 0.020714 0.025714
3 0.496429 0.268571 0.017143 0.026667
2 0.497857 0.242381 0.024286 0.046667
2 0.485000 0.201905 0.007143 0.009524
8 0.481429 0.195714 0.002857 0.002857
5 0.481071 0.197619 0.003571 0.004762
7 0.643929 0.467143 0.015000 0.042857
8 0.627143 0.485714 0.018571 0.036190
8 0.765357 0.453333 0.017857 0.038095
7 0.813929 0.461905 0.012143 0.047619
7 0.702500 0.452381 0.010714 0.047619
7 0.723214 0.434762 0.013571 0.037143
7 0.730357 0.432381 0.007857 0.028571
7 0.728214 0.424762 0.010714 0.040000
7 0.710714 0.449048 0.010000 0.046667
7 0.697500 0.438095 0.012143 0.038095
7 0.704643 0.443333 0.012143 0.040952
7 0.667143 0.405238 0.012857 0.037143
7 0.670357 0.436190 0.013571 0.040000
7 0.678214 0.422381 0.015000 0.039048
7 0.676786 0.416667 0.009286 0.037143
7 0.659286 0.443810 0.014286 0.040000
7 0.650714 0.461429 0.011429 0.039048
7 0.648929 0.454762 0.015000 0.046667
9 0.615000 0.497143 0.062857 0.040000
1 0.761786 0.462857 0.032143 0.028571
7 0.762857 0.382381 0.012857 0.035238
3 0.898929 0.560000 0.143571 0.074286
8 0.910000 0.490476 0.020000 0.055238
8 0.977857 0.504762 0.018571 0.049524
1 0.975000 0.510476 0.040000 0.030476
1 0.907143 0.496667 0.042857 0.031429
7 0.977500 0.425714 0.010714 0.040000
3 0.967143 0.394762 0.064286 0.050476
3 0.949286 0.387619 0.071429 0.041905
3 0.927857 0.371429 0.084286 0.045714
11 0.912857 0.355714 0.072857 0.046667
3 0.888571 0.349524 0.062857 0.030476
3 0.878571 0.339048 0.060000 0.032381
3 0.861786 0.327619 0.065000 0.030476
3 0.842857 0.318095 0.055714 0.024762
3 0.836071 0.308571 0.052143 0.024762
9 0.888214 0.383810 0.032143 0.030476
8 0.905714 0.385714 0.012857 0.020952
7 0.737143 0.284762 0.008571 0.026667
7 0.707857 0.268571 0.005714 0.022857
8 0.702500 0.277143 0.007857 0.015238
2 0.651071 0.272857 0.039286 0.058095
3 0.755357 0.333810 0.039286 0.035238
7 0.615714 0.277143 0.007143 0.017143
1 0.615714 0.281905 0.007143 0.015238
8 0.642143 0.212857 0.002857 0.008571
5 0.642500 0.214762 0.003571 0.006667
5 0.620714 0.199048 0.002857 0.005714
8 0.620714 0.196190 0.002857 0.005714
7 0.565714 0.221429 0.005714 0.012381
7 0.525000 0.212857 0.002857 0.010476
3 0.536071 0.177619 0.006429 0.008571
3 0.537500 0.175238 0.005000 0.007619
3 0.538214 0.173333 0.006429 0.007619
3 0.545714 0.179524 0.007143 0.006667
2 0.576786 0.169048 0.009286 0.014286
4 0.559286 0.148571 0.034286 0.017143
3 0.537143 0.153333 0.002857 0.003810
3 0.537500 0.163810 0.005000 0.003810
3 0.530000 0.164762 0.004286 0.003810
3 0.532857 0.162381 0.002857 0.004762
3 0.556786 0.185714 0.006429 0.007619
3 0.568929 0.185238 0.005000 0.006667
3 0.563929 0.208571 0.010714 0.011429
4 0.556071 0.170952 0.026429 0.014286
3 0.533214 0.157619 0.003571 0.002857
3 0.522143 0.165714 0.004286 0.003810
3 0.525000 0.162857 0.004286 0.003810
3 0.527500 0.160476 0.005000 0.004762
3 0.528214 0.157143 0.003571 0.005714
2 0.514286 0.163810 0.010000 0.011429
2 0.522143 0.158095 0.008571 0.007619
3 0.506071 0.167143 0.003571 0.004762
3 0.493571 0.174286 0.010000 0.005714
3 0.499643 0.168095 0.003571 0.004762
3 0.496429 0.169048 0.002857 0.006667
3 0.491786 0.169048 0.005000 0.004762
4 0.490357 0.160476 0.019286 0.008571
3 0.481071 0.186667 0.006429 0.007619
3 0.467857 0.194286 0.005714 0.007619
3 0.464286 0.197619 0.007143 0.008571
3 0.460357 0.200476 0.006429 0.008571
3 0.457500 0.203810 0.007857 0.009524
3 0.453571 0.208095 0.008571 0.010476
3 0.443571 0.215238 0.011429 0.013333
3 0.436429 0.221905 0.010000 0.013333
3 0.435000 0.211429 0.021429 0.013333
8 0.426071 0.230476 0.003571 0.011429
1 0.426071 0.232857 0.003571 0.008571
3 0.416429 0.218571 0.012857 0.014286
7 0.043929 0.467619 0.026429 0.038095
3 0.034643 0.417143 0.069286 0.043810
3 0.067143 0.404286 0.081429 0.037143
3 0.092857 0.386190 0.072857 0.037143
7 0.121429 0.391905 0.014286 0.033333
3 0.112500 0.373810 0.066429 0.037143
3 0.136071 0.366190 0.065000 0.031429
7 0.152857 0.385238 0.010000 0.033333
7 0.160357 0.383333 0.015000 0.037143
3 0.153929 0.354286 0.062143 0.030476
3 0.175000 0.343810 0.050000 0.030476
3 0.182857 0.334762 0.045714 0.023810
3 0.191429 0.326667 0.040000 0.019048
3 0.211071 0.315714 0.053571 0.029524
3 0.225000 0.311429 0.044286 0.024762
7 0.221429 0.341429 0.008571 0.023810
7 0.223571 0.331429 0.011429 0.022857
7 0.229643 0.330476 0.007857 0.024762
3 0.256786 0.290000 0.042143 0.020000
3 0.270714 0.284762 0.042857 0.019048
11 0.277143 0.276190 0.034286 0.020952
3 0.285000 0.272381 0.031429 0.017143
3 0.292500 0.268095 0.030714 0.018095
7 0.281429 0.257143 0.004286 0.015238
7 0.313571 0.271905 0.005714 0.018095
11 0.305714 0.261429 0.028571 0.021905
7 0.331786 0.277143 0.005000 0.020952
7 0.337500 0.276667 0.006429 0.018095
7 0.344286 0.277619 0.005714 0.018095
7 0.351786 0.272381 0.007857 0.020952
7 0.346429 0.251905 0.002857 0.016190
7 0.337500 0.256667 0.005000 0.018095
4 0.337143 0.235238 0.040000 0.020952
4 0.378929 0.219048 0.033571 0.015238
4 0.408214 0.208571 0.017857 0.011429
4 0.421429 0.191429 0.030000 0.019048
4 0.448214 0.180000 0.017857 0.015238
4 0.469643 0.170000 0.017857 0.018095
7 0.381429 0.238571 0.005714 0.012381
7 0.371429 0.246667 0.004286 0.011429
7 0.373571 0.243333 0.005714 0.014286
7 0.420000 0.211905 0.002857 0.012381
7 0.447857 0.192381 0.004286 0.011429
7 0.471786 0.185714 0.003571 0.007619
7 0.467500 0.186667 0.002143 0.009524
7 0.464643 0.187619 0.003571 0.009524
7 0.461071 0.192381 0.002143 0.007619
7 0.457857 0.192857 0.004286 0.008571
