10 0.181500 0.898000 0.183000 0.202667
10 0.506000 0.660000 0.079000 0.197333
10 0.523250 0.911000 0.089500 0.176667
10 0.569500 0.347667 0.092000 0.223333
10 0.572000 0.118333 0.099000 0.099333
3 0.299750 0.436333 0.057500 0.131333
3 0.332750 0.094667 0.027500 0.053333
3 0.342250 0.050333 0.025500 0.047333
3 0.456250 0.045000 0.043500 0.039333
3 0.536500 0.055000 0.059000 0.036667
10 0.571750 0.120333 0.097500 0.099333
3 0.639250 0.044667 0.055500 0.038667
3 0.645750 0.087333 0.055500 0.038667
11 0.525750 0.180667 0.035500 0.082667
9 0.465250 0.221000 0.025500 0.075333
3 0.341500 0.013667 0.027000 0.027333
7 0.459000 0.732000 0.022000 0.045333
7 0.465250 0.633333 0.017500 0.044000
7 0.457000 0.595333 0.017000 0.044000
7 0.456500 0.469667 0.014000 0.046000
7 0.427250 0.438667 0.014500 0.046667
7 0.407000 0.427667 0.014000 0.046000
7 0.353250 0.424000 0.020500 0.050667
7 0.163750 0.657333 0.028500 0.048000
7 0.492500 0.226000 0.010000 0.037333
5 0.393000 0.150000 0.012000 0.029333
5 0.414000 0.016333 0.008000 0.022000
1 0.421000 0.055000 0.010000 0.027333
1 0.368750 0.027333 0.009500 0.022667
7 0.421250 0.048667 0.011500 0.033333
7 0.368000 0.019333 0.010000 0.032000
7 0.393000 0.144000 0.011000 0.033333
7 0.393250 0.147333 0.009500 0.022667
7 0.413750 0.012000 0.009500 0.024000
11 0.574750 0.022333 0.056500 0.039333
