4 0.316500 0.150333 0.038000 0.034000
4 0.440000 0.118667 0.040000 0.081333
3 0.277750 0.164333 0.008500 0.008667
3 0.281500 0.161333 0.009000 0.008000
3 0.285250 0.156333 0.011500 0.007333
3 0.294000 0.150333 0.007000 0.008667
3 0.321750 0.130667 0.007500 0.005333
3 0.328500 0.128000 0.006000 0.005333
3 0.256000 0.180000 0.012000 0.009333
3 0.266500 0.180000 0.011000 0.009333
11 0.276250 0.178667 0.007500 0.012000
3 0.374750 0.194667 0.018500 0.010667
3 0.391750 0.188667 0.017500 0.009333
7 0.389250 0.193667 0.002500 0.010000
11 0.404000 0.194000 0.017000 0.012000
11 0.412500 0.199333 0.018000 0.014667
3 0.446500 0.163667 0.007000 0.008667
3 0.460500 0.163333 0.006000 0.008000
11 0.416750 0.219000 0.009500 0.018000
11 0.419500 0.233667 0.009000 0.019333
3 0.458000 0.201667 0.009000 0.011333
11 0.475250 0.184333 0.014500 0.012667
1 0.471750 0.195333 0.002500 0.008000
8 0.471500 0.192667 0.002000 0.009333
7 0.476250 0.204667 0.001500 0.012000
7 0.442750 0.216000 0.003500 0.013333
7 0.443750 0.204667 0.003500 0.012000
7 0.411750 0.275667 0.002500 0.016667
7 0.415750 0.274333 0.004500 0.018000
7 0.423000 0.290667 0.005000 0.017333
3 0.420250 0.313333 0.017500 0.026667
3 0.452750 0.285333 0.014500 0.021333
7 0.451750 0.260667 0.003500 0.016000
1 0.459250 0.258000 0.003500 0.010667
8 0.459000 0.253667 0.003000 0.011333
7 0.486750 0.240000 0.004500 0.014667
3 0.475000 0.290333 0.016000 0.023333
10 0.444000 0.338000 0.045000 0.028000
7 0.459750 0.343000 0.004500 0.022000
11 0.436000 0.395000 0.052000 0.039333
7 0.469000 0.436333 0.005000 0.026000
7 0.486750 0.436000 0.004500 0.025333
8 0.483500 0.435000 0.008000 0.014000
5 0.470000 0.461667 0.010000 0.018000
7 0.473000 0.748667 0.011000 0.042667
7 0.472250 0.773333 0.007500 0.026667
10 0.424000 0.814667 0.072000 0.265333
7 0.549750 0.788000 0.015500 0.049333
10 0.498500 0.606000 0.047000 0.110667
10 0.491000 0.518333 0.036000 0.063333
11 0.586250 0.487333 0.032500 0.056000
7 0.491000 0.241333 0.003000 0.013333
3 0.493750 0.265667 0.013500 0.016667
3 0.496500 0.290333 0.017000 0.020667
3 0.483250 0.316000 0.016500 0.024000
7 0.481250 0.210000 0.003500 0.009333
7 0.517750 0.332000 0.004500 0.018667
7 0.516000 0.326000 0.004000 0.018667
10 0.517250 0.304667 0.017500 0.028000
7 0.493750 0.445333 0.006500 0.029333
8 0.499500 0.438333 0.006000 0.018000
7 0.505000 0.437667 0.006000 0.026000
1 0.500250 0.445667 0.004500 0.012667
7 0.509750 0.489000 0.006500 0.032667
7 0.539000 0.439667 0.010000 0.028667
8 0.507250 0.513667 0.003500 0.008667
7 0.502250 0.502667 0.014500 0.025333
7 0.516000 0.617333 0.015000 0.033333
7 0.514750 0.600000 0.014500 0.033333
8 0.654500 0.986333 0.023000 0.026000
5 0.653000 0.980333 0.026000 0.038000
7 0.835250 0.959000 0.022500 0.050000
7 0.798750 0.932667 0.019500 0.044000
7 0.802250 0.914333 0.028500 0.048667
3 0.684750 0.758000 0.074500 0.118667
7 0.642750 0.583333 0.011500 0.034667
7 0.588500 0.599000 0.010000 0.034000
8 0.600000 0.586333 0.007000 0.015333
7 0.593500 0.571667 0.006000 0.022000
7 0.595500 0.564333 0.009000 0.030000
10 0.628000 0.519667 0.062000 0.075333
7 0.556000 0.403667 0.012000 0.022000
10 0.542000 0.385000 0.027000 0.042000
4 0.531500 0.277000 0.007000 0.014000
