3 0.045668 0.248145 0.014092 0.010204
3 0.078549 0.256494 0.008873 0.010204
10 0.074635 0.281076 0.014614 0.012987
11 0.068111 0.234230 0.013048 0.010204
3 0.103340 0.224026 0.008351 0.008349
10 0.093424 0.219388 0.011482 0.015770
3 0.070459 0.224026 0.007307 0.008349
11 0.042537 0.231911 0.009916 0.009276
11 0.046190 0.226345 0.009916 0.009276
3 0.052714 0.227737 0.005219 0.006494
3 0.056367 0.222171 0.009395 0.010204
9 0.130741 0.184137 0.015136 0.008349
3 0.156837 0.178108 0.007829 0.007421
3 0.145616 0.177644 0.007307 0.006494
3 0.251044 0.949907 0.112735 0.051948
3 0.256263 0.916048 0.101253 0.080705
3 0.257568 0.854824 0.096555 0.073284
3 0.266701 0.806586 0.082463 0.071429
3 0.395355 0.552876 0.013048 0.027829
3 0.306628 0.294063 0.014092 0.011132
3 0.329071 0.304731 0.009916 0.008349
3 0.335073 0.308442 0.010438 0.010204
3 0.357255 0.313544 0.012004 0.009276
3 0.357255 0.258349 0.005741 0.012059
3 0.352557 0.247217 0.009916 0.006494
3 0.353079 0.239332 0.003653 0.007421
3 0.360647 0.240260 0.004175 0.011132
3 0.391441 0.332096 0.012526 0.014842
3 0.399008 0.332096 0.008873 0.012987
3 0.407620 0.335343 0.014614 0.013915
3 0.429802 0.393785 0.020355 0.010204
3 0.427714 0.383117 0.021399 0.014842
11 0.461117 0.482375 0.020355 0.022263
3 0.474165 0.509740 0.025574 0.017625
3 0.486430 0.542672 0.029228 0.020408
3 0.530010 0.649814 0.032881 0.030612
3 0.549843 0.682746 0.037056 0.029685
7 0.444415 0.898887 0.005741 0.025974
