3 0.408571 0.010952 0.014286 0.021905
11 0.406786 0.034286 0.013571 0.041905
5 0.378929 0.030000 0.017857 0.012381
5 0.376786 0.037143 0.016429 0.013333
8 0.413929 0.091905 0.006429 0.012381
5 0.413571 0.093333 0.005714 0.024762
3 0.495357 0.038095 0.016429 0.034286
3 0.497857 0.131429 0.018571 0.041905
3 0.566071 0.200476 0.020714 0.042857
3 0.405714 0.144286 0.018571 0.044762
3 0.402143 0.190952 0.021429 0.048571
3 0.403929 0.247143 0.019286 0.050476
3 0.401429 0.307143 0.022857 0.058095
3 0.400714 0.368095 0.020000 0.052381
3 0.301786 0.440000 0.062143 0.036190
3 0.243214 0.430952 0.052143 0.040952
3 0.393929 0.629524 0.027857 0.080000
3 0.387143 0.737619 0.030000 0.094286
3 0.386429 0.965714 0.032857 0.066667
5 0.336071 0.976667 0.036429 0.025714
5 0.335000 0.942381 0.035714 0.016190
5 0.348214 0.743810 0.025000 0.019048
5 0.345714 0.725238 0.024286 0.018095
5 0.346786 0.706667 0.025000 0.015238
5 0.291071 0.570952 0.012143 0.035238
5 0.354643 0.577619 0.029286 0.021905
5 0.325357 0.193810 0.006429 0.025714
5 0.375000 0.163810 0.020000 0.017143
5 0.380000 0.129524 0.015714 0.011429
5 0.435714 0.208571 0.007143 0.024762
5 0.451429 0.230952 0.005714 0.021905
5 0.443929 0.273333 0.006429 0.026667
5 0.429286 0.402381 0.007143 0.029524
5 0.462857 0.421905 0.008571 0.032381
5 0.445357 0.459524 0.007857 0.029524
5 0.468214 0.530000 0.009286 0.027619
0 0.398929 0.557619 0.015000 0.044762
5 0.436786 0.589524 0.009286 0.036190
5 0.431786 0.850000 0.010714 0.044762
5 0.432500 0.972381 0.012143 0.051429
7 0.682857 0.910952 0.012857 0.014286
5 0.670000 0.721429 0.034286 0.018095
5 0.666429 0.703810 0.028571 0.017143
5 0.673571 0.742381 0.030000 0.016190
0 0.633214 0.599048 0.025000 0.051429
5 0.589643 0.190000 0.022143 0.012381
5 0.528929 0.155238 0.006429 0.019048
5 0.520000 0.035238 0.004286 0.017143
7 0.556071 0.178095 0.003571 0.022857
8 0.529286 0.150476 0.005714 0.015238
8 0.520357 0.031429 0.003571 0.015238
8 0.435000 0.201429 0.004286 0.012381
8 0.433929 0.197143 0.006429 0.013333
8 0.451429 0.223333 0.004286 0.016190
8 0.444286 0.270000 0.005714 0.014286
7 0.339643 0.121905 0.007857 0.024762
8 0.429286 0.397143 0.007143 0.013333
8 0.445714 0.455714 0.007143 0.016190
8 0.464286 0.418095 0.007143 0.013333
8 0.469286 0.524286 0.007143 0.018095
8 0.400714 0.559524 0.010000 0.016190
8 0.436786 0.586190 0.009286 0.012381
8 0.430714 0.847619 0.010000 0.017143
8 0.432500 0.975238 0.013571 0.019048
3 0.527857 0.496190 0.028571 0.074286
3 0.507857 0.360952 0.022857 0.057143
3 0.559643 0.402857 0.026429 0.057143
3 0.595357 0.455238 0.026429 0.059048
3 0.588929 0.385714 0.026429 0.059048
0 0.517500 0.233810 0.019286 0.050476
3 0.829643 0.142381 0.035000 0.039048
3 0.852500 0.142381 0.027857 0.035238
3 0.913214 0.553810 0.039286 0.073333
10 0.948571 0.551905 0.048571 0.079048
3 0.976786 0.550952 0.043571 0.073333
3 0.870000 0.696667 0.067143 0.040952
3 0.847857 0.655714 0.064286 0.037143
5 0.918571 0.814286 0.020000 0.043810
5 0.933571 0.816190 0.018571 0.041905
5 0.922857 0.768571 0.017143 0.040000
3 0.961071 0.794762 0.046429 0.084762
