10 0.833214 0.206218 0.069286 0.133249
3 0.893929 0.754442 0.073571 0.158629
3 0.769643 0.078680 0.035000 0.068528
3 0.822143 0.083756 0.047143 0.076142
7 0.446429 0.772208 0.010000 0.036802
7 0.465714 0.984772 0.014286 0.025381
7 0.567500 0.911802 0.016429 0.031726
7 0.677500 0.734772 0.009286 0.038071
7 0.667143 0.706218 0.010000 0.036802
7 0.680357 0.715102 0.010714 0.031726
7 0.680000 0.696701 0.010000 0.032995
7 0.667500 0.688452 0.010714 0.039340
7 0.641786 0.395305 0.009286 0.021574
8 0.553571 0.630076 0.014286 0.021574
8 0.550357 0.613579 0.012143 0.019036
8 0.468571 0.571066 0.011429 0.025381
8 0.469286 0.560279 0.011429 0.021574
7 0.487143 0.423223 0.011429 0.034264
7 0.563571 0.387056 0.005714 0.015228
7 0.568929 0.376904 0.007857 0.025381
7 0.412857 0.376269 0.010000 0.041878
7 0.413929 0.366117 0.007857 0.031726
7 0.421071 0.307741 0.006429 0.031726
7 0.426786 0.300127 0.007857 0.029188
7 0.455000 0.298223 0.007143 0.038071
7 0.461786 0.296320 0.006429 0.036802
7 0.666786 0.174492 0.006429 0.029188
7 0.659286 0.161168 0.010000 0.022843
7 0.647500 0.113579 0.005000 0.013959
7 0.649643 0.071701 0.005000 0.029188
7 0.655357 0.073604 0.006429 0.027919
8 0.471786 0.196701 0.010714 0.025381
8 0.476429 0.122462 0.007143 0.021574
8 0.474643 0.106599 0.006429 0.012690
8 0.512500 0.223985 0.005000 0.008883
8 0.519643 0.064721 0.005000 0.015228
8 0.523929 0.067893 0.009286 0.011421
8 0.473571 0.438452 0.010000 0.021574
8 0.515000 0.069797 0.004286 0.015228
8 0.474286 0.042513 0.007143 0.019036
8 0.473214 0.039340 0.006429 0.020305
