3 0.464250 0.955667 0.192500 0.087333
10 0.234750 0.471333 0.120500 0.081333
8 0.227250 0.364333 0.012500 0.023333
5 0.238500 0.941667 0.057000 0.079333
5 0.228500 0.790667 0.041000 0.066667
5 0.334750 0.777667 0.055500 0.048667
3 0.309500 0.818000 0.051000 0.060000
5 0.343500 0.669000 0.043000 0.082000
3 0.190500 0.611667 0.046000 0.042000
3 0.268750 0.610667 0.048500 0.045333
5 0.185000 0.702667 0.052000 0.045333
5 0.216750 0.714667 0.051500 0.046667
5 0.208250 0.701000 0.042500 0.039333
5 0.335500 0.345000 0.036000 0.038000
5 0.363500 0.418333 0.032000 0.031333
10 0.786000 0.827667 0.161000 0.180667
3 0.722000 0.758667 0.136000 0.129333
10 0.652500 0.671000 0.134000 0.127333
11 0.600250 0.595000 0.108500 0.099333
11 0.549500 0.555667 0.120000 0.102000
3 0.501500 0.521000 0.111000 0.086000
11 0.488500 0.463000 0.106000 0.083333
11 0.457750 0.434000 0.095500 0.082667
3 0.472500 0.365667 0.094000 0.070000
3 0.453250 0.318667 0.081500 0.062667
3 0.505500 0.288000 0.037000 0.058667
3 0.916750 0.685333 0.146500 0.150667
3 0.784250 0.551667 0.072500 0.122000
11 0.707750 0.474333 0.059500 0.111333
3 0.923250 0.487333 0.113500 0.097333
3 0.616500 0.399333 0.077000 0.089333
3 0.468500 0.260333 0.031000 0.052667
3 0.434250 0.233667 0.029500 0.050000
3 0.434500 0.190667 0.037000 0.040000
3 0.497000 0.187667 0.045000 0.040667
3 0.492750 0.148000 0.039500 0.033333
3 0.452750 0.123333 0.031500 0.032000
11 0.393750 0.197333 0.041500 0.053333
3 0.361000 0.170333 0.039000 0.038000
3 0.346000 0.147667 0.038000 0.038000
11 0.337000 0.120667 0.040000 0.040000
3 0.315500 0.117333 0.035000 0.032000
3 0.298000 0.103000 0.026000 0.028667
3 0.316000 0.073667 0.028000 0.027333
3 0.276750 0.086667 0.026500 0.029333
3 0.261000 0.069667 0.033000 0.032667
3 0.295250 0.038000 0.023500 0.021333
3 0.234250 0.045667 0.018500 0.024667
11 0.205250 0.029667 0.041500 0.031333
3 0.187000 0.008000 0.021000 0.016000
3 0.960500 0.263000 0.075000 0.043333
3 0.884750 0.229000 0.068500 0.039333
7 0.885250 0.274000 0.019500 0.040000
11 0.811250 0.188667 0.055500 0.042667
3 0.756000 0.167667 0.050000 0.035333
3 0.620000 0.130000 0.043000 0.028000
3 0.597250 0.093667 0.036500 0.030000
3 0.560000 0.080000 0.030000 0.024000
3 0.525750 0.066333 0.028500 0.022000
3 0.492250 0.046333 0.026500 0.023333
11 0.377250 0.048667 0.043500 0.029333
3 0.362500 0.046000 0.038000 0.020000
3 0.360000 0.041000 0.037000 0.019333
3 0.383000 0.037667 0.030000 0.020667
7 0.627750 0.500667 0.014500 0.049333
7 0.633250 0.474667 0.012500 0.049333
7 0.371500 0.145667 0.009000 0.030000
7 0.356250 0.180667 0.007500 0.028000
7 0.344750 0.171333 0.008500 0.028000
9 0.680500 0.265000 0.034000 0.038000
7 0.715500 0.095333 0.007000 0.022667
8 0.432750 0.020667 0.004500 0.016000
1 0.433000 0.024667 0.004000 0.013333
1 0.416500 0.012333 0.004000 0.011333
7 0.413500 0.010333 0.003000 0.015333
