7 0.057750 0.041667 0.019500 0.032667
5 0.011000 0.035000 0.019000 0.026000
8 0.010250 0.028667 0.017500 0.030667
7 0.015000 0.077000 0.022000 0.036667
8 0.084750 0.050333 0.010500 0.018000
7 0.094250 0.046667 0.014500 0.025333
7 0.056250 0.008333 0.011500 0.016667
7 0.060500 0.150667 0.021000 0.038667
7 0.122250 0.108000 0.018500 0.033333
7 0.117250 0.104667 0.013500 0.024000
7 0.152250 0.114667 0.018500 0.032000
7 0.123500 0.147333 0.020000 0.037333
1 0.124000 0.138333 0.016000 0.035333
11 0.228750 0.147333 0.055500 0.080000
8 0.108250 0.187667 0.022500 0.036667
5 0.111000 0.197667 0.017000 0.032667
7 0.065750 0.264333 0.027500 0.036667
7 0.184500 0.227333 0.021000 0.036000
7 0.146250 0.332000 0.025500 0.036000
7 0.100250 0.290667 0.026500 0.037333
7 0.114750 0.317333 0.024500 0.033333
8 0.061250 0.319333 0.018500 0.025333
8 0.081500 0.315000 0.020000 0.018000
1 0.101500 0.316000 0.019000 0.033333
5 0.102000 0.339667 0.026000 0.051333
0 0.252250 0.212333 0.041500 0.048667
8 0.234250 0.224333 0.017500 0.030000
8 0.252000 0.202333 0.016000 0.018000
7 0.130000 0.459333 0.028000 0.038667
7 0.253250 0.569000 0.027500 0.023333
8 0.244500 0.569333 0.016000 0.026667
5 0.248750 0.576000 0.018500 0.050667
5 0.132500 0.488000 0.034000 0.037333
5 0.050000 0.571333 0.029000 0.032000
0 0.099000 0.547667 0.038000 0.043333
11 0.121500 0.704667 0.079000 0.201333
7 0.193000 0.713667 0.039000 0.030000
7 0.234000 0.716000 0.025000 0.028000
0 0.287000 0.922333 0.072000 0.124667
8 0.263000 0.908667 0.022000 0.032000
0 0.304000 0.735667 0.058000 0.088667
8 0.313000 0.750333 0.022000 0.032667
3 0.313000 0.109333 0.056000 0.068000
5 0.364750 0.068333 0.016500 0.034000
8 0.417500 0.078333 0.010000 0.030000
8 0.424250 0.074000 0.009500 0.030667
8 0.464000 0.114333 0.012000 0.030000
1 0.445750 0.085667 0.016500 0.035333
1 0.466250 0.102333 0.015500 0.032667
7 0.472250 0.294000 0.011500 0.034667
7 0.452250 0.306333 0.012500 0.032667
7 0.446250 0.322667 0.013500 0.036000
11 0.427000 0.352000 0.062000 0.100000
7 0.363500 0.575667 0.014000 0.027333
5 0.367000 0.610000 0.020000 0.040000
7 0.490250 0.781333 0.016500 0.025333
10 0.456750 0.538000 0.116500 0.125333
11 0.639750 0.012000 0.031500 0.024000
3 0.667000 0.006000 0.033000 0.012000
3 0.506250 0.209667 0.078500 0.083333
3 0.559250 0.266000 0.091500 0.058667
3 0.611000 0.134333 0.070000 0.063333
11 0.591000 0.337333 0.093000 0.089333
7 0.581000 0.409000 0.016000 0.038000
1 0.627000 0.306333 0.029000 0.028667
1 0.649500 0.328667 0.029000 0.032000
1 0.671750 0.348000 0.029500 0.045333
5 0.668250 0.391333 0.037500 0.029333
1 0.674250 0.256667 0.034500 0.020000
5 0.666750 0.466667 0.032500 0.036000
7 0.664750 0.458000 0.024500 0.032000
0 0.577500 0.545333 0.067000 0.096000
3 0.676250 0.083000 0.062500 0.054000
7 0.757000 0.342000 0.022000 0.044000
10 0.751000 0.815667 0.120000 0.174000
1 0.796750 0.503333 0.039500 0.028000
7 0.799500 0.491667 0.034000 0.031333
0 0.828750 0.473000 0.044500 0.055333
1 0.816500 0.461333 0.020000 0.024000
1 0.856500 0.493000 0.030000 0.038000
3 0.800750 0.565333 0.054500 0.069333
3 0.859500 0.942667 0.132000 0.113333
3 0.840000 0.620667 0.119000 0.097333
7 0.862000 0.546667 0.033000 0.030667
5 0.913000 0.646667 0.032000 0.052000
1 0.932750 0.572667 0.031500 0.041333
5 0.965000 0.584667 0.024000 0.054667
0 0.979750 0.625333 0.039500 0.041333
0 0.505500 0.471667 0.055000 0.091333
