10 0.471071 0.953680 0.025000 0.087563
3 0.501429 0.904822 0.021429 0.081218
10 0.467857 0.737944 0.027143 0.173858
3 0.489643 0.688452 0.017857 0.067259
3 0.462143 0.528553 0.014286 0.052030
10 0.482500 0.579315 0.022143 0.087563
3 0.523571 0.493020 0.014286 0.064721
11 0.481429 0.473350 0.014286 0.055838
3 0.457857 0.436548 0.014286 0.050761
3 0.517500 0.363579 0.016429 0.059645
3 0.474286 0.328046 0.012857 0.046954
3 0.453929 0.302665 0.015000 0.049492
3 0.466786 0.246193 0.013571 0.045685
3 0.448571 0.224619 0.014286 0.048223
11 0.445357 0.153553 0.013571 0.045685
10 0.464643 0.149112 0.019286 0.095178
3 0.442143 0.088832 0.012857 0.043147
10 0.459286 0.018401 0.015714 0.036802
2 0.529286 0.106599 0.027143 0.134518
10 0.441071 0.019670 0.016429 0.039340
