3 0.704286 0.902919 0.028571 0.115482
3 0.606786 0.785533 0.023571 0.088832
3 0.514643 0.804569 0.052143 0.038071
3 0.515000 0.758249 0.048571 0.036802
11 0.645357 0.384518 0.025000 0.096447
3 0.593214 0.362944 0.022143 0.093909
3 0.588571 0.113579 0.018571 0.074873
3 0.353929 0.399112 0.033571 0.079949
3 0.412500 0.453680 0.036429 0.054569
3 0.423929 0.486041 0.046429 0.068528
3 0.438929 0.521574 0.040714 0.058376
10 0.455357 0.548858 0.069286 0.102792
3 0.466429 0.595178 0.042857 0.060914
3 0.478929 0.629442 0.036429 0.053299
3 0.492500 0.673858 0.043571 0.060914
3 0.362143 0.732868 0.051429 0.054569
3 0.357500 0.782995 0.043571 0.050761
3 0.350000 0.827411 0.048571 0.050761
11 0.341429 0.873731 0.051429 0.054569
2 0.271429 0.794416 0.035714 0.093909
3 0.317857 0.585025 0.034286 0.093909
7 0.297500 0.656091 0.006429 0.015228
3 0.241786 0.959391 0.035000 0.076142
