3 0.494286 0.652284 0.048571 0.093909
3 0.543214 0.647208 0.025000 0.109137
3 0.642500 0.675127 0.046429 0.114213
3 0.721786 0.675761 0.057857 0.118020
3 0.790714 0.664975 0.030000 0.104061
3 0.928214 0.772208 0.066429 0.054569
3 0.755000 0.864848 0.062857 0.046954
3 0.393214 0.641497 0.025000 0.107868
3 0.287143 0.652919 0.030000 0.107868
3 0.378214 0.527284 0.060714 0.052030
3 0.316071 0.463832 0.063571 0.046954
3 0.100000 0.631345 0.032857 0.107868
3 0.106071 0.353426 0.029286 0.100254
3 0.059286 0.328046 0.028571 0.079949
3 0.256071 0.352792 0.027857 0.104061
3 0.316786 0.355964 0.027857 0.115482
3 0.395357 0.225888 0.060714 0.048223
3 0.517143 0.182741 0.025714 0.116751
3 0.689643 0.182107 0.026429 0.102792
11 0.574643 0.427665 0.025000 0.098985
3 0.504643 0.427030 0.026429 0.100254
3 0.612857 0.418782 0.028571 0.109137
3 0.641786 0.423858 0.020714 0.088832
3 0.690357 0.424492 0.025000 0.097716
3 0.724643 0.411168 0.030714 0.111675
3 0.757500 0.413706 0.025000 0.106599
3 0.790714 0.420051 0.027143 0.106599
3 0.890000 0.404188 0.025714 0.105330
3 0.921071 0.444162 0.025000 0.111675
11 0.827143 0.415609 0.028571 0.095178
11 0.516429 0.553299 0.054286 0.038071
3 0.117857 0.135152 0.061429 0.044416
0 0.027857 0.142766 0.055714 0.057107
10 0.237857 0.657360 0.030000 0.134518
7 0.272143 0.737310 0.012857 0.017766
7 0.268571 0.723985 0.012857 0.016497
3 0.008571 0.346447 0.017143 0.104061
8 0.194643 0.113579 0.010714 0.021574
5 0.243214 0.126269 0.022143 0.021574
5 0.247500 0.084391 0.029286 0.021574
7 0.304643 0.265228 0.015000 0.012690
7 0.270357 0.565355 0.016429 0.013959
7 0.501786 0.098350 0.009286 0.016497
5 0.561429 0.201142 0.008571 0.034264
7 0.637143 0.276015 0.010000 0.016497
7 0.686786 0.331218 0.013571 0.015228
7 0.852143 0.169416 0.012857 0.024112
7 0.817500 0.292513 0.013571 0.016497
7 0.821786 0.274112 0.012143 0.015228
5 0.890357 0.232868 0.027857 0.013959
7 0.963214 0.472081 0.013571 0.017766
7 0.963214 0.402919 0.013571 0.016497
7 0.966071 0.383883 0.016429 0.016497
7 0.976786 0.362310 0.016429 0.016497
7 0.991071 0.378807 0.016429 0.016497
3 0.982500 0.422589 0.027857 0.068528
7 0.960000 0.531726 0.017143 0.017766
7 0.966786 0.506345 0.015000 0.022843
5 0.969643 0.232234 0.027857 0.017766
7 0.705357 0.223350 0.010714 0.015228
7 0.401071 0.707487 0.013571 0.016497
7 0.513214 0.346447 0.009286 0.012690
7 0.497143 0.330584 0.010000 0.016497
11 0.360714 0.633249 0.028571 0.101523
