3 0.066786 0.302665 0.023571 0.024112
3 0.076429 0.321701 0.018571 0.021574
3 0.083929 0.333756 0.020714 0.027919
7 0.269643 0.289340 0.005000 0.010152
7 0.250000 0.269036 0.002857 0.005076
7 0.224643 0.253173 0.002143 0.008883
7 0.290714 0.262056 0.004286 0.011421
7 0.280357 0.264594 0.003571 0.013959
7 0.271786 0.284898 0.003571 0.008883
7 0.260357 0.275381 0.003571 0.012690
7 0.256071 0.259518 0.003571 0.011421
7 0.260000 0.260787 0.002857 0.011421
7 0.335000 0.324873 0.004286 0.012690
7 0.351429 0.315355 0.002857 0.011421
7 0.341429 0.354061 0.002857 0.012690
7 0.361429 0.346447 0.004286 0.012690
7 0.380357 0.323604 0.003571 0.012690
11 0.008571 0.718274 0.017143 0.040609
3 0.017500 0.906726 0.033571 0.052030
11 0.075714 0.876269 0.044286 0.054569
11 0.423214 0.827411 0.035000 0.045685
3 0.427500 0.423858 0.027857 0.030457
3 0.471071 0.220812 0.019286 0.020305
3 0.493571 0.256345 0.021429 0.017766
10 0.535000 0.251269 0.030000 0.032995
11 0.426429 0.159898 0.022857 0.027919
3 0.398929 0.173858 0.020714 0.022843
3 0.589643 0.251269 0.020714 0.020305
10 0.551786 0.350254 0.049286 0.055838
11 0.611429 0.295051 0.022857 0.024112
11 0.647143 0.273477 0.024286 0.021574
3 0.672857 0.269036 0.022857 0.020305
3 0.985000 0.644036 0.028571 0.034264
11 0.916071 0.237310 0.026429 0.022843
11 0.841429 0.255711 0.027143 0.024112
7 0.946071 0.157995 0.002143 0.011421
7 0.963214 0.170685 0.003571 0.011421
7 0.966786 0.191624 0.002143 0.007614
7 0.961429 0.190990 0.001429 0.006345
7 0.953571 0.194797 0.002857 0.006345
7 0.959643 0.158629 0.005000 0.010152
7 0.976429 0.146574 0.002857 0.008883
7 0.977857 0.157360 0.005714 0.012690
7 0.988571 0.175127 0.002857 0.010152
7 0.936071 0.132614 0.003571 0.011421
7 0.931071 0.181472 0.000714 0.007614
7 0.732857 0.069162 0.002857 0.011421
10 0.330357 0.112944 0.080714 0.065990
