3 0.161273 0.691558 0.108559 0.091837
5 0.022704 0.216141 0.012004 0.011132
9 0.022443 0.229128 0.021921 0.020408
3 0.099687 0.206401 0.020877 0.025046
8 0.004958 0.502319 0.009916 0.030612
8 0.018006 0.504638 0.013048 0.022263
3 0.041493 0.509276 0.048539 0.063080
9 0.069676 0.548701 0.037056 0.060297
9 0.125261 0.531076 0.040710 0.030612
8 0.172495 0.591373 0.018267 0.034323
7 0.180324 0.576067 0.013048 0.048237
7 0.191284 0.578386 0.014092 0.051020
9 0.170668 0.571892 0.040710 0.065863
9 0.201722 0.582096 0.032881 0.051020
9 0.251305 0.548237 0.044363 0.055659
8 0.268528 0.552412 0.015136 0.039889
7 0.272965 0.531540 0.014614 0.037106
7 0.262004 0.522727 0.011482 0.039889
7 0.316023 0.560297 0.008873 0.048237
7 0.325418 0.559833 0.010960 0.043599
7 0.349687 0.553803 0.009395 0.037106
7 0.342902 0.549165 0.013570 0.048237
7 0.356211 0.548237 0.010960 0.048237
7 0.365084 0.551020 0.017223 0.051948
7 0.359081 0.542208 0.013570 0.045455
7 0.354123 0.525974 0.012004 0.048237
7 0.345251 0.518553 0.013048 0.046382
7 0.338987 0.531540 0.010960 0.044527
7 0.328027 0.535250 0.008873 0.044527
7 0.319676 0.545455 0.008873 0.044527
7 0.347860 0.551948 0.008873 0.037106
9 0.313674 0.527829 0.029228 0.038961
5 0.312109 0.512987 0.026096 0.031540
7 0.390397 0.528293 0.010438 0.039889
7 0.396138 0.539889 0.008351 0.025974
7 0.397965 0.526902 0.009916 0.046382
8 0.408403 0.554731 0.009916 0.051948
5 0.407359 0.560761 0.021399 0.036178
9 0.425887 0.485158 0.040710 0.042672
8 0.512004 0.557978 0.009395 0.028757
3 0.509395 0.472171 0.057411 0.053803
0 0.594207 0.466605 0.024530 0.051948
9 0.571764 0.551948 0.039144 0.044527
8 0.524791 0.616419 0.010960 0.041744
5 0.574374 0.578386 0.023486 0.026902
5 0.591336 0.571892 0.024008 0.032468
5 0.607516 0.567718 0.020877 0.033395
3 0.642223 0.402597 0.047495 0.040816
8 0.741910 0.388683 0.009916 0.027829
8 0.744520 0.389147 0.007829 0.023191
8 0.745564 0.387291 0.007829 0.030612
5 0.743476 0.393321 0.015136 0.027829
7 0.823069 0.342301 0.007307 0.022263
3 0.884395 0.301020 0.036013 0.030612
5 0.910752 0.282931 0.011482 0.018553
9 0.992171 0.281076 0.013570 0.029685
7 0.033142 0.101577 0.005741 0.015770
7 0.060543 0.098794 0.006263 0.017625
7 0.068111 0.098330 0.003653 0.014842
7 0.027140 0.098794 0.005219 0.015770
8 0.001827 0.102968 0.003653 0.007421
8 0.006002 0.102505 0.003653 0.006494
8 0.038622 0.101113 0.005219 0.011132
8 0.020616 0.108071 0.005741 0.008349
7 0.010960 0.102968 0.006263 0.016698
7 0.075418 0.135900 0.004697 0.015770
10 0.068372 0.212894 0.025052 0.021336
1 0.839509 0.530612 0.013048 0.033395
