3 0.938935 0.538497 0.036534 0.075139
3 0.987474 0.437384 0.022965 0.032468
3 0.465814 0.539425 0.021399 0.065863
3 0.517745 0.557050 0.025052 0.062152
3 0.581942 0.528757 0.020877 0.061224
3 0.589248 0.460111 0.020877 0.059369
3 0.551931 0.377087 0.019311 0.047310
3 0.508090 0.427644 0.021399 0.059369
3 0.490866 0.388219 0.029749 0.047310
3 0.412317 0.397032 0.025052 0.050093
3 0.239823 0.203154 0.021399 0.040816
3 0.245303 0.259740 0.025052 0.042672
7 0.106211 0.164657 0.006785 0.019481
3 0.056628 0.218460 0.034969 0.038033
8 0.022443 0.049629 0.004175 0.013915
1 0.024008 0.057050 0.011482 0.008349
9 0.057672 0.025046 0.016180 0.011132
8 0.052975 0.019481 0.004697 0.014842
5 0.152401 0.024583 0.010438 0.008349
8 0.151879 0.020872 0.004175 0.010204
3 0.726514 0.881262 0.026096 0.100186
3 0.757307 0.903989 0.025052 0.089981
3 0.814457 0.929035 0.031837 0.104824
3 0.713466 0.652134 0.040710 0.053803
