7 0.353929 0.008571 0.003571 0.017143
7 0.363214 0.009048 0.003571 0.018095
7 0.346786 0.100000 0.003571 0.020952
7 0.390000 0.012857 0.002857 0.018095
7 0.374286 0.016667 0.004286 0.018095
0 0.367500 0.022381 0.026429 0.021905
5 0.367143 0.004286 0.014286 0.008571
3 0.450714 0.009524 0.035714 0.019048
3 0.498214 0.010476 0.036429 0.020952
7 0.455357 0.050476 0.003571 0.020952
8 0.378929 0.043810 0.006429 0.017143
8 0.377500 0.081429 0.006429 0.010476
7 0.383571 0.077143 0.005714 0.020952
7 0.401429 0.075714 0.007143 0.020000
5 0.361429 0.113810 0.007143 0.020000
5 0.362500 0.128571 0.009286 0.019048
0 0.438929 0.118571 0.012143 0.023810
7 0.419643 0.127619 0.005000 0.019048
11 0.367857 0.170476 0.048571 0.032381
7 0.351786 0.197619 0.006429 0.018095
5 0.350357 0.190476 0.019286 0.011429
3 0.455714 0.873810 0.070000 0.050476
5 0.458929 0.824762 0.026429 0.028571
3 0.452857 0.767619 0.074286 0.045714
3 0.442500 0.721905 0.053571 0.043810
7 0.359643 0.775238 0.009286 0.013333
7 0.348571 0.768095 0.010000 0.021905
5 0.311429 0.721905 0.024286 0.022857
5 0.302500 0.675238 0.023571 0.020952
7 0.299643 0.649048 0.010714 0.014286
5 0.306429 0.624762 0.025714 0.015238
5 0.311429 0.608571 0.024286 0.015238
5 0.322857 0.585238 0.015714 0.031429
5 0.303571 0.592857 0.020000 0.023810
7 0.385714 0.587619 0.010000 0.024762
3 0.464286 0.615714 0.055714 0.039048
3 0.475357 0.576190 0.066429 0.034286
11 0.448214 0.530476 0.057857 0.032381
11 0.421786 0.475238 0.026429 0.078095
11 0.367143 0.434286 0.025714 0.057143
3 0.472143 0.478095 0.061429 0.032381
3 0.481071 0.422857 0.053571 0.041905
5 0.331429 0.480952 0.025714 0.020952
1 0.335714 0.498571 0.017143 0.020000
7 0.334643 0.502857 0.007857 0.022857
5 0.343929 0.382857 0.019286 0.019048
11 0.482857 0.382381 0.060000 0.039048
3 0.472500 0.351905 0.053571 0.037143
3 0.476429 0.316190 0.055714 0.036190
3 0.473929 0.289524 0.055000 0.032381
3 0.466071 0.233810 0.049286 0.029524
11 0.465000 0.255714 0.041429 0.033333
3 0.461786 0.207143 0.045000 0.031429
3 0.472143 0.127143 0.044286 0.027619
0 0.365714 0.222381 0.017143 0.035238
11 0.472857 0.177619 0.037143 0.029524
11 0.476429 0.159524 0.037143 0.029524
8 0.432857 0.145238 0.005714 0.012381
7 0.443571 0.143810 0.005714 0.019048
7 0.444643 0.133810 0.005000 0.020000
3 0.470000 0.087143 0.041429 0.025714
3 0.486071 0.048095 0.039286 0.023810
3 0.536429 0.048095 0.042857 0.025714
3 0.585714 0.053333 0.035714 0.026667
3 0.600714 0.021905 0.037143 0.026667
3 0.644643 0.029524 0.036429 0.026667
3 0.677500 0.067143 0.036429 0.023810
10 0.695357 0.028095 0.056429 0.044762
3 0.930714 0.253333 0.035714 0.045714
10 0.967143 0.026667 0.054286 0.034286
10 0.979643 0.110000 0.039286 0.035238
10 0.983214 0.134762 0.032143 0.037143
11 0.977857 0.093810 0.041429 0.027619
