3 0.290750 0.773000 0.077500 0.062000
3 0.323250 0.731000 0.067500 0.048667
11 0.354000 0.687000 0.057000 0.059333
3 0.363000 0.649000 0.059000 0.046000
11 0.366500 0.609000 0.050000 0.040667
3 0.370750 0.584333 0.053500 0.035333
3 0.379000 0.563667 0.049000 0.031333
3 0.382250 0.540000 0.048500 0.029333
3 0.386750 0.517667 0.046500 0.024667
3 0.390250 0.495667 0.040500 0.026000
3 0.393500 0.479333 0.036000 0.022667
3 0.397750 0.468000 0.041500 0.024000
3 0.396000 0.454667 0.039000 0.017333
3 0.406750 0.443333 0.035500 0.020000
3 0.402250 0.430333 0.032500 0.016667
3 0.407000 0.419333 0.032000 0.016000
3 0.408000 0.405333 0.028000 0.014667
3 0.406500 0.390667 0.014000 0.017333
11 0.427500 0.304667 0.016000 0.013333
3 0.417250 0.370333 0.022500 0.014000
3 0.424250 0.316667 0.010500 0.013333
3 0.430000 0.291333 0.008000 0.008000
3 0.476500 0.301667 0.008000 0.010000
11 0.474000 0.318667 0.015000 0.013333
3 0.477000 0.330333 0.010000 0.011333
3 0.475250 0.349000 0.019500 0.011333
3 0.476250 0.358000 0.019500 0.013333
3 0.479750 0.366333 0.020500 0.014000
3 0.481750 0.380333 0.012500 0.016667
3 0.484250 0.416667 0.023500 0.020000
3 0.488500 0.441000 0.028000 0.020667
3 0.489750 0.460667 0.023500 0.024000
3 0.499500 0.492000 0.019000 0.026667
3 0.496750 0.577667 0.048500 0.039333
3 0.510000 0.611667 0.045000 0.040667
3 0.477750 0.691667 0.032500 0.066000
3 0.543750 0.669333 0.062500 0.050667
3 0.552000 0.714667 0.079000 0.053333
11 0.548250 0.759333 0.068500 0.074667
10 0.602500 0.778000 0.104000 0.090667
3 0.628500 0.866000 0.087000 0.082667
3 0.630500 0.970333 0.108000 0.058000
8 0.424750 0.612667 0.007500 0.021333
5 0.424250 0.623667 0.007500 0.019333
5 0.250250 0.371667 0.009500 0.011333
5 0.246250 0.377000 0.010500 0.008667
1 0.079250 0.531333 0.010500 0.020000
3 0.204750 0.461000 0.021500 0.026000
3 0.070500 0.352000 0.017000 0.012000
3 0.071000 0.319333 0.017000 0.012000
3 0.051750 0.312000 0.023500 0.009333
3 0.046500 0.331000 0.018000 0.016667
