10 0.031429 0.715736 0.037143 0.078680
3 0.130000 0.965102 0.021429 0.046954
11 0.150357 0.913706 0.020714 0.045685
11 0.170357 0.856599 0.017857 0.040609
7 0.107500 0.383883 0.006429 0.008883
7 0.147857 0.394036 0.004286 0.006345
7 0.251786 0.107234 0.003571 0.011421
7 0.250000 0.094543 0.004286 0.006345
7 0.218214 0.112944 0.002143 0.005076
7 0.405714 0.039975 0.004286 0.013959
7 0.410357 0.041878 0.003571 0.010152
7 0.220000 0.366117 0.002857 0.006345
8 0.193929 0.414340 0.006429 0.006345
7 0.159643 0.702411 0.005000 0.008883
3 0.423929 0.789340 0.017857 0.043147
11 0.436429 0.811548 0.018571 0.044416
11 0.449286 0.828680 0.018571 0.048223
6 0.482143 0.741751 0.014286 0.031726
3 0.452500 0.559010 0.016429 0.039340
10 0.460000 0.647843 0.040000 0.105330
10 0.494643 0.542513 0.030714 0.077411
6 0.519643 0.467640 0.023571 0.059645
11 0.492500 0.710660 0.016429 0.043147
11 0.502500 0.682741 0.015000 0.043147
11 0.510357 0.647208 0.013571 0.045685
11 0.518571 0.618655 0.012857 0.039340
3 0.527857 0.591371 0.012857 0.043147
11 0.537857 0.560914 0.015714 0.045685
5 0.545714 0.557741 0.004286 0.029188
5 0.549286 0.532995 0.010000 0.015228
3 0.571786 0.468909 0.023571 0.026650
11 0.856071 0.975888 0.016429 0.043147
7 0.896071 0.992386 0.005000 0.005076
7 0.875357 0.800761 0.005000 0.007614
7 0.868929 0.776015 0.003571 0.008883
11 0.846786 0.810914 0.012143 0.045685
3 0.846429 0.733503 0.011429 0.048223
3 0.843929 0.620558 0.010714 0.045685
7 0.890000 0.275381 0.005714 0.010152
11 0.859286 0.220178 0.012857 0.041878
11 0.871071 0.036802 0.010714 0.040609
11 0.697857 0.921954 0.011429 0.049492
11 0.662500 0.923223 0.012143 0.052030
3 0.638571 0.845812 0.011429 0.049492
11 0.538571 0.934010 0.015714 0.045685
11 0.586429 0.897843 0.014286 0.052030
11 0.551429 0.857234 0.014286 0.049492
2 0.674643 0.651015 0.012143 0.045685
11 0.596786 0.807107 0.013571 0.050761
10 0.565000 0.923223 0.015714 0.054569
2 0.516071 0.872462 0.042143 0.120558
2 0.566786 0.673223 0.035000 0.112944
11 0.554286 0.789975 0.015714 0.046954
11 0.574286 0.838832 0.017143 0.050761
11 0.585714 0.762056 0.012857 0.044416
11 0.602500 0.730964 0.015000 0.050761
11 0.595000 0.690355 0.012857 0.045685
11 0.611786 0.641497 0.012143 0.044416
3 0.612500 0.574873 0.013571 0.040609
11 0.595357 0.573604 0.012143 0.043147
10 0.605357 0.485406 0.019286 0.067259
11 0.627857 0.474619 0.011429 0.045685
11 0.686786 0.468274 0.010714 0.045685
11 0.671071 0.420685 0.010714 0.036802
3 0.637857 0.398477 0.010000 0.025381
3 0.576071 0.447970 0.022143 0.025381
11 0.579643 0.426396 0.023571 0.025381
3 0.591071 0.391497 0.016429 0.021574
11 0.592143 0.367386 0.022857 0.021574
3 0.597857 0.326777 0.022857 0.024112
6 0.556786 0.315990 0.010714 0.025381
6 0.570714 0.275381 0.010000 0.025381
3 0.602500 0.307741 0.020714 0.019036
3 0.606071 0.287437 0.019286 0.021574
11 0.625357 0.368655 0.013571 0.039340
11 0.647500 0.328046 0.010714 0.031726
3 0.701071 0.315990 0.010714 0.038071
3 0.727500 0.200508 0.010714 0.038071
3 0.638214 0.279188 0.012143 0.038071
3 0.657857 0.237944 0.010000 0.029188
3 0.650357 0.186548 0.009286 0.032995
2 0.668929 0.147208 0.010714 0.035533
3 0.721429 0.110406 0.010000 0.030457
11 0.680357 0.074239 0.012143 0.031726
3 0.668571 0.032995 0.011429 0.030457
3 0.642143 0.051396 0.010000 0.034264
3 0.637143 0.084391 0.015714 0.031726
10 0.625714 0.119924 0.021429 0.064721
10 0.597143 0.161168 0.028571 0.086294
10 0.607857 0.187183 0.028571 0.077411
10 0.621786 0.204949 0.019286 0.064721
8 0.004643 0.395939 0.005000 0.012690
