7 0.810357 0.834762 0.006429 0.018095
7 0.673929 0.751429 0.005000 0.017143
3 0.462857 0.809524 0.022857 0.028571
3 0.426429 0.802381 0.022857 0.031429
2 0.369286 0.746667 0.032857 0.055238
3 0.384286 0.722857 0.017143 0.020952
3 0.352857 0.671905 0.010000 0.012381
10 0.441429 0.665714 0.017143 0.020952
11 0.467857 0.662857 0.012857 0.011429
3 0.395357 0.619048 0.007857 0.007619
11 0.339286 0.608095 0.007143 0.010476
3 0.362500 0.590000 0.005000 0.008571
7 0.276786 0.699048 0.003571 0.013333
3 0.207857 0.797619 0.045714 0.025714
3 0.145714 0.812857 0.042857 0.023810
3 0.116071 0.917619 0.063571 0.039048
3 0.127500 0.886667 0.056429 0.032381
3 0.366429 0.566667 0.004286 0.005714
3 0.372143 0.564762 0.004286 0.005714
3 0.361071 0.556190 0.005000 0.005714
3 0.366071 0.559524 0.003571 0.004762
3 0.371429 0.556190 0.004286 0.007619
3 0.366429 0.554762 0.004286 0.006667
4 0.347857 0.541429 0.022857 0.020000
