8 0.661786 0.897619 0.017857 0.037143
8 0.655714 0.888571 0.012857 0.040000
3 0.659643 0.901429 0.029286 0.040952
7 0.535000 0.799048 0.011429 0.030476
7 0.542857 0.793333 0.007143 0.030476
7 0.553571 0.785714 0.007143 0.030476
7 0.606786 0.670952 0.007857 0.031429
7 0.613214 0.669524 0.006429 0.026667
7 0.424643 0.668571 0.012143 0.028571
7 0.485714 0.385714 0.005714 0.022857
7 0.493571 0.384762 0.007143 0.022857
7 0.498214 0.392857 0.006429 0.023810
5 0.400714 0.311429 0.007143 0.015238
8 0.400357 0.303333 0.003571 0.008571
8 0.400357 0.300476 0.003571 0.012381
3 0.366429 0.269048 0.017143 0.029524
7 0.463214 0.300000 0.006429 0.019048
7 0.468214 0.297619 0.005000 0.020000
7 0.473571 0.300000 0.004286 0.024762
7 0.460357 0.287619 0.005000 0.017143
7 0.464643 0.284762 0.003571 0.013333
7 0.464643 0.269524 0.005000 0.019048
7 0.458929 0.272857 0.003571 0.020000
7 0.405000 0.172381 0.004286 0.015238
7 0.409286 0.170952 0.004286 0.016190
7 0.385714 0.179048 0.004286 0.017143
7 0.381429 0.180952 0.004286 0.017143
7 0.373571 0.183333 0.004286 0.016190
7 0.376786 0.179524 0.003571 0.016190
9 0.377143 0.152381 0.015714 0.013333
3 0.397857 0.144286 0.012857 0.018095
7 0.401071 0.148095 0.005000 0.014286
11 0.406786 0.123810 0.013571 0.022857
7 0.412500 0.110476 0.003571 0.011429
7 0.416786 0.110000 0.003571 0.012381
7 0.420357 0.108571 0.003571 0.013333
7 0.423214 0.109048 0.003571 0.012381
7 0.446786 0.098095 0.002143 0.011429
7 0.448929 0.098095 0.003571 0.013333
7 0.452143 0.095238 0.002857 0.013333
7 0.455000 0.095238 0.002857 0.013333
11 0.443571 0.089524 0.010000 0.017143
3 0.427143 0.082381 0.002857 0.010476
3 0.429286 0.082857 0.002857 0.011429
3 0.460000 0.068095 0.002857 0.010476
3 0.342143 0.061429 0.002857 0.008571
3 0.343929 0.061429 0.003571 0.010476
