3 0.050714 0.813810 0.101429 0.237143
3 0.471786 0.920952 0.186429 0.156190
3 0.626429 0.745238 0.158571 0.225714
3 0.846071 0.622381 0.115000 0.147619
3 0.330357 0.576190 0.149286 0.144762
3 0.400000 0.520000 0.127143 0.131429
3 0.500000 0.450000 0.127143 0.105714
3 0.649643 0.417143 0.117857 0.060952
3 0.637500 0.369048 0.107857 0.063810
3 0.691786 0.319048 0.110714 0.072381
3 0.838571 0.458095 0.104286 0.123810
3 0.939286 0.459524 0.080000 0.096190
3 0.826786 0.278095 0.056429 0.062857
11 0.891786 0.375238 0.072143 0.093333
3 0.913929 0.327143 0.053571 0.067619
3 0.972500 0.376667 0.052143 0.075238
3 0.943214 0.262381 0.043571 0.054286
3 0.844643 0.237143 0.043571 0.036190
3 0.861429 0.207143 0.037143 0.044762
11 0.877143 0.174286 0.037143 0.049524
3 0.897857 0.143810 0.032857 0.045714
3 0.963214 0.176190 0.035000 0.038095
3 0.981429 0.116667 0.027143 0.033333
7 0.928571 0.122857 0.010000 0.026667
7 0.943214 0.126667 0.012143 0.028571
3 0.902857 0.031429 0.015714 0.028571
