3 0.338250 0.865333 0.068500 0.137333
11 0.566000 0.834333 0.072000 0.110000
3 0.395750 0.592667 0.042500 0.064000
3 0.362250 0.516000 0.024500 0.042667
3 0.484000 0.539000 0.039000 0.043333
3 0.387000 0.414667 0.021000 0.036000
3 0.375750 0.363333 0.012500 0.020000
7 0.200000 0.816000 0.016000 0.061333
10 0.050000 0.856333 0.097000 0.126000
3 0.480000 0.303667 0.021000 0.011333
7 0.470750 0.315667 0.002500 0.010000
1 0.471000 0.318333 0.006000 0.006000
10 0.411500 0.321333 0.013000 0.017333
10 0.391000 0.312333 0.022000 0.015333
9 0.364000 0.306333 0.006000 0.011333
3 0.427500 0.306333 0.017000 0.010000
3 0.438500 0.300333 0.017000 0.011333
10 0.366500 0.288000 0.009000 0.017333
8 0.456750 0.320000 0.002500 0.009333
1 0.456000 0.324000 0.003000 0.008000
6 0.444250 0.289000 0.010500 0.012667
3 0.392000 0.298333 0.008000 0.008667
3 0.402750 0.296000 0.011500 0.012000
8 0.402750 0.301667 0.006500 0.008667
1 0.402250 0.302667 0.005500 0.005333
3 0.385000 0.292000 0.008000 0.009333
10 0.377250 0.286333 0.012500 0.018000
3 0.402750 0.283333 0.008500 0.006667
3 0.376750 0.277000 0.022500 0.006000
11 0.397250 0.253667 0.007500 0.011333
3 0.411500 0.258667 0.012000 0.006667
3 0.400750 0.260667 0.006500 0.004000
7 0.383500 0.261333 0.003000 0.006667
10 0.377250 0.234667 0.005500 0.010667
3 0.391000 0.245000 0.004000 0.006000
3 0.380750 0.248333 0.005500 0.006000
4 0.372000 0.257000 0.007000 0.035333
3 0.381750 0.270333 0.005500 0.007333
3 0.379250 0.272333 0.004500 0.008667
4 0.390750 0.226333 0.023500 0.024667
3 0.425000 0.259333 0.009000 0.006667
11 0.056750 0.510667 0.058500 0.025333
3 0.090750 0.481333 0.044500 0.024000
3 0.108500 0.468000 0.049000 0.022667
3 0.115750 0.454333 0.035500 0.018000
3 0.129500 0.442000 0.040000 0.013333
3 0.072000 0.424667 0.029000 0.025333
3 0.090250 0.400000 0.026500 0.025333
7 0.116000 0.425667 0.009000 0.023333
3 0.081000 0.386667 0.036000 0.016000
3 0.122000 0.370333 0.028000 0.016667
5 0.174000 0.344000 0.005000 0.010667
0 0.180000 0.346000 0.008000 0.014667
5 0.050750 0.430667 0.010500 0.013333
5 0.035750 0.442000 0.018500 0.010667
3 0.193750 0.322667 0.018500 0.016000
3 0.238000 0.336667 0.040000 0.030667
8 0.226000 0.302333 0.004000 0.010000
1 0.224750 0.304000 0.007500 0.005333
8 0.205750 0.318333 0.005500 0.012667
5 0.205250 0.322333 0.003500 0.010000
1 0.103750 0.376333 0.014500 0.015333
1 0.087500 0.375667 0.013000 0.012667
4 0.363500 0.248333 0.005000 0.008667
8 0.365250 0.269333 0.002500 0.004000
5 0.365500 0.271000 0.001000 0.003333
7 0.403000 0.247333 0.002000 0.005333
