3 0.085357 0.121905 0.025000 0.009524
3 0.153929 0.122381 0.019286 0.012381
3 0.099643 0.115238 0.022143 0.009524
11 0.087500 0.113333 0.022143 0.015238
3 0.111786 0.113810 0.019286 0.012381
2 0.461071 0.121429 0.035000 0.021905
4 0.444643 0.102857 0.019286 0.013333
7 0.085000 0.171905 0.007143 0.016190
7 0.163214 0.148095 0.005000 0.014286
8 0.126429 0.139048 0.002857 0.009524
7 0.191071 0.179524 0.003571 0.010476
7 0.194643 0.176190 0.005000 0.015238
7 0.144643 0.292381 0.012143 0.024762
7 0.187857 0.295238 0.010000 0.026667
5 0.207143 0.239524 0.018571 0.018095
7 0.287143 0.358571 0.010000 0.031429
8 0.257857 0.239524 0.005714 0.012381
8 0.259286 0.239048 0.007143 0.013333
8 0.300357 0.230952 0.009286 0.016190
7 0.305000 0.227619 0.007143 0.020952
7 0.853571 0.644762 0.015714 0.030476
7 0.870714 0.634762 0.027143 0.048571
7 0.860357 0.436667 0.015000 0.037143
3 0.647500 0.219524 0.029286 0.025714
3 0.628214 0.209524 0.023571 0.017143
8 0.630000 0.201429 0.004286 0.012381
7 0.573571 0.162857 0.005714 0.017143
7 0.567857 0.162381 0.004286 0.016190
8 0.692500 0.187619 0.005000 0.007619
7 0.648571 0.170000 0.002857 0.012381
7 0.368214 0.135238 0.003571 0.005714
8 0.607857 0.583333 0.025714 0.037143
8 0.610000 0.374762 0.012857 0.029524
1 0.576786 0.375238 0.027857 0.020952
8 0.526071 0.363810 0.006429 0.013333
