3 0.382857 0.793333 0.078571 0.175238
3 0.423571 0.605238 0.060000 0.126667
7 0.403571 0.512857 0.021429 0.048571
1 0.627143 0.826190 0.060000 0.040952
3 0.462857 0.468095 0.048571 0.073333
5 0.618214 0.797619 0.062143 0.042857
3 0.620714 0.701905 0.145714 0.099048
7 0.605714 0.527143 0.017143 0.061905
7 0.592143 0.492857 0.017143 0.046667
2 0.121786 0.622381 0.243571 0.370476
3 0.246071 0.436667 0.060714 0.082857
3 0.305000 0.331905 0.048571 0.056190
5 0.685000 0.511905 0.028571 0.023810
5 0.690714 0.469048 0.041429 0.025714
1 0.698571 0.458571 0.028571 0.023810
7 0.692500 0.385714 0.013571 0.038095
3 0.633214 0.379048 0.075000 0.051429
3 0.566786 0.347619 0.035000 0.055238
3 0.481071 0.339524 0.046429 0.077143
3 0.492500 0.300000 0.027857 0.040000
3 0.528214 0.247143 0.025000 0.033333
3 0.489643 0.244286 0.030714 0.031429
3 0.588571 0.272857 0.061429 0.035238
3 0.579643 0.294762 0.062143 0.035238
3 0.593929 0.313333 0.066429 0.034286
3 0.625357 0.335714 0.082143 0.040952
3 0.634286 0.358095 0.080000 0.036190
3 0.676786 0.225714 0.025000 0.032381
3 0.671429 0.185238 0.027143 0.029524
3 0.685357 0.168571 0.025000 0.024762
3 0.696786 0.187619 0.025000 0.032381
11 0.683929 0.135238 0.033571 0.030476
3 0.708929 0.140000 0.030714 0.022857
3 0.733214 0.144286 0.030714 0.020000
3 0.754286 0.145238 0.025714 0.021905
7 0.563929 0.152857 0.005000 0.018095
7 0.584643 0.136190 0.006429 0.019048
7 0.654286 0.099524 0.004286 0.018095
8 0.572857 0.096667 0.004286 0.014286
8 0.594286 0.093810 0.004286 0.012381
8 0.603214 0.088571 0.005000 0.011429
8 0.603929 0.059048 0.003571 0.009524
8 0.610357 0.054762 0.003571 0.008571
1 0.610357 0.058571 0.005000 0.008571
1 0.604643 0.062857 0.005000 0.009524
1 0.602857 0.091905 0.002857 0.010476
1 0.594286 0.099048 0.004286 0.011429
1 0.572857 0.098571 0.005714 0.010476
7 0.630357 0.030952 0.003571 0.012381
8 0.637500 0.027619 0.002143 0.009524
7 0.643214 0.028571 0.002143 0.009524
1 0.637857 0.031429 0.002857 0.007619
3 0.606429 0.048095 0.012857 0.014286
7 0.637857 0.010476 0.002857 0.009524
4 0.656071 0.009048 0.016429 0.016190
3 0.613929 0.133810 0.039286 0.021905
3 0.618571 0.130000 0.037143 0.020000
3 0.617143 0.122857 0.038571 0.017143
3 0.617857 0.120000 0.032857 0.022857
3 0.618571 0.116667 0.037143 0.021905
3 0.619286 0.112857 0.037143 0.020000
3 0.622500 0.106667 0.032143 0.015238
3 0.623929 0.100000 0.035000 0.017143
3 0.625000 0.099048 0.030000 0.020952
2 0.640000 0.090476 0.047143 0.026667
3 0.643929 0.079048 0.027857 0.015238
3 0.641071 0.077143 0.030714 0.020952
3 0.642857 0.072857 0.028571 0.014286
3 0.643214 0.068571 0.027857 0.020952
3 0.644286 0.062857 0.028571 0.017143
3 0.650357 0.061429 0.030714 0.018095
3 0.649643 0.059524 0.032143 0.018095
3 0.648214 0.056667 0.030714 0.018095
3 0.647143 0.050952 0.030000 0.016190
4 0.655000 0.032381 0.015714 0.017143
7 0.680000 0.102857 0.004286 0.015238
7 0.684286 0.104286 0.002857 0.014286
7 0.244643 0.315238 0.015000 0.032381
3 0.382857 0.201905 0.028571 0.043810
3 0.347857 0.261429 0.035714 0.042857
3 0.294643 0.255238 0.042143 0.040000
8 0.290357 0.222857 0.009286 0.020952
5 0.290357 0.228571 0.016429 0.015238
3 0.345714 0.128571 0.027143 0.032381
3 0.036429 0.379048 0.071429 0.070476
8 0.018214 0.429524 0.020714 0.034286
1 0.019643 0.443333 0.029286 0.033333
3 0.030000 0.337143 0.060000 0.038095
3 0.050357 0.322381 0.067857 0.039048
3 0.072857 0.302381 0.071429 0.033333
3 0.092857 0.288095 0.060000 0.031429
3 0.102500 0.272381 0.077857 0.034286
3 0.125714 0.260952 0.062857 0.030476
3 0.141429 0.242857 0.062857 0.032381
3 0.184643 0.249524 0.050714 0.045714
3 0.155714 0.230476 0.060000 0.032381
3 0.170357 0.216190 0.066429 0.030476
3 0.265357 0.182381 0.030714 0.033333
3 0.297143 0.138571 0.042857 0.023810
3 0.307500 0.133810 0.036429 0.023810
3 0.313214 0.126667 0.040714 0.026667
3 0.317857 0.115238 0.032857 0.020952
3 0.333929 0.113333 0.030714 0.017143
3 0.406786 0.091429 0.029286 0.020952
7 0.423214 0.103810 0.003571 0.015238
7 0.436071 0.081905 0.005000 0.017143
