7 0.113750 0.647000 0.023500 0.060667
7 0.465000 0.586000 0.019000 0.057333
7 0.489000 0.577000 0.017000 0.046000
7 0.484750 0.552333 0.014500 0.051333
3 0.595250 0.527000 0.085500 0.096667
3 0.654750 0.456000 0.063500 0.088000
3 0.763750 0.330000 0.048500 0.048000
7 0.829750 0.468000 0.016500 0.053333
3 0.863750 0.283000 0.038500 0.042000
3 0.817500 0.272667 0.034000 0.036000
3 0.848250 0.234333 0.028500 0.028667
3 0.863500 0.214333 0.030000 0.031333
3 0.878250 0.201000 0.022500 0.027333
3 0.956750 0.179000 0.023500 0.024667
3 0.896750 0.176667 0.024500 0.024000
3 0.907750 0.165667 0.018500 0.020667
3 0.915750 0.154333 0.018500 0.016667
3 0.923750 0.144333 0.021500 0.019333
3 0.929500 0.136667 0.017000 0.014667
3 0.936000 0.126667 0.019000 0.018667
3 0.943750 0.119667 0.013500 0.015333
3 0.949000 0.112333 0.017000 0.018000
3 0.956750 0.108000 0.011500 0.012000
3 0.748250 0.117000 0.023500 0.018000
2 0.789750 0.065000 0.022500 0.024667
4 0.979000 0.059000 0.041000 0.051333
