3 0.637750 0.647667 0.082500 0.172667
3 0.504750 0.544333 0.086500 0.155333
3 0.244000 0.554667 0.122000 0.128000
11 0.385250 0.902333 0.126500 0.183333
11 0.207250 0.890667 0.116500 0.194667
3 0.285250 0.964333 0.088500 0.066000
0 0.597250 0.564333 0.050500 0.098000
7 0.115750 0.811333 0.048500 0.048000
7 0.140500 0.546000 0.028000 0.044000
7 0.059250 0.806667 0.038500 0.050667
1 0.361500 0.504000 0.040000 0.065333
7 0.253250 0.396333 0.022500 0.040667
7 0.284000 0.389000 0.018000 0.048667
7 0.032000 0.550667 0.038000 0.042667
7 0.034750 0.578333 0.035500 0.044667
7 0.025500 0.637333 0.041000 0.038667
