11 0.440357 0.854286 0.147857 0.144762
3 0.108214 0.897143 0.123571 0.196190
3 0.198214 0.831429 0.127857 0.219048
3 0.274643 0.749048 0.119286 0.185714
3 0.350357 0.691905 0.125000 0.170476
3 0.196071 0.602381 0.142143 0.153333
3 0.375357 0.522857 0.117857 0.123810
3 0.342143 0.466190 0.114286 0.113333
3 0.298571 0.415238 0.120000 0.116190
3 0.268214 0.367619 0.116429 0.112381
3 0.238571 0.329524 0.107143 0.097143
3 0.504286 0.214286 0.075714 0.091429
11 0.215000 0.277143 0.087143 0.093333
11 0.189286 0.238095 0.094286 0.091429
3 0.158214 0.220476 0.105000 0.086667
3 0.108214 0.201905 0.102143 0.080000
3 0.116786 0.157143 0.096429 0.074286
3 0.093214 0.130476 0.099286 0.074286
11 0.085714 0.093333 0.085714 0.068571
11 0.061071 0.072381 0.096429 0.070476
11 0.037143 0.030952 0.074286 0.060000
3 0.062143 0.611905 0.124286 0.141905
3 0.051071 0.541429 0.102143 0.098095
3 0.043214 0.485238 0.086429 0.103810
3 0.022857 0.423333 0.045714 0.063810
3 0.017143 0.380476 0.034286 0.060000
3 0.915357 0.301429 0.090714 0.065714
3 0.900357 0.166190 0.057857 0.061905
11 0.790357 0.180476 0.073571 0.067619
10 0.715714 0.103333 0.110000 0.092381
11 0.545357 0.021429 0.092143 0.042857
9 0.622143 0.060952 0.041429 0.045714
7 0.582857 0.962857 0.025714 0.040000
0 0.546429 0.916667 0.088571 0.143810
8 0.510000 0.746667 0.024286 0.024762
0 0.599643 0.698571 0.036429 0.113333
7 0.584643 0.663810 0.016429 0.040000
7 0.636071 0.715714 0.020714 0.048571
7 0.540357 0.614762 0.020714 0.048571
8 0.626071 0.603333 0.023571 0.040952
1 0.627857 0.616667 0.014286 0.042857
8 0.412500 0.654286 0.020714 0.020952
7 0.498929 0.529048 0.017857 0.040952
7 0.518214 0.514762 0.019286 0.046667
7 0.484286 0.515238 0.018571 0.040000
0 0.483214 0.489048 0.063571 0.067619
8 0.735714 0.472381 0.018571 0.030476
8 0.742857 0.470952 0.008571 0.033333
5 0.731071 0.482381 0.033571 0.040952
7 0.671429 0.060000 0.014286 0.034286
11 0.766786 0.015238 0.045000 0.030476
7 0.798571 0.123333 0.011429 0.033333
5 0.855714 0.190952 0.010000 0.033333
8 0.855714 0.184762 0.018571 0.034286
7 0.961071 0.247619 0.022143 0.038095
4 0.931786 0.246667 0.032143 0.043810
10 0.964286 0.171905 0.070000 0.100000
7 0.962143 0.211429 0.018571 0.028571
4 0.903929 0.119048 0.020714 0.030476
3 0.844643 0.014286 0.063571 0.028571
