7 0.617143 0.666244 0.008571 0.043147
7 0.624643 0.644670 0.006429 0.040609
7 0.634643 0.634518 0.007857 0.043147
7 0.716786 0.618655 0.015000 0.029188
7 0.490000 0.291244 0.012857 0.024112
7 0.461071 0.276015 0.003571 0.021574
7 0.471071 0.256980 0.007857 0.029188
7 0.597857 0.322970 0.005714 0.029188
7 0.589286 0.291878 0.004286 0.030457
7 0.631071 0.318528 0.005000 0.027919
7 0.626429 0.314086 0.005714 0.031726
7 0.668571 0.359772 0.008571 0.024112
7 0.611429 0.294416 0.007143 0.030457
7 0.564643 0.928299 0.012143 0.034264
7 0.566786 0.980964 0.010714 0.032995
7 0.406071 0.855330 0.006429 0.022843
7 0.401071 0.868655 0.009286 0.026650
7 0.642143 0.284898 0.005714 0.029188
7 0.675000 0.314721 0.007143 0.027919
7 0.663571 0.326777 0.007143 0.031726
7 0.698214 0.350254 0.006429 0.032995
7 0.811429 0.456218 0.012857 0.029188
7 0.803571 0.451142 0.010000 0.029188
7 0.728214 0.335660 0.007857 0.026650
7 0.666786 0.295051 0.006429 0.026650
7 0.661786 0.293782 0.006429 0.026650
7 0.653929 0.284264 0.006429 0.025381
7 0.648929 0.278553 0.006429 0.029188
7 0.738929 0.333756 0.009286 0.030457
7 0.720714 0.331853 0.007143 0.031726
7 0.551071 0.234772 0.005000 0.027919
7 0.566429 0.230330 0.004286 0.021574
7 0.557500 0.229695 0.005000 0.020305
7 0.491071 0.197335 0.007857 0.021574
7 0.576071 0.241751 0.006429 0.024112
7 0.604643 0.266497 0.007857 0.020305
7 0.612143 0.267132 0.004286 0.016497
7 0.592500 0.256345 0.005000 0.022843
7 0.585714 0.251269 0.005714 0.027919
7 0.583929 0.245558 0.005000 0.019036
7 0.646071 0.264594 0.006429 0.026650
7 0.654643 0.266497 0.005000 0.022843
7 0.662857 0.285533 0.007143 0.025381
7 0.681071 0.298223 0.005000 0.020305
7 0.683929 0.312183 0.005000 0.032995
7 0.690357 0.319797 0.005000 0.027919
7 0.721786 0.317259 0.007857 0.022843
7 0.714643 0.317893 0.007857 0.036802
7 0.680714 0.285533 0.007143 0.025381
7 0.675000 0.289975 0.005714 0.019036
7 0.667143 0.271574 0.005714 0.030457
4 0.539643 0.193528 0.045000 0.057107
7 0.734286 0.370558 0.005714 0.020305
7 0.805000 0.390863 0.005714 0.030457
3 0.042143 0.876269 0.051429 0.118020
3 0.016071 0.362944 0.027857 0.055838
3 0.150714 0.854061 0.045714 0.104061
3 0.122143 0.744289 0.037143 0.082487
3 0.098214 0.661802 0.035000 0.072335
3 0.078571 0.583122 0.035714 0.072335
3 0.055714 0.500635 0.035714 0.069797
11 0.037143 0.447970 0.030000 0.063452
3 0.022857 0.744289 0.045714 0.097716
3 0.012857 0.653553 0.025714 0.086294
3 0.073929 0.980964 0.042143 0.032995
3 0.181429 0.949239 0.050000 0.096447
3 0.006071 0.308376 0.012143 0.050761
7 0.300357 0.321066 0.006429 0.022843
7 0.323571 0.288706 0.005714 0.024112
7 0.308214 0.281726 0.005000 0.027919
7 0.300000 0.285533 0.007143 0.030457
7 0.289643 0.300761 0.006429 0.038071
7 0.354643 0.239213 0.005000 0.021574
7 0.348571 0.236041 0.004286 0.022843
7 0.321786 0.209391 0.006429 0.022843
7 0.310357 0.204315 0.006429 0.025381
7 0.096429 0.497462 0.007143 0.022843
7 0.403214 0.159898 0.007857 0.015228
