10 0.175000 0.864213 0.114286 0.180203
11 0.312500 0.665609 0.069286 0.112944
10 0.226071 0.570431 0.102143 0.184010
3 0.254286 0.458756 0.044286 0.059645
3 0.087500 0.286802 0.049286 0.068528
3 0.126786 0.204949 0.037857 0.046954
2 0.460357 0.441624 0.070714 0.111675
3 0.512500 0.416878 0.025000 0.074873
3 0.521429 0.343909 0.041429 0.063452
10 0.589643 0.233503 0.080714 0.131980
3 0.611786 0.585025 0.062143 0.093909
11 0.675714 0.649746 0.070000 0.098985
3 0.751786 0.723350 0.077857 0.114213
3 0.834286 0.798858 0.077143 0.110406
