3 0.711429 0.573333 0.080000 0.135238
3 0.929286 0.697619 0.140000 0.187619
3 0.883214 0.535714 0.097857 0.126667
3 0.861786 0.424286 0.079286 0.092381
3 0.837857 0.354762 0.061429 0.067619
3 0.813571 0.288095 0.042857 0.054286
3 0.676071 0.319524 0.047857 0.065714
3 0.713214 0.273333 0.040714 0.047619
3 0.695357 0.228571 0.046429 0.038095
3 0.658214 0.271429 0.042143 0.057143
3 0.660000 0.243810 0.034286 0.030476
3 0.301429 0.749524 0.167143 0.219048
3 0.205714 0.540476 0.168571 0.105714
11 0.136786 0.364762 0.089286 0.097143
11 0.462857 0.414286 0.070000 0.116190
3 0.300000 0.406667 0.085714 0.100952
3 0.504286 0.361429 0.055714 0.084762
3 0.585714 0.212857 0.030000 0.046667
3 0.390000 0.331905 0.061429 0.067619
3 0.342857 0.327619 0.065714 0.059048
3 0.283571 0.323810 0.072857 0.062857
3 0.240000 0.312857 0.070000 0.056190
3 0.191429 0.301429 0.077143 0.052381
3 0.355714 0.248571 0.050000 0.064762
3 0.398214 0.248095 0.047857 0.056190
3 0.435357 0.253810 0.047857 0.058095
7 0.399286 0.280952 0.024286 0.055238
3 0.491071 0.279048 0.076429 0.060952
3 0.642857 0.166190 0.035714 0.035238
3 0.700357 0.162857 0.035000 0.030476
3 0.755714 0.192381 0.047143 0.043810
3 0.653929 0.144286 0.032143 0.025714
3 0.636071 0.130476 0.030714 0.034286
3 0.144286 0.936667 0.185714 0.124762
11 0.785000 0.210476 0.041429 0.049524
