11 0.418929 0.020000 0.025000 0.040000
5 0.457143 0.006190 0.002857 0.012381
7 0.349286 0.008095 0.005714 0.016190
3 0.421429 0.418095 0.022857 0.055238
11 0.385357 0.537143 0.043571 0.112381
11 0.255000 0.767619 0.045714 0.108571
11 0.684643 0.544762 0.072143 0.255238
7 0.725714 0.230000 0.005714 0.018095
6 0.713214 0.106667 0.019286 0.024762
6 0.683571 0.072857 0.018571 0.020000
11 0.646429 0.093810 0.030000 0.021905
3 0.707857 0.079048 0.030000 0.017143
11 0.721429 0.062857 0.025714 0.017143
11 0.701429 0.059048 0.024286 0.019048
11 0.685000 0.049048 0.041429 0.031429
11 0.689286 0.033333 0.040000 0.026667
2 0.648571 0.050000 0.022857 0.060000
3 0.603571 0.060476 0.012857 0.018095
5 0.623571 0.008095 0.004286 0.010476
8 0.623571 0.006667 0.002857 0.011429
3 0.706071 0.007143 0.009286 0.014286
11 0.722143 0.011429 0.017143 0.022857
11 0.746429 0.014286 0.017143 0.028571
3 0.788214 0.037619 0.027857 0.016190
11 0.849286 0.033810 0.027143 0.021905
11 0.860000 0.060476 0.044286 0.039048
11 0.771429 0.094286 0.020000 0.017143
3 0.806786 0.088095 0.023571 0.018095
11 0.896071 0.045238 0.019286 0.014286
3 0.900714 0.072857 0.031429 0.020000
3 0.913929 0.052857 0.020714 0.020000
3 0.925714 0.156190 0.034286 0.036190
3 0.940000 0.191429 0.037143 0.030476
3 0.832143 0.212857 0.028571 0.031429
3 0.933214 0.303333 0.040714 0.027619
3 0.966071 0.349048 0.053571 0.027619
3 0.894643 0.200952 0.035000 0.030476
3 0.787857 0.284762 0.027143 0.034286
3 0.822500 0.291905 0.023571 0.033333
11 0.956786 0.319048 0.063571 0.040000
5 0.838571 0.352381 0.011429 0.020952
8 0.841786 0.341429 0.006429 0.012381
11 0.983929 0.489048 0.030714 0.033333
11 0.802143 0.743333 0.051429 0.086667
7 0.783929 0.723333 0.012143 0.018095
