5 0.981000 0.963333 0.035000 0.072000
8 0.976750 0.948333 0.031500 0.052667
7 0.566750 0.974333 0.023500 0.050000
8 0.618000 0.980667 0.022000 0.037333
7 0.149500 0.973000 0.026000 0.052667
7 0.167000 0.952333 0.021000 0.071333
11 0.144750 0.922000 0.111500 0.154667
11 0.281500 0.921333 0.108000 0.156000
7 0.238000 0.730000 0.015000 0.056000
8 0.233250 0.721333 0.010500 0.024000
7 0.257250 0.739000 0.015500 0.046000
5 0.374000 0.712333 0.025000 0.042000
8 0.373500 0.701333 0.017000 0.034667
11 0.433500 0.733667 0.105000 0.063333
3 0.168000 0.736667 0.119000 0.062667
3 0.170000 0.681667 0.095000 0.056667
1 0.525500 0.724333 0.035000 0.042000
7 0.543500 0.715667 0.015000 0.042000
3 0.516250 0.680333 0.106500 0.063333
3 0.543500 0.647000 0.090000 0.060667
3 0.572750 0.610000 0.071500 0.068000
7 0.538500 0.575667 0.010000 0.036667
7 0.543750 0.583333 0.005500 0.022667
11 0.039500 0.605667 0.078000 0.048667
11 0.077250 0.562333 0.074500 0.052667
3 0.114250 0.596667 0.053500 0.052000
3 0.158500 0.591667 0.059000 0.067333
11 0.230750 0.598000 0.080500 0.053333
9 0.180500 0.532333 0.041000 0.024667
3 0.306000 0.569667 0.036000 0.051333
10 0.356000 0.562333 0.031000 0.063333
8 0.344750 0.505333 0.012500 0.018667
3 0.404500 0.558667 0.037000 0.045333
11 0.386000 0.495333 0.026000 0.038667
3 0.446250 0.545000 0.033500 0.048667
3 0.509750 0.532333 0.053500 0.040667
3 0.418000 0.468667 0.039000 0.030667
3 0.445000 0.470667 0.031000 0.030667
3 0.471250 0.498667 0.045500 0.036000
3 0.473000 0.472333 0.038000 0.030000
11 0.506250 0.471667 0.036500 0.040667
7 0.493000 0.500333 0.007000 0.031333
7 0.500750 0.498667 0.008500 0.021333
11 0.552750 0.503000 0.046500 0.042000
7 0.487000 0.439667 0.005000 0.019333
7 0.483000 0.430000 0.007000 0.021333
7 0.453750 0.420333 0.006500 0.015333
7 0.453000 0.426667 0.004000 0.016000
7 0.509500 0.436000 0.007000 0.017333
7 0.502500 0.415333 0.005000 0.013333
8 0.520750 0.403667 0.008500 0.019333
7 0.494750 0.400667 0.005500 0.017333
8 0.495500 0.396333 0.003000 0.006000
8 0.553250 0.393667 0.005500 0.011333
7 0.601000 0.365667 0.005000 0.016667
3 0.591500 0.393667 0.038000 0.016667
3 0.604500 0.470333 0.039000 0.030000
3 0.644750 0.438667 0.035500 0.037333
3 0.671750 0.422667 0.024500 0.033333
11 0.600750 0.555000 0.049500 0.052667
9 0.603000 0.524000 0.028000 0.026667
8 0.605750 0.517000 0.006500 0.016667
8 0.611000 0.520333 0.010000 0.018000
11 0.643000 0.517333 0.033000 0.045333
11 0.679750 0.494667 0.034500 0.040000
11 0.655500 0.351333 0.012000 0.020000
3 0.693000 0.409333 0.021000 0.021333
3 0.770250 0.360000 0.019500 0.018667
3 0.787500 0.352000 0.014000 0.014667
3 0.795500 0.344000 0.018000 0.014667
3 0.807000 0.339000 0.014000 0.012667
3 0.815250 0.327667 0.024500 0.012667
11 0.828750 0.322333 0.012500 0.012667
3 0.834750 0.319000 0.010500 0.011333
3 0.840500 0.315667 0.010000 0.010000
11 0.846250 0.309333 0.011500 0.013333
3 0.965250 0.392000 0.044500 0.021333
3 0.969500 0.379333 0.039000 0.017333
3 0.973500 0.364667 0.040000 0.020000
3 0.974250 0.341667 0.031500 0.016667
11 0.656750 0.286333 0.006500 0.010000
11 0.648750 0.285667 0.005500 0.008667
4 0.623500 0.367000 0.012000 0.014000
11 0.455500 0.311667 0.018000 0.012667
