10 0.241000 0.624333 0.224000 0.187333
10 0.853250 0.902333 0.274500 0.180667
11 0.787750 0.685667 0.137500 0.095333
11 0.671250 0.678333 0.135500 0.156667
3 0.658500 0.587000 0.131000 0.103333
11 0.601500 0.505667 0.120000 0.091333
3 0.681000 0.435333 0.105000 0.076000
11 0.572250 0.445667 0.109500 0.098000
7 0.522750 0.504667 0.016500 0.053333
7 0.509250 0.537667 0.016500 0.056667
11 0.593500 0.378333 0.108000 0.066000
11 0.519000 0.357333 0.047000 0.092000
11 0.504250 0.275333 0.045500 0.093333
11 0.591500 0.322333 0.090000 0.059333
10 0.582500 0.219667 0.094000 0.144667
3 0.532000 0.198333 0.078000 0.058000
3 0.605500 0.089667 0.059000 0.042000
10 0.495750 0.120333 0.061500 0.066000
7 0.424500 0.101333 0.013000 0.045333
7 0.599500 0.133000 0.010000 0.038000
3 0.664750 0.015667 0.069500 0.031333
7 0.551500 0.045667 0.007000 0.027333
7 0.539500 0.042000 0.011000 0.034667
3 0.297750 0.154667 0.066500 0.060000
3 0.305250 0.390000 0.110500 0.097333
3 0.298750 0.329000 0.122500 0.086000
3 0.309500 0.279333 0.087000 0.068000
11 0.280500 0.243667 0.082000 0.083333
3 0.212500 0.251000 0.045000 0.083333
3 0.189750 0.159333 0.083500 0.052000
3 0.159750 0.229667 0.073500 0.078000
3 0.096000 0.225333 0.070000 0.074667
3 0.023250 0.027333 0.046500 0.048000
3 0.017750 0.239667 0.035500 0.054000
10 0.192000 0.460333 0.073000 0.175333
9 0.263750 0.513333 0.059500 0.048000
