11 0.450357 0.412381 0.030714 0.057143
3 0.491786 0.381429 0.033571 0.037143
3 0.641429 0.628571 0.074286 0.087619
3 0.753929 0.642381 0.082143 0.084762
3 0.650714 0.525714 0.054286 0.059048
3 0.878571 0.800476 0.131429 0.143810
3 0.621429 0.470000 0.048571 0.050476
3 0.567857 0.410952 0.038571 0.035238
3 0.535357 0.363810 0.032143 0.036190
3 0.414286 0.332381 0.024286 0.032381
3 0.283571 0.401429 0.027143 0.042857
3 0.701071 0.500000 0.075000 0.049524
3 0.675357 0.462381 0.066429 0.040952
3 0.632143 0.424762 0.057143 0.034286
3 0.577857 0.370000 0.058571 0.039048
3 0.541071 0.330952 0.036429 0.025714
3 0.530000 0.315238 0.035714 0.026667
3 0.502857 0.330952 0.025714 0.029524
3 0.491071 0.309048 0.022143 0.027619
3 0.340714 0.161429 0.007143 0.008571
3 0.334643 0.148571 0.005000 0.007619
3 0.386786 0.208095 0.012143 0.012381
3 0.373929 0.190000 0.009286 0.010476
3 0.384286 0.178571 0.010000 0.010476
3 0.361071 0.147619 0.006429 0.007619
3 0.330000 0.143333 0.005714 0.006667
3 0.328214 0.138571 0.003571 0.006667
3 0.340357 0.137619 0.005000 0.004762
3 0.337143 0.133333 0.004286 0.007619
2 0.347857 0.132381 0.007143 0.011429
4 0.328929 0.120476 0.009286 0.008571
3 0.406786 0.208571 0.013571 0.015238
3 0.401429 0.200000 0.010000 0.011429
3 0.399286 0.193810 0.008571 0.010476
3 0.440000 0.220000 0.025714 0.013333
3 0.441786 0.228571 0.015000 0.013333
3 0.452143 0.235714 0.017143 0.016190
3 0.423214 0.223333 0.010714 0.018095
3 0.428214 0.257619 0.015000 0.018095
3 0.434643 0.243333 0.015000 0.014286
3 0.447143 0.253810 0.017143 0.020000
3 0.467500 0.248571 0.026429 0.019048
3 0.481429 0.264286 0.031429 0.021905
3 0.492143 0.273810 0.031429 0.018095
3 0.500357 0.285238 0.032143 0.018095
3 0.512500 0.299048 0.029286 0.020952
3 0.522143 0.203333 0.020000 0.010476
3 0.537143 0.220952 0.014286 0.017143
3 0.662857 0.305714 0.037143 0.019048
3 0.677857 0.316667 0.035714 0.023810
3 0.233929 0.371429 0.053571 0.036190
3 0.946429 0.573333 0.102857 0.055238
3 0.966429 0.608571 0.065714 0.043810
3 0.973214 0.650952 0.052143 0.069524
7 0.961071 0.507143 0.009286 0.039048
1 0.902857 0.447619 0.018571 0.030476
1 0.921786 0.430000 0.022143 0.025714
3 0.977500 0.806190 0.043571 0.098095
