3 0.262143 0.738095 0.110000 0.060952
3 0.266071 0.684286 0.093571 0.058095
3 0.277143 0.637143 0.092857 0.055238
3 0.288214 0.551429 0.067857 0.045714
3 0.291071 0.336667 0.032143 0.060000
3 0.326429 0.330952 0.030000 0.058095
3 0.361429 0.331429 0.028571 0.060952
3 0.240000 0.328571 0.034286 0.059048
3 0.252500 0.406667 0.056429 0.041905
3 0.340357 0.106190 0.045000 0.037143
11 0.293571 0.446667 0.034286 0.062857
11 0.346429 0.385714 0.070000 0.062857
7 0.310714 0.596190 0.017143 0.030476
7 0.348571 0.813810 0.021429 0.040952
7 0.325714 0.772857 0.015714 0.035238
7 0.328929 0.632381 0.012143 0.028571
7 0.347500 0.719048 0.015000 0.032381
7 0.348214 0.765714 0.013571 0.040000
7 0.327500 0.707619 0.013571 0.034286
7 0.328929 0.607619 0.012143 0.024762
7 0.342500 0.606667 0.012143 0.032381
7 0.353214 0.645238 0.010714 0.035238
7 0.368929 0.606667 0.010714 0.034286
7 0.355000 0.606190 0.011429 0.035238
3 0.431071 0.716190 0.042143 0.118095
3 0.456071 0.595714 0.040714 0.117143
3 0.432143 0.512857 0.032857 0.082857
5 0.476429 0.523810 0.015714 0.040000
3 0.440714 0.434286 0.031429 0.074286
3 0.438214 0.366190 0.027857 0.060000
3 0.440000 0.306667 0.027143 0.059048
3 0.437857 0.252381 0.022857 0.049524
3 0.441429 0.211905 0.020000 0.046667
11 0.437857 0.168095 0.027143 0.044762
11 0.420357 0.142857 0.027857 0.040000
7 0.486429 0.125238 0.004286 0.023810
3 0.397143 0.059524 0.041429 0.027619
10 0.361071 0.045714 0.056429 0.032381
7 0.551071 0.233810 0.007857 0.021905
9 0.541071 0.214762 0.016429 0.023810
3 0.535357 0.157619 0.023571 0.035238
3 0.568214 0.134762 0.040714 0.071429
3 0.649643 0.060952 0.037857 0.022857
3 0.543214 0.284286 0.023571 0.052381
3 0.552143 0.343810 0.031429 0.055238
3 0.562857 0.404286 0.031429 0.060000
3 0.576071 0.482857 0.032143 0.066667
3 0.585714 0.567143 0.041429 0.086667
3 0.597857 0.666667 0.045714 0.100952
3 0.603571 0.788571 0.047143 0.125714
3 0.636429 0.949048 0.061429 0.100000
3 0.717143 0.080000 0.034286 0.020952
3 0.815714 0.086667 0.040000 0.026667
7 0.788214 0.097619 0.006429 0.020000
7 0.823571 0.104762 0.008571 0.019048
7 0.873929 0.137143 0.010714 0.022857
7 0.867857 0.133810 0.008571 0.020000
11 0.840357 0.136190 0.049286 0.034286
11 0.853571 0.153333 0.040000 0.024762
11 0.856429 0.168095 0.050000 0.023810
7 0.940714 0.129524 0.007143 0.020952
7 0.943929 0.118095 0.007857 0.017143
11 0.920000 0.011429 0.032857 0.022857
7 0.957500 0.130000 0.009286 0.020000
3 0.967143 0.142381 0.050000 0.029524
3 0.977143 0.153810 0.044286 0.027619
3 0.976429 0.152857 0.044286 0.027619
3 0.215714 0.331429 0.025714 0.051429
