3 0.445500 0.784667 0.087000 0.097333
3 0.488250 0.756000 0.085500 0.084000
3 0.445750 0.559333 0.056500 0.048000
3 0.394500 0.526667 0.059000 0.045333
3 0.314500 0.545667 0.058000 0.052667
3 0.257750 0.513000 0.055500 0.039333
3 0.306500 0.478333 0.047000 0.039333
3 0.105000 0.478000 0.049000 0.044000
3 0.189250 0.439333 0.045500 0.040000
3 0.463500 0.454667 0.047000 0.041333
3 0.397250 0.426000 0.045500 0.029333
3 0.379000 0.412333 0.048000 0.030000
3 0.652500 0.545667 0.066000 0.046000
3 0.765750 0.538000 0.063500 0.045333
10 0.687500 0.504333 0.070000 0.051333
3 0.678750 0.460333 0.052500 0.039333
3 0.547250 0.412333 0.047500 0.031333
11 0.539500 0.359667 0.044000 0.036667
7 0.546000 0.383667 0.007000 0.024667
3 0.496500 0.392000 0.038000 0.030667
3 0.534750 0.441333 0.025500 0.030667
3 0.494750 0.428000 0.020500 0.029333
3 0.465500 0.413667 0.015000 0.023333
3 0.460750 0.378000 0.035500 0.029333
3 0.313750 0.304667 0.028500 0.024000
3 0.288250 0.307667 0.030500 0.024667
3 0.197250 0.375000 0.040500 0.031333
3 0.187000 0.267000 0.026000 0.018000
3 0.235250 0.253667 0.025500 0.018000
3 0.221250 0.236667 0.023500 0.017333
11 0.320500 0.233667 0.023000 0.020667
3 0.379000 0.260333 0.028000 0.018000
3 0.428500 0.247333 0.027000 0.016000
11 0.456500 0.251667 0.025000 0.019333
3 0.400750 0.232667 0.025500 0.017333
3 0.372000 0.229333 0.023000 0.018667
3 0.337250 0.220000 0.023500 0.017333
3 0.233250 0.187333 0.019500 0.012000
3 0.249500 0.174667 0.013000 0.010667
11 0.225250 0.171667 0.020500 0.014000
3 0.932000 0.395000 0.050000 0.024667
3 0.932750 0.351333 0.044500 0.028000
3 0.938250 0.346000 0.046500 0.028000
3 0.949750 0.336667 0.040500 0.024000
3 0.953750 0.325000 0.042500 0.022000
11 0.962500 0.311333 0.035000 0.026667
3 0.967750 0.287000 0.022500 0.018000
3 0.955000 0.271000 0.024000 0.019333
3 0.856750 0.309000 0.025500 0.023333
3 0.873500 0.298333 0.023000 0.022000
3 0.892250 0.287000 0.021500 0.016667
3 0.863000 0.274000 0.038000 0.025333
3 0.832250 0.277333 0.024500 0.017333
3 0.820500 0.262333 0.023000 0.023333
3 0.782000 0.343000 0.034000 0.023333
3 0.722250 0.332000 0.037500 0.024000
10 0.751750 0.315333 0.043500 0.034667
3 0.768250 0.317000 0.034500 0.023333
10 0.780750 0.305667 0.044500 0.035333
7 0.835000 0.321667 0.007000 0.016667
8 0.836000 0.374000 0.006000 0.018667
5 0.834500 0.378333 0.010000 0.015333
8 0.813000 0.379333 0.005000 0.013333
5 0.813500 0.384333 0.010000 0.014000
7 0.875750 0.366000 0.006500 0.021333
7 0.886000 0.368333 0.009000 0.020667
10 0.980750 0.345333 0.036500 0.046667
3 0.992750 0.291333 0.013500 0.018667
3 0.911750 0.257667 0.032500 0.015333
3 0.920250 0.253000 0.031500 0.016667
3 0.931250 0.246333 0.028500 0.018000
11 0.958250 0.234667 0.024500 0.018667
3 0.965250 0.232000 0.026500 0.016000
3 0.970500 0.228000 0.025000 0.014667
3 0.980000 0.224333 0.029000 0.014000
3 0.987750 0.212667 0.023500 0.013333
3 0.993250 0.205000 0.012500 0.011333
5 0.855750 0.245667 0.009500 0.008667
5 0.872500 0.241333 0.009000 0.005333
5 0.893500 0.235667 0.007000 0.007333
5 0.896750 0.234667 0.008500 0.009333
8 0.848750 0.546667 0.008500 0.025333
5 0.843000 0.551000 0.014000 0.024667
7 0.685250 0.697000 0.013500 0.036667
3 0.969250 0.609667 0.060500 0.042000
3 0.948500 0.667000 0.045000 0.063333
3 0.277000 0.735667 0.094000 0.076667
3 0.232500 0.678333 0.065000 0.076667
3 0.036250 0.439000 0.044500 0.034000
3 0.068000 0.427000 0.047000 0.032667
3 0.119750 0.403333 0.042500 0.033333
3 0.172500 0.383333 0.038000 0.026667
3 0.291000 0.342667 0.039000 0.022667
7 0.697000 0.355667 0.006000 0.020667
8 0.432750 0.336000 0.005500 0.017333
5 0.434250 0.338333 0.013500 0.015333
5 0.542250 0.297000 0.008500 0.011333
8 0.543500 0.292000 0.005000 0.010667
8 0.529000 0.295000 0.006000 0.012667
5 0.623750 0.303667 0.005500 0.012667
5 0.616500 0.301333 0.005000 0.014667
5 0.609500 0.299000 0.005000 0.012667
8 0.637000 0.310667 0.005000 0.016000
5 0.637000 0.313333 0.011000 0.013333
3 0.581250 0.292000 0.034500 0.020000
10 0.545500 0.273333 0.043000 0.034667
10 0.522250 0.242333 0.049500 0.030000
1 0.590750 0.273333 0.008500 0.010667
7 0.166250 0.176000 0.003500 0.012000
7 0.171000 0.176333 0.003000 0.010000
3 0.179250 0.169333 0.014500 0.012000
11 0.165000 0.169000 0.014000 0.014000
3 0.150750 0.164000 0.013500 0.010667
3 0.156750 0.165667 0.010500 0.012667
7 0.252500 0.192000 0.004000 0.012000
7 0.267750 0.188667 0.002500 0.010667
3 0.047000 0.206667 0.017000 0.014667
3 0.035250 0.199000 0.014500 0.018000
3 0.022000 0.195667 0.017000 0.015333
3 0.054750 0.178667 0.018500 0.017333
3 0.020500 0.164333 0.016000 0.015333
3 0.036000 0.127000 0.010000 0.008667
3 0.130750 0.140667 0.011500 0.008000
3 0.121000 0.138667 0.013000 0.009333
3 0.113000 0.138000 0.014000 0.008000
3 0.108250 0.133667 0.016500 0.007333
3 0.097750 0.128333 0.021500 0.010000
3 0.092500 0.126333 0.016000 0.007333
3 0.082750 0.121333 0.017500 0.009333
3 0.057250 0.111000 0.019500 0.008667
3 0.048750 0.110667 0.014500 0.009333
3 0.044750 0.107333 0.014500 0.008000
3 0.038250 0.103000 0.017500 0.008667
3 0.017250 0.105667 0.016500 0.007333
11 0.024250 0.094667 0.013500 0.009333
3 0.016750 0.101000 0.014500 0.008667
3 0.007000 0.102667 0.014000 0.008000
4 0.289750 0.196333 0.028500 0.024667
