3 0.360000 0.807333 0.084000 0.136000
3 0.304250 0.678667 0.056500 0.078667
3 0.447500 0.442667 0.045000 0.046667
11 0.410000 0.408667 0.043000 0.041333
11 0.380000 0.380667 0.035000 0.034667
3 0.346500 0.355000 0.030000 0.031333
11 0.325750 0.330000 0.027500 0.029333
3 0.305000 0.318667 0.025000 0.028000
3 0.265750 0.283333 0.022500 0.021333
3 0.255000 0.272000 0.015000 0.018667
3 0.248750 0.260667 0.017500 0.013333
8 0.237750 0.269333 0.003500 0.016000
5 0.238250 0.275333 0.007500 0.010667
3 0.236750 0.250000 0.018500 0.016000
3 0.227250 0.237000 0.015500 0.018000
3 0.217750 0.227000 0.016500 0.018000
3 0.204250 0.208333 0.011500 0.015333
3 0.200250 0.203333 0.011500 0.014667
3 0.119000 0.287333 0.020000 0.025333
3 0.058250 0.317000 0.018500 0.024667
3 0.062000 0.296667 0.031000 0.022667
3 0.061500 0.279333 0.035000 0.017333
3 0.047000 0.268000 0.026000 0.013333
3 0.047500 0.256667 0.020000 0.014667
3 0.012000 0.361000 0.024000 0.027333
3 0.004250 0.334000 0.008500 0.022667
3 0.055500 0.228667 0.018000 0.017333
3 0.053750 0.218000 0.015500 0.008000
3 0.057750 0.200667 0.013500 0.016000
3 0.123500 0.137000 0.010000 0.008667
3 0.194250 0.190000 0.012500 0.012000
3 0.191250 0.175667 0.012500 0.012667
3 0.189000 0.168000 0.011000 0.010667
7 0.185000 0.139333 0.003000 0.008000
8 0.170750 0.151667 0.002500 0.006000
5 0.171500 0.154333 0.004000 0.006000
3 0.134500 0.124000 0.008000 0.009333
3 0.140000 0.122333 0.004000 0.006000
3 0.215750 0.097333 0.005500 0.005333
4 0.165250 0.099333 0.044500 0.028000
