7 0.430000 0.765000 0.038000 0.104667
7 0.675000 0.818333 0.038000 0.116667
7 0.656000 0.815000 0.020000 0.036667
7 0.592750 0.790333 0.040500 0.091333
7 0.932000 0.806000 0.070000 0.108000
7 0.463500 0.815333 0.026000 0.066667
7 0.478500 0.828000 0.030000 0.116000
7 0.376500 0.817000 0.031000 0.051333
7 0.375000 0.849333 0.040000 0.081333
7 0.532250 0.784000 0.018500 0.040000
7 0.519500 0.807000 0.039000 0.092667
7 0.874000 0.984000 0.072000 0.029333
1 0.879000 0.729000 0.035000 0.143333
5 0.901250 0.842000 0.057500 0.114667
8 0.462000 0.807000 0.025000 0.062000
8 0.529500 0.758333 0.028000 0.042000
8 0.529750 0.749667 0.038500 0.092667
1 0.434250 0.703000 0.045500 0.115333
1 0.891750 0.403667 0.067500 0.119333
