10 0.030000 0.776015 0.060000 0.046954
3 0.141786 0.784264 0.030714 0.030457
5 0.174643 0.805838 0.012143 0.012690
7 0.214286 0.896574 0.005714 0.011421
7 0.212500 0.885787 0.006429 0.010152
7 0.075357 0.797589 0.009286 0.008883
7 0.066429 0.800127 0.010000 0.006345
7 0.264643 0.886421 0.006429 0.011421
7 0.375714 0.909264 0.004286 0.011421
7 0.360714 0.921954 0.004286 0.011421
7 0.452143 0.934010 0.002857 0.012690
7 0.523571 0.926396 0.004286 0.012690
7 0.497500 0.912437 0.006429 0.010152
7 0.469643 0.910533 0.006429 0.011421
7 0.456429 0.923223 0.005714 0.008883
7 0.480357 0.928934 0.005000 0.007614
7 0.667143 0.937817 0.008571 0.007614
3 0.612500 0.657995 0.035000 0.029188
3 0.630357 0.612944 0.036429 0.030457
3 0.705714 0.624365 0.037143 0.027919
3 0.783929 0.673223 0.040714 0.029188
11 0.718929 0.670685 0.037857 0.026650
11 0.760714 0.626904 0.032857 0.025381
3 0.785000 0.791244 0.041429 0.039340
1 0.674643 0.883249 0.013571 0.007614
8 0.675000 0.883249 0.005714 0.007614
4 0.785000 0.944162 0.010000 0.020305
7 0.795714 0.961294 0.007143 0.008883
7 0.785714 0.965102 0.007143 0.008883
7 0.794643 0.972716 0.006429 0.008883
3 0.923929 0.959391 0.020714 0.071066
3 0.948929 0.946701 0.019286 0.073604
2 0.982143 0.910533 0.028571 0.102792
7 0.835357 0.957487 0.003571 0.011421
