7 0.588214 0.516497 0.020714 0.071066
7 0.644286 0.633249 0.015714 0.043147
7 0.688571 0.779822 0.015714 0.034264
7 0.617857 0.930203 0.014286 0.032995
7 0.719286 0.786168 0.014286 0.034264
7 0.671429 0.854061 0.017143 0.030457
7 0.635357 0.830584 0.017857 0.029188
7 0.581429 0.953680 0.012857 0.029188
7 0.553214 0.911802 0.016429 0.026650
7 0.521786 0.960660 0.016429 0.030457
7 0.562500 0.950508 0.010714 0.027919
7 0.613214 0.817259 0.019286 0.035533
7 0.593214 0.822970 0.010714 0.039340
7 0.646071 0.789975 0.019286 0.036802
7 0.665357 0.762690 0.009286 0.038071
7 0.585357 0.795685 0.022143 0.053299
7 0.592857 0.800127 0.007143 0.034264
7 0.672143 0.742386 0.015714 0.038071
7 0.102143 0.298858 0.027143 0.052030
7 0.097857 0.502538 0.030000 0.035533
7 0.255000 0.203680 0.017143 0.062183
7 0.045357 0.210025 0.027857 0.054569
7 0.030000 0.241117 0.027143 0.053299
7 0.771071 0.542513 0.022143 0.039340
7 0.780714 0.596447 0.025714 0.035533
7 0.354643 0.117386 0.016429 0.057107
7 0.190714 0.125000 0.031429 0.039340
7 0.610357 0.984137 0.012143 0.026650
7 0.472500 0.987310 0.009286 0.015228
