7 0.297857 0.985406 0.002857 0.011421
7 0.302143 0.982234 0.002857 0.005076
7 0.478571 0.382614 0.002857 0.011421
7 0.463929 0.401650 0.003571 0.011421
7 0.460714 0.415609 0.002857 0.011421
7 0.362500 0.470812 0.003571 0.012690
7 0.367857 0.483503 0.004286 0.010152
7 0.346786 0.529188 0.005000 0.012690
7 0.444286 0.459391 0.001429 0.012690
7 0.497143 0.383883 0.002857 0.013959
7 0.462143 0.468274 0.004286 0.012690
7 0.452857 0.473350 0.005714 0.010152
7 0.531429 0.480330 0.004286 0.008883
7 0.506786 0.390863 0.002143 0.010152
7 0.502143 0.387056 0.004286 0.012690
7 0.383929 0.519036 0.002143 0.007614
7 0.380000 0.525381 0.002857 0.007614
7 0.371071 0.517766 0.003571 0.010152
7 0.377857 0.477157 0.002857 0.010152
7 0.365714 0.510787 0.004286 0.013959
7 0.373571 0.542513 0.005714 0.011421
7 0.547143 0.451777 0.005714 0.010152
7 0.541071 0.461929 0.005000 0.007614
7 0.441786 0.454315 0.003571 0.012690
7 0.457500 0.469543 0.003571 0.012690
7 0.377143 0.503173 0.002857 0.008883
7 0.375000 0.494924 0.004286 0.007614
7 0.363214 0.498731 0.003571 0.010152
7 0.355357 0.539340 0.003571 0.007614
7 0.361071 0.539975 0.003571 0.011421
7 0.368571 0.544416 0.004286 0.010152
7 0.352857 0.537437 0.004286 0.008883
7 0.465000 0.663071 0.004286 0.008883
7 0.461429 0.677665 0.007143 0.007614
7 0.424286 0.644670 0.004286 0.007614
7 0.418571 0.664975 0.004286 0.007614
7 0.549286 0.788706 0.005714 0.011421
7 0.462857 0.956853 0.005714 0.007614
7 0.442143 0.954949 0.004286 0.008883
7 0.449286 0.968274 0.005714 0.010152
7 0.552500 0.284898 0.003571 0.011421
7 0.555714 0.287437 0.002857 0.013959
7 0.581071 0.364848 0.002143 0.011421
7 0.572500 0.442259 0.003571 0.011421
7 0.558929 0.442893 0.003571 0.012690
7 0.557857 0.478426 0.004286 0.007614
7 0.574643 0.515228 0.002143 0.010152
7 0.591786 0.471447 0.003571 0.016497
7 0.597500 0.545051 0.005000 0.011421
7 0.606786 0.447970 0.005000 0.012690
7 0.622857 0.489213 0.002857 0.008883
2 0.886786 0.339467 0.022143 0.079949
3 0.855000 0.337563 0.014286 0.043147
