3 0.351429 0.932381 0.144286 0.133333
3 0.198929 0.911429 0.176429 0.175238
3 0.144286 0.826190 0.172857 0.189524
3 0.501429 0.719524 0.120000 0.153333
3 0.429643 0.653810 0.112143 0.117143
3 0.337143 0.631905 0.114286 0.115238
7 0.333929 0.465238 0.019286 0.037143
7 0.359643 0.443810 0.013571 0.047619
8 0.331429 0.459524 0.011429 0.025714
8 0.362500 0.431905 0.007857 0.027619
3 0.208929 0.393333 0.087857 0.070476
3 0.144643 0.397143 0.086429 0.070476
3 0.249643 0.329524 0.079286 0.059048
3 0.338929 0.283810 0.063571 0.051429
11 0.408571 0.238095 0.054286 0.057143
11 0.458571 0.208571 0.044286 0.043810
3 0.506429 0.180952 0.041429 0.040000
7 0.107857 0.309524 0.017143 0.040000
7 0.027143 0.214762 0.015714 0.031429
7 0.047857 0.193333 0.012857 0.032381
7 0.176429 0.049524 0.005714 0.015238
3 0.033929 0.104762 0.052143 0.024762
3 0.066429 0.089048 0.044286 0.020000
3 0.038214 0.042381 0.045000 0.020000
3 0.027500 0.037619 0.035000 0.020000
3 0.016071 0.036190 0.032143 0.020952
3 0.054643 0.028095 0.040714 0.020000
3 0.014643 0.015238 0.029286 0.013333
3 0.011786 0.033810 0.023571 0.023810
2 0.173929 0.023810 0.053571 0.034286
3 0.101071 0.008571 0.025000 0.017143
3 0.084643 0.006667 0.020714 0.013333
4 0.068571 0.005714 0.008571 0.009524
5 0.203571 0.045238 0.010000 0.021905
7 0.647857 0.507619 0.012857 0.047619
7 0.670000 0.483333 0.014286 0.042857
2 0.630000 0.241429 0.085714 0.105714
7 0.587143 0.138095 0.007143 0.024762
7 0.552500 0.124286 0.005000 0.027619
7 0.538571 0.113810 0.004286 0.025714
5 0.570357 0.116667 0.015000 0.023810
7 0.569643 0.113810 0.005000 0.016190
3 0.943571 0.266190 0.054286 0.065714
4 0.877500 0.157619 0.040714 0.054286
4 0.830000 0.098095 0.035714 0.038095
4 0.789286 0.031905 0.092857 0.048571
11 0.551071 0.039524 0.036429 0.021905
3 0.549643 0.054286 0.030714 0.019048
2 0.477500 0.053810 0.090714 0.052381
3 0.363214 0.040000 0.023571 0.015238
3 0.377500 0.029048 0.017857 0.014286
3 0.298929 0.029048 0.020714 0.016190
4 0.404643 0.028571 0.019286 0.015238
4 0.331429 0.030000 0.027143 0.020000
4 0.350000 0.017143 0.027143 0.019048
7 0.874643 0.045238 0.007857 0.018095
7 0.932857 0.034286 0.005714 0.017143
4 0.699643 0.379048 0.017857 0.062857
