3 0.063214 0.691429 0.060714 0.142857
3 0.367500 0.736667 0.043571 0.122857
3 0.430714 0.725714 0.037143 0.118095
3 0.502500 0.625238 0.046429 0.134286
3 0.546429 0.796667 0.037143 0.140000
3 0.615357 0.780000 0.045000 0.129524
3 0.553214 0.603333 0.042143 0.126667
3 0.445000 0.560476 0.038571 0.113333
3 0.388929 0.558095 0.046429 0.118095
3 0.557500 0.418095 0.033571 0.104762
3 0.602143 0.593333 0.040000 0.129524
3 0.457143 0.427619 0.040000 0.108571
3 0.408571 0.377619 0.035714 0.090476
3 0.465357 0.262381 0.029286 0.080952
3 0.451786 0.024286 0.025000 0.048571
3 0.475714 0.139524 0.025714 0.075238
3 0.420714 0.267143 0.031429 0.084762
2 0.567857 0.110476 0.044286 0.148571
11 0.487500 0.793810 0.037857 0.119048
10 0.603929 0.416190 0.039286 0.133333
3 0.174643 0.390476 0.036429 0.099048
3 0.106429 0.268571 0.080000 0.045714
3 0.049286 0.499048 0.084286 0.055238
3 0.162857 0.117143 0.070000 0.041905
3 0.777500 0.039524 0.035000 0.056190
3 0.166071 0.081905 0.063571 0.041905
3 0.093214 0.322857 0.082143 0.041905
3 0.124286 0.229048 0.062857 0.050476
3 0.134286 0.198095 0.071429 0.047619
3 0.178214 0.052381 0.065000 0.038095
3 0.192500 0.020476 0.066429 0.039048
3 0.925714 0.027143 0.057143 0.037143
3 0.956786 0.117143 0.079286 0.043810
3 0.946071 0.082857 0.063571 0.028571
3 0.016071 0.877143 0.032143 0.120000
7 0.117857 0.574286 0.015714 0.022857
7 0.120714 0.512857 0.022857 0.035238
7 0.322857 0.095714 0.011429 0.027619
7 0.962143 0.579048 0.018571 0.030476
7 0.959286 0.664286 0.021429 0.023810
7 0.987857 0.704286 0.021429 0.021905
7 0.293214 0.186190 0.010714 0.031429
7 0.223214 0.308571 0.015000 0.022857
7 0.217500 0.302381 0.015000 0.027619
7 0.205000 0.110476 0.014286 0.028571
1 0.120357 0.390476 0.030714 0.013333
1 0.108929 0.395238 0.046429 0.022857
1 0.130714 0.441905 0.018571 0.036190
5 0.065000 0.361905 0.032857 0.015238
5 0.058929 0.382857 0.030714 0.024762
5 0.074286 0.345238 0.037143 0.023810
5 0.203929 0.320476 0.012143 0.031429
1 0.132143 0.635238 0.012857 0.034286
8 0.126429 0.635714 0.018571 0.018095
8 0.200357 0.324286 0.009286 0.014286
8 0.200000 0.312857 0.014286 0.012381
7 0.467857 0.986667 0.018571 0.019048
7 0.468571 0.968571 0.017143 0.019048
4 0.952143 0.729524 0.018571 0.040000
7 0.919643 0.495238 0.016429 0.028571
9 0.922143 0.523333 0.024286 0.040952
9 0.974286 0.818095 0.018571 0.049524
8 0.978929 0.814762 0.015000 0.025714
