2 0.405357 0.595178 0.030714 0.114213
3 0.242500 0.577411 0.017857 0.035533
3 0.061786 0.571066 0.022143 0.035533
3 0.095714 0.574239 0.021429 0.036802
3 0.113214 0.575508 0.019286 0.034264
11 0.225714 0.576777 0.018571 0.041878
11 0.209643 0.576777 0.019286 0.041878
11 0.193214 0.577411 0.019286 0.040609
3 0.176071 0.578680 0.023571 0.038071
3 0.130714 0.574873 0.011429 0.030457
3 0.144643 0.577411 0.013571 0.035533
3 0.162500 0.577411 0.016429 0.032995
11 0.080357 0.569162 0.019286 0.036802
3 0.455714 0.396574 0.008571 0.026650
3 0.467857 0.378173 0.007143 0.020305
3 0.516071 0.482234 0.023571 0.022843
3 0.556786 0.482868 0.026429 0.019036
2 0.411071 0.152919 0.020714 0.049492
11 0.431429 0.389594 0.014286 0.035533
4 0.195357 0.045051 0.059286 0.029188
11 0.234643 0.059010 0.012143 0.013959
2 0.247857 0.052030 0.017143 0.017766
2 0.232857 0.045685 0.014286 0.012690
11 0.317143 0.052665 0.010000 0.016497
11 0.332500 0.035533 0.007857 0.012690
3 0.326071 0.041878 0.007857 0.010152
3 0.335714 0.027919 0.005714 0.007614
3 0.330000 0.051396 0.010000 0.008883
7 0.353571 0.673223 0.002857 0.016497
7 0.515000 0.377538 0.001429 0.011421
7 0.440357 0.211294 0.000714 0.011421
4 0.431429 0.173223 0.014286 0.024112
7 0.445000 0.184010 0.002857 0.012690
7 0.439286 0.197970 0.002857 0.010152
