3 0.091075 0.754638 0.046451 0.084416
3 0.725470 0.915121 0.041754 0.097403
2 0.546712 0.346475 0.021399 0.073284
2 0.431628 0.207792 0.013570 0.048237
11 0.445198 0.371985 0.012526 0.038961
3 0.492693 0.263451 0.011482 0.024119
3 0.504175 0.236085 0.007307 0.015770
3 0.463466 0.166512 0.009395 0.017625
3 0.456942 0.142857 0.007829 0.018553
3 0.498173 0.153525 0.008873 0.013915
3 0.494520 0.102505 0.006785 0.010204
3 0.487474 0.067254 0.006263 0.010204
3 0.494520 0.059833 0.005741 0.010204
3 0.490344 0.033859 0.004697 0.008349
3 0.493215 0.008813 0.004175 0.006494
3 0.485647 0.005566 0.004697 0.007421
3 0.740605 0.726809 0.051148 0.039889
3 0.731733 0.677180 0.049061 0.038961
11 0.717380 0.644712 0.038100 0.033395
11 0.711117 0.568646 0.036013 0.035250
3 0.698591 0.547310 0.042276 0.031540
3 0.705898 0.621058 0.046451 0.036178
3 0.612996 0.505566 0.019311 0.042672
3 0.637526 0.497217 0.019311 0.033395
7 0.653445 0.513451 0.003132 0.023191
7 0.658664 0.513915 0.004175 0.024119
5 0.706942 0.451299 0.006785 0.025046
5 0.757046 0.553340 0.015136 0.023191
5 0.742954 0.509740 0.014092 0.019481
5 0.786013 0.626623 0.015658 0.013915
5 0.821764 0.715677 0.019311 0.025046
1 0.860908 0.838126 0.020355 0.025046
3 0.659969 0.433673 0.031837 0.025046
3 0.657881 0.418367 0.029749 0.022263
3 0.674582 0.376623 0.031837 0.025974
3 0.639353 0.374304 0.028184 0.025046
5 0.628132 0.307514 0.009916 0.010204
5 0.602818 0.278757 0.008351 0.012059
11 0.583246 0.274583 0.009916 0.024119
11 0.600992 0.256957 0.021399 0.022263
3 0.553236 0.131262 0.008351 0.013915
11 0.549843 0.118275 0.006785 0.013915
3 0.547234 0.111781 0.007829 0.010204
3 0.542015 0.088590 0.007829 0.010204
3 0.540188 0.082560 0.010438 0.007421
11 0.538622 0.075139 0.006263 0.011132
8 0.540710 0.159555 0.002088 0.007421
1 0.540449 0.162801 0.001566 0.006494
4 0.567067 0.136827 0.006785 0.021336
8 0.672234 0.761132 0.004175 0.019481
8 0.695981 0.905380 0.005741 0.020408
5 0.670407 0.768089 0.006785 0.020408
5 0.692850 0.916976 0.009916 0.026902
7 0.590292 0.172542 0.002088 0.011132
4 0.582203 0.179035 0.007829 0.011132
8 0.568894 0.262523 0.003132 0.009276
5 0.568111 0.268553 0.002610 0.008349
8 0.344468 0.508349 0.004175 0.012987
5 0.343685 0.515306 0.005741 0.025046
8 0.400052 0.166976 0.001566 0.005566
8 0.414144 0.131725 0.001566 0.005566
8 0.413622 0.123377 0.001566 0.005566
5 0.400313 0.172542 0.003132 0.005566
5 0.413622 0.128479 0.002610 0.004638
5 0.413883 0.136827 0.001044 0.004638
7 0.514353 0.020408 0.001566 0.007421
7 0.520877 0.047310 0.001044 0.009276
4 0.476253 0.043135 0.003653 0.008349
