11 0.217500 0.440476 0.052143 0.105714
11 0.533214 0.663333 0.052143 0.080952
11 0.485357 0.684286 0.052143 0.094286
11 0.192500 0.761905 0.067857 0.116190
3 0.433571 0.542381 0.058571 0.088571
3 0.522500 0.468095 0.052143 0.067619
3 0.569286 0.451905 0.058571 0.080952
3 0.516429 0.265238 0.035714 0.054286
7 0.447857 0.237619 0.007143 0.018095
7 0.436786 0.366667 0.007857 0.020952
5 0.274643 0.337619 0.015000 0.021905
5 0.408214 0.355714 0.013571 0.021905
7 0.346429 0.709048 0.012857 0.014286
7 0.324286 0.699524 0.010000 0.014286
7 0.858929 0.085714 0.009286 0.022857
