7 0.533214 0.670000 0.023571 0.056190
7 0.809643 0.490000 0.022143 0.054286
7 0.772143 0.535238 0.020000 0.051429
8 0.918214 0.499048 0.009286 0.024762
7 0.920000 0.477143 0.015714 0.055238
8 0.887143 0.446667 0.015714 0.047619
3 0.954643 0.360000 0.079286 0.072381
7 0.864643 0.206667 0.010714 0.038095
3 0.599643 0.431905 0.117857 0.073333
8 0.472143 0.442381 0.015714 0.042857
8 0.526786 0.463810 0.016429 0.038095
8 0.550357 0.457619 0.015000 0.033333
8 0.320000 0.193333 0.010000 0.020952
1 0.552143 0.474762 0.028571 0.037143
1 0.475357 0.458095 0.023571 0.032381
1 0.529643 0.478095 0.029286 0.040000
5 0.320714 0.205238 0.011429 0.023810
7 0.554643 0.185714 0.012143 0.034286
7 0.519286 0.137143 0.010000 0.024762
7 0.483214 0.094286 0.007857 0.024762
7 0.493929 0.198095 0.007857 0.032381
7 0.366786 0.203810 0.012143 0.032381
7 0.305714 0.206667 0.010000 0.030476
7 0.305714 0.203810 0.010000 0.030476
7 0.368929 0.192857 0.009286 0.027619
7 0.355714 0.152381 0.007143 0.026667
7 0.351786 0.161905 0.010714 0.028571
7 0.386429 0.125714 0.007143 0.019048
7 0.405714 0.117143 0.008571 0.026667
7 0.424643 0.091429 0.006429 0.022857
7 0.401071 0.093333 0.007857 0.022857
7 0.396071 0.093810 0.007857 0.021905
3 0.342857 0.191905 0.031429 0.035238
7 0.382143 0.124286 0.008571 0.023810
7 0.368571 0.057143 0.005714 0.020952
7 0.365714 0.055714 0.005714 0.021905
7 0.496429 0.131429 0.008571 0.028571
3 0.268929 0.826190 0.076429 0.157143
3 0.145357 0.770000 0.087857 0.166667
3 0.044643 0.817619 0.085000 0.199048
3 0.027857 0.532857 0.055714 0.115238
3 0.060714 0.374762 0.060000 0.079048
3 0.252500 0.411429 0.053571 0.081905
3 0.176429 0.304286 0.055714 0.056190
3 0.402857 0.325714 0.075714 0.055238
3 0.463214 0.283810 0.053571 0.051429
3 0.385714 0.265714 0.041429 0.055238
2 0.254643 0.242857 0.057857 0.133333
5 0.386071 0.177143 0.023571 0.015238
5 0.460357 0.160476 0.026429 0.023810
1 0.529286 0.125714 0.015714 0.015238
1 0.521071 0.114762 0.016429 0.020000
1 0.497857 0.095714 0.015714 0.014286
8 0.521429 0.120476 0.008571 0.012381
7 0.414643 0.216190 0.010714 0.032381
7 0.438571 0.214286 0.008571 0.038095
5 0.433571 0.232381 0.018571 0.026667
7 0.418571 0.185714 0.010000 0.026667
7 0.397500 0.198095 0.006429 0.032381
7 0.407143 0.024762 0.005714 0.017143
7 0.388571 0.031905 0.005714 0.021905
7 0.373571 0.035714 0.005714 0.020000
7 0.367143 0.033810 0.005714 0.020000
7 0.357857 0.030000 0.005714 0.018095
7 0.376429 0.032857 0.005714 0.020000
7 0.363571 0.014286 0.004286 0.017143
7 0.357500 0.014286 0.003571 0.017143
8 0.302143 0.030000 0.005714 0.012381
5 0.303214 0.033333 0.006429 0.013333
7 0.345714 0.014286 0.004286 0.009524
4 0.345714 0.005714 0.017143 0.009524
3 0.372143 0.005714 0.027143 0.011429
9 0.476429 0.188095 0.020000 0.040952
9 0.425357 0.207619 0.025000 0.051429
9 0.406429 0.190952 0.022857 0.054286
3 0.169643 0.110476 0.022143 0.028571
3 0.127500 0.154286 0.026429 0.032381
3 0.097857 0.146667 0.028571 0.038095
3 0.067857 0.140476 0.030000 0.031429
3 0.081429 0.113333 0.025714 0.026667
3 0.087143 0.095238 0.025714 0.026667
3 0.102143 0.070952 0.021429 0.023810
10 0.128214 0.061905 0.019286 0.026667
7 0.058571 0.112857 0.011429 0.023810
7 0.035357 0.150476 0.015000 0.030476
7 0.027857 0.175714 0.014286 0.025714
7 0.017857 0.168095 0.011429 0.025714
7 0.004643 0.170952 0.009286 0.029524
3 0.017857 0.196190 0.035714 0.032381
8 0.093571 0.206190 0.011429 0.023810
8 0.010357 0.227143 0.013571 0.025714
1 0.095714 0.217143 0.025714 0.017143
1 0.017143 0.233333 0.022857 0.022857
3 0.185357 0.019048 0.017857 0.024762
3 0.142857 0.030952 0.015714 0.020000
3 0.155714 0.015714 0.015714 0.021905
3 0.140000 0.010000 0.015714 0.020000
2 0.117500 0.021429 0.032143 0.042857
