7 0.197857 0.342381 0.008571 0.025714
7 0.473214 0.226190 0.002143 0.010476
7 0.475714 0.230000 0.004286 0.014286
7 0.468214 0.231905 0.005000 0.012381
7 0.487143 0.239524 0.004286 0.012381
7 0.619643 0.240476 0.002143 0.010476
7 0.622500 0.240000 0.003571 0.011429
7 0.691429 0.240952 0.004286 0.015238
7 0.699643 0.239048 0.003571 0.013333
7 0.738929 0.260000 0.006429 0.015238
7 0.745000 0.265238 0.004286 0.014286
7 0.749286 0.266190 0.002857 0.014286
7 0.771429 0.270476 0.004286 0.013333
7 0.775357 0.271905 0.003571 0.016190
7 0.779286 0.272857 0.002857 0.014286
7 0.562143 0.240952 0.004286 0.011429
3 0.674286 0.157619 0.007143 0.008571
3 0.687857 0.181429 0.017143 0.010476
3 0.669286 0.189048 0.018571 0.006667
3 0.811786 0.176190 0.017857 0.005714
3 0.807857 0.173810 0.015714 0.008571
3 0.856071 0.286667 0.020714 0.017143
3 0.878929 0.290000 0.025000 0.018095
7 0.881786 0.301905 0.007857 0.019048
3 0.933571 0.309524 0.040000 0.019048
3 0.962857 0.316190 0.041429 0.017143
3 0.992857 0.328095 0.012857 0.020000
7 0.958571 0.324762 0.007143 0.022857
7 0.953929 0.322381 0.007857 0.020000
7 0.961786 0.322857 0.006429 0.022857
7 0.966786 0.324762 0.007857 0.020952
7 0.755000 0.360000 0.008571 0.024762
7 0.800714 0.963333 0.035714 0.060000
7 0.640000 0.580952 0.008571 0.034286
7 0.706429 0.519524 0.015714 0.035238
7 0.716071 0.523333 0.012143 0.037143
7 0.716429 0.510952 0.008571 0.033333
7 0.605000 0.505714 0.008571 0.032381
7 0.641786 0.640000 0.012143 0.041905
7 0.515357 0.588571 0.010714 0.038095
7 0.575714 0.448571 0.005714 0.026667
7 0.557143 0.434762 0.005714 0.023810
7 0.570714 0.433810 0.007143 0.027619
7 0.550000 0.447619 0.008571 0.030476
7 0.565357 0.420000 0.007857 0.026667
7 0.563929 0.444762 0.007857 0.030476
7 0.532857 0.377143 0.007143 0.028571
7 0.544286 0.377619 0.007143 0.023810
7 0.541429 0.370476 0.007143 0.022857
7 0.502500 0.350476 0.005000 0.019048
7 0.500714 0.339048 0.005714 0.019048
7 0.517857 0.342381 0.004286 0.020000
7 0.532500 0.348571 0.006429 0.022857
7 0.523571 0.341429 0.004286 0.021905
7 0.522500 0.323333 0.005000 0.020000
7 0.515357 0.326190 0.005000 0.018095
7 0.514643 0.317619 0.003571 0.018095
7 0.508571 0.310000 0.004286 0.018095
7 0.465357 0.281905 0.005000 0.017143
7 0.520000 0.301429 0.004286 0.016190
7 0.516071 0.297143 0.003571 0.019048
7 0.510000 0.296190 0.004286 0.017143
7 0.511071 0.292381 0.003571 0.015238
7 0.502500 0.302857 0.005000 0.019048
7 0.496429 0.297619 0.004286 0.020000
7 0.503929 0.292857 0.005000 0.016190
7 0.495357 0.276190 0.006429 0.015238
7 0.499286 0.569524 0.011429 0.038095
7 0.473571 0.609048 0.014286 0.044762
7 0.498214 0.612381 0.010714 0.040000
3 0.428214 0.417619 0.027857 0.042857
2 0.503929 0.409524 0.050714 0.102857
2 0.566786 0.637619 0.122143 0.252381
3 0.472500 0.256190 0.015000 0.020952
