3 0.413571 0.734772 0.027143 0.098985
3 0.443929 0.769670 0.023571 0.097716
3 0.533571 0.749365 0.027143 0.102792
3 0.563214 0.751904 0.025000 0.092640
3 0.637500 0.768401 0.029286 0.107868
3 0.667857 0.750000 0.028571 0.098985
3 0.729286 0.736675 0.031429 0.107868
3 0.762500 0.737310 0.032143 0.101523
3 0.823571 0.727157 0.037143 0.101523
3 0.858571 0.734137 0.037143 0.107868
3 0.885000 0.720178 0.037143 0.102792
3 0.918214 0.717005 0.039286 0.098985
3 0.949286 0.719543 0.037143 0.101523
3 0.726429 0.868020 0.068571 0.073604
3 0.317500 0.758249 0.026429 0.097716
3 0.504286 0.745558 0.022857 0.064721
3 0.283929 0.757614 0.025000 0.098985
3 0.250357 0.758883 0.027857 0.106599
3 0.215714 0.768401 0.028571 0.097716
3 0.168929 0.779822 0.025000 0.085025
3 0.138571 0.773477 0.031429 0.107868
3 0.098929 0.785533 0.036429 0.098985
3 0.027857 0.791244 0.034286 0.107868
11 0.232143 0.560914 0.028571 0.086294
3 0.074286 0.570431 0.038571 0.097716
11 0.350714 0.749365 0.024286 0.097716
3 0.694643 0.967640 0.042143 0.059645
3 0.653214 0.968274 0.036429 0.058376
3 0.896429 0.958122 0.044286 0.076142
3 0.937143 0.961294 0.042857 0.069797
3 0.799643 0.973985 0.030714 0.046954
5 0.589643 0.961294 0.015000 0.046954
5 0.563571 0.968909 0.017143 0.044416
5 0.523214 0.968909 0.012143 0.041878
5 0.541429 0.972716 0.012857 0.046954
5 0.854643 0.950508 0.019286 0.050761
7 0.467857 0.647208 0.008571 0.022843
7 0.281786 0.618655 0.009286 0.024112
7 0.042500 0.631345 0.013571 0.026650
7 0.517500 0.579949 0.006429 0.020305
5 0.113929 0.582487 0.009286 0.035533
7 0.379286 0.536168 0.007143 0.026650
7 0.776429 0.607234 0.011429 0.021574
7 0.883929 0.607234 0.013571 0.024112
7 0.882143 0.592005 0.014286 0.021574
7 0.586071 0.617386 0.007857 0.016497
7 0.587143 0.629442 0.008571 0.022843
7 0.585357 0.644670 0.007857 0.025381
5 0.472857 0.743020 0.008571 0.046954
5 0.545714 0.602157 0.024286 0.016497
5 0.538214 0.578046 0.020714 0.013959
5 0.486429 0.578680 0.020000 0.015228
7 0.502143 0.581853 0.005714 0.021574
5 0.776786 0.673858 0.009286 0.038071
5 0.786786 0.664340 0.015000 0.031726
5 0.414286 0.582487 0.021429 0.022843
3 0.305357 0.977157 0.035000 0.040609
