7 0.755000 0.931905 0.030000 0.084762
7 0.735357 0.919524 0.030714 0.088571
8 0.771071 0.636190 0.023571 0.040000
8 0.807500 0.497143 0.029286 0.032381
8 0.031071 0.532381 0.030714 0.032381
8 0.051786 0.540000 0.023571 0.032381
8 0.105714 0.540476 0.027143 0.040952
8 0.239286 0.476667 0.020000 0.018095
8 0.191429 0.312381 0.011429 0.024762
8 0.229286 0.313810 0.012857 0.018095
8 0.269286 0.401429 0.012857 0.014286
8 0.233571 0.387143 0.012857 0.020000
7 0.196786 0.398571 0.010714 0.027619
7 0.198929 0.391905 0.010714 0.025714
7 0.296786 0.477619 0.019286 0.046667
7 0.326071 0.391905 0.012143 0.044762
7 0.313571 0.187143 0.004286 0.018095
7 0.322857 0.191429 0.004286 0.015238
7 0.271786 0.534762 0.019286 0.050476
7 0.257857 0.677619 0.028571 0.065714
7 0.219643 0.601429 0.026429 0.061905
7 0.145357 0.507143 0.023571 0.052381
7 0.165357 0.522857 0.026429 0.057143
7 0.303214 0.522857 0.016429 0.047619
7 0.352857 0.509048 0.012857 0.040952
8 0.353214 0.487619 0.012143 0.028571
8 0.361429 0.490952 0.014286 0.031429
8 0.315000 0.525714 0.017143 0.028571
8 0.241786 0.551905 0.025000 0.035238
8 0.305000 0.521905 0.015714 0.030476
7 0.636786 0.385238 0.007857 0.033333
