3 0.954643 0.762381 0.070714 0.149524
7 0.834643 0.637143 0.023571 0.026667
7 0.830357 0.621429 0.020714 0.025714
5 0.744643 0.640952 0.036429 0.040000
5 0.769643 0.680476 0.016429 0.044762
1 0.753214 0.702857 0.040714 0.041905
3 0.694286 0.688571 0.047143 0.116190
5 0.659643 0.637619 0.023571 0.046667
11 0.620000 0.662857 0.058571 0.121905
7 0.722143 0.604762 0.014286 0.024762
7 0.664286 0.581429 0.020000 0.027619
7 0.671786 0.570952 0.020714 0.027619
7 0.667143 0.554286 0.018571 0.024762
7 0.535714 0.564286 0.014286 0.023810
3 0.019286 0.500476 0.038571 0.086667
3 0.046786 0.530000 0.080714 0.119048
3 0.143929 0.560476 0.067857 0.120952
3 0.187143 0.576667 0.070000 0.136190
11 0.228929 0.582857 0.069286 0.110476
3 0.281786 0.589524 0.065000 0.118095
10 0.331071 0.616667 0.103571 0.166667
7 0.030714 0.370476 0.017143 0.024762
7 0.126071 0.294762 0.016429 0.031429
3 0.025357 0.307619 0.050714 0.085714
3 0.303929 0.377619 0.047857 0.092381
8 0.371429 0.451905 0.012857 0.018095
7 0.358214 0.488571 0.017857 0.028571
7 0.422857 0.473810 0.011429 0.031429
7 0.434286 0.466667 0.010000 0.024762
8 0.460357 0.460952 0.012143 0.019048
8 0.472857 0.463810 0.010000 0.020952
8 0.477500 0.443333 0.013571 0.023810
8 0.471071 0.417619 0.009286 0.016190
8 0.480357 0.417619 0.010714 0.021905
8 0.481071 0.403333 0.009286 0.018095
8 0.488571 0.378095 0.010000 0.024762
8 0.507500 0.421429 0.010714 0.020000
8 0.503571 0.453810 0.010000 0.020000
8 0.503571 0.495714 0.012857 0.020000
8 0.508214 0.474286 0.009286 0.011429
8 0.529643 0.503810 0.012143 0.015238
8 0.535000 0.474762 0.011429 0.014286
8 0.545714 0.476190 0.010000 0.017143
8 0.548214 0.458095 0.010714 0.015238
8 0.540714 0.434286 0.010000 0.013333
8 0.553929 0.440000 0.010714 0.015238
8 0.572857 0.491429 0.012857 0.013333
8 0.584643 0.482857 0.012143 0.013333
8 0.596786 0.499048 0.013571 0.017143
8 0.583214 0.456190 0.009286 0.015238
8 0.601429 0.451905 0.011429 0.014286
7 0.606071 0.434286 0.010714 0.024762
7 0.620714 0.440952 0.010000 0.026667
8 0.624286 0.420952 0.012857 0.020952
8 0.634286 0.446667 0.011429 0.017143
8 0.621786 0.460476 0.012143 0.016190
8 0.627857 0.474762 0.008571 0.020000
8 0.638571 0.478571 0.010000 0.018095
8 0.647857 0.461905 0.010000 0.017143
8 0.642857 0.512381 0.010000 0.015238
8 0.634643 0.496667 0.012143 0.014286
8 0.668571 0.515714 0.010000 0.020000
8 0.680357 0.524286 0.010714 0.010476
8 0.695714 0.510000 0.012857 0.014286
8 0.663214 0.440952 0.010714 0.019048
8 0.680714 0.435714 0.010000 0.014286
8 0.691071 0.452381 0.009286 0.024762
8 0.714643 0.470000 0.013571 0.020000
8 0.722857 0.494762 0.012857 0.018095
8 0.738571 0.504762 0.010000 0.011429
8 0.749286 0.492381 0.010000 0.015238
8 0.751071 0.477619 0.007857 0.014286
8 0.740714 0.463810 0.015714 0.013333
8 0.725000 0.456190 0.011429 0.024762
8 0.744643 0.433810 0.013571 0.016190
8 0.745714 0.420952 0.008571 0.015238
8 0.726071 0.548571 0.013571 0.015238
8 0.737857 0.539048 0.010000 0.019048
8 0.791786 0.569524 0.015000 0.020952
8 0.815357 0.544762 0.010714 0.020952
8 0.808929 0.525238 0.013571 0.014286
8 0.792857 0.503810 0.011429 0.017143
8 0.810000 0.488571 0.012857 0.019048
8 0.845000 0.465238 0.014286 0.016190
8 0.866786 0.461429 0.010714 0.018095
8 0.817500 0.459524 0.010714 0.016190
8 0.793571 0.450952 0.012857 0.018095
8 0.845714 0.511429 0.011429 0.019048
8 0.866071 0.527143 0.020714 0.016190
8 0.868929 0.510000 0.015000 0.018095
8 0.945714 0.526190 0.015714 0.025714
8 0.960000 0.548095 0.008571 0.023810
