3 0.031500 0.950667 0.048000 0.066667
7 0.058250 0.947667 0.013500 0.019333
3 0.059000 0.880667 0.045000 0.057333
3 0.019750 0.707667 0.039500 0.027333
3 0.190250 0.605333 0.027500 0.036000
7 0.160750 0.605667 0.008500 0.018000
7 0.129000 0.632333 0.010000 0.020667
5 0.171000 0.566000 0.012000 0.014667
3 0.220750 0.696333 0.033500 0.042000
3 0.233500 0.707667 0.030000 0.043333
3 0.248000 0.725667 0.034000 0.047333
3 0.532000 0.962000 0.045000 0.073333
7 0.402500 0.991333 0.013000 0.012000
3 0.559250 0.906667 0.058500 0.070667
3 0.585750 0.859667 0.046500 0.074000
3 0.524250 0.827000 0.051500 0.063333
3 0.542250 0.796000 0.046500 0.058667
3 0.559250 0.763333 0.050500 0.057333
3 0.631000 0.751333 0.054000 0.046667
3 0.573250 0.733000 0.048500 0.047333
11 0.583500 0.704667 0.055000 0.046667
10 0.641500 0.709333 0.067000 0.064000
11 0.665750 0.681333 0.053500 0.038667
3 0.616500 0.645000 0.040000 0.048667
3 0.669500 0.655667 0.052000 0.031333
3 0.684250 0.631667 0.045500 0.030000
3 0.638250 0.591000 0.041500 0.048667
3 0.688750 0.606333 0.046500 0.034000
3 0.648000 0.567000 0.039000 0.043333
3 0.580500 0.533333 0.039000 0.030667
3 0.672000 0.535667 0.038000 0.030000
10 0.739750 0.573667 0.038500 0.071333
3 0.779500 0.504667 0.029000 0.028000
3 0.731000 0.478333 0.035000 0.026000
3 0.658250 0.439333 0.032500 0.026667
5 0.808000 0.481000 0.013000 0.012667
7 0.734000 0.452333 0.004000 0.015333
8 0.718750 0.445333 0.005500 0.009333
8 0.709500 0.438000 0.005000 0.010667
8 0.710000 0.437667 0.003000 0.006000
8 0.702750 0.437000 0.004500 0.008667
8 0.694500 0.432333 0.005000 0.010000
7 0.644000 0.397000 0.004000 0.016667
7 0.658500 0.397000 0.004000 0.012667
5 0.671000 0.408333 0.011000 0.011333
5 0.616750 0.413000 0.007500 0.011333
10 0.410250 0.300333 0.024500 0.019333
3 0.352250 0.348667 0.021500 0.013333
3 0.369000 0.312333 0.014000 0.016667
3 0.385250 0.287000 0.014500 0.015333
3 0.403750 0.261333 0.012500 0.013333
3 0.415250 0.244000 0.010500 0.010667
3 0.422250 0.232667 0.010500 0.009333
3 0.438500 0.208333 0.010000 0.011333
7 0.426500 0.214667 0.003000 0.010667
7 0.442000 0.183333 0.012000 0.010667
7 0.466250 0.173667 0.002500 0.008667
7 0.498000 0.272000 0.009000 0.010667
3 0.974750 0.396333 0.035500 0.020667
3 0.950500 0.378333 0.033000 0.020667
3 0.756750 0.266000 0.024500 0.016000
3 0.729250 0.257333 0.024500 0.016000
3 0.642500 0.231000 0.019000 0.012667
3 0.656750 0.251000 0.018500 0.014000
3 0.678750 0.260000 0.021500 0.016000
3 0.706500 0.267000 0.018000 0.015333
3 0.734500 0.275000 0.022000 0.016667
3 0.652250 0.274667 0.022500 0.013333
3 0.683500 0.322333 0.024000 0.015333
3 0.696250 0.317000 0.024500 0.015333
3 0.704500 0.309000 0.024000 0.014000
3 0.707750 0.342333 0.023500 0.015333
3 0.717000 0.336333 0.024000 0.018000
11 0.725750 0.325000 0.020500 0.019333
11 0.752750 0.342667 0.019500 0.024000
3 0.765000 0.377000 0.021000 0.020667
3 0.771000 0.370333 0.030000 0.018000
3 0.776000 0.362000 0.026000 0.017333
3 0.788000 0.348333 0.025000 0.016667
3 0.796500 0.338667 0.027000 0.014667
7 0.675000 0.288000 0.003000 0.012000
8 0.665000 0.289333 0.003000 0.009333
