8 0.443214 0.763810 0.019286 0.051429
1 0.446786 0.769524 0.053571 0.049524
7 0.427500 0.427143 0.016429 0.039048
7 0.393929 0.429524 0.015000 0.041905
7 0.763929 0.631429 0.016429 0.049524
7 0.828214 0.482381 0.013571 0.040952
7 0.858929 0.471905 0.019286 0.040952
7 0.842143 0.463333 0.012857 0.040952
7 0.951786 0.386190 0.012143 0.029524
3 0.247500 0.346667 0.067857 0.038095
3 0.320714 0.284762 0.051429 0.028571
3 0.040357 0.327143 0.047857 0.037143
3 0.128214 0.279048 0.062143 0.026667
3 0.194286 0.251905 0.048571 0.027619
3 0.549643 0.439048 0.065000 0.049524
3 0.477857 0.371429 0.057143 0.043810
3 0.431786 0.362857 0.052143 0.041905
3 0.876786 0.277143 0.036429 0.024762
11 0.525357 0.338571 0.037857 0.046667
11 0.086429 0.205714 0.034286 0.030476
3 0.064286 0.202857 0.035714 0.022857
3 0.030714 0.255714 0.052857 0.031429
3 0.020714 0.240000 0.041429 0.034286
3 0.054643 0.260952 0.062143 0.030476
3 0.071071 0.267143 0.056429 0.029524
3 0.097857 0.270000 0.055714 0.035238
3 0.164643 0.297619 0.046429 0.033333
3 0.182500 0.306667 0.060714 0.036190
3 0.196429 0.322857 0.060000 0.036190
3 0.217500 0.332857 0.063571 0.040952
3 0.249643 0.264762 0.043571 0.030476
3 0.275714 0.270000 0.047143 0.027619
3 0.302143 0.275238 0.051429 0.028571
3 0.011071 0.299524 0.022143 0.037143
3 0.483214 0.328095 0.045000 0.039048
3 0.526429 0.311905 0.037143 0.027619
3 0.560357 0.320952 0.037857 0.032381
3 0.603571 0.300952 0.035714 0.032381
3 0.597857 0.268571 0.027143 0.028571
3 0.571071 0.291429 0.036429 0.034286
3 0.580000 0.258095 0.034286 0.020952
3 0.555000 0.270476 0.021429 0.024762
3 0.496429 0.284762 0.038571 0.026667
3 0.469643 0.304762 0.046429 0.028571
3 0.658571 0.420000 0.037143 0.043810
3 0.690357 0.386667 0.047857 0.038095
3 0.652857 0.362857 0.038571 0.034286
3 0.688929 0.335714 0.030714 0.027619
3 0.654286 0.228571 0.018571 0.019048
3 0.669643 0.222857 0.025000 0.015238
3 0.679643 0.218095 0.025000 0.017143
3 0.707500 0.221429 0.020714 0.014286
3 0.688214 0.213333 0.026429 0.015238
3 0.702500 0.209048 0.022143 0.014286
3 0.712500 0.204286 0.023571 0.014286
3 0.721429 0.200476 0.024286 0.012381
3 0.744286 0.203810 0.017143 0.017143
3 0.759286 0.198571 0.014286 0.014286
3 0.774286 0.189048 0.014286 0.014286
3 0.740000 0.190000 0.014286 0.008571
3 0.747500 0.192857 0.016429 0.012381
3 0.755357 0.185714 0.012143 0.013333
3 0.711786 0.304762 0.029286 0.032381
3 0.736786 0.521905 0.105000 0.060952
3 0.739643 0.489048 0.080714 0.046667
3 0.770000 0.472381 0.085714 0.057143
3 0.783571 0.445238 0.077143 0.046667
3 0.799286 0.411429 0.064286 0.043810
3 0.805714 0.387619 0.048571 0.038095
3 0.832143 0.377619 0.052857 0.042857
3 0.846071 0.369048 0.053571 0.033333
3 0.864643 0.312381 0.050714 0.032381
3 0.935714 0.420476 0.064286 0.033333
3 0.933214 0.453810 0.080714 0.044762
3 0.964286 0.486190 0.068571 0.052381
3 0.980357 0.515238 0.033571 0.059048
1 0.970714 0.351905 0.008571 0.018095
3 0.960000 0.275238 0.047143 0.020952
3 0.958929 0.270476 0.045000 0.019048
3 0.960357 0.263333 0.037857 0.023810
3 0.956429 0.258571 0.042857 0.021905
3 0.946429 0.212381 0.021429 0.013333
3 0.928571 0.208095 0.030000 0.018095
4 0.931786 0.190952 0.019286 0.010476
3 0.963214 0.197143 0.023571 0.015238
3 0.983214 0.207619 0.009286 0.013333
3 0.974643 0.211905 0.010714 0.016190
3 0.832500 0.245238 0.020714 0.021905
3 0.839643 0.237143 0.020714 0.019048
3 0.846786 0.232857 0.017857 0.018095
3 0.854286 0.225238 0.015714 0.020000
3 0.861786 0.221905 0.017857 0.017143
3 0.866786 0.209524 0.017857 0.019048
3 0.876786 0.204286 0.020714 0.016190
3 0.892143 0.190952 0.011429 0.012381
7 0.890714 0.228095 0.002857 0.016190
7 0.883571 0.227143 0.005714 0.014286
7 0.897857 0.199048 0.004286 0.011429
7 0.905714 0.200952 0.001429 0.013333
7 0.903571 0.197619 0.004286 0.014286
7 0.848929 0.255238 0.007857 0.015238
5 0.951071 0.370476 0.015000 0.022857
6 0.761071 0.558571 0.046429 0.029524
