3 0.420714 0.364213 0.012857 0.020305
3 0.421786 0.562183 0.016429 0.038071
3 0.428929 0.648477 0.017857 0.043147
3 0.373214 0.862310 0.026429 0.064721
3 0.460357 0.368655 0.012143 0.024112
3 0.412857 0.407995 0.012857 0.024112
3 0.398929 0.460025 0.013571 0.026650
3 0.431071 0.324239 0.010714 0.019036
3 0.438929 0.298223 0.010714 0.017766
3 0.484643 0.270939 0.009286 0.016497
3 0.507857 0.204949 0.007143 0.016497
3 0.461786 0.207487 0.007857 0.011421
3 0.475714 0.194797 0.007143 0.013959
3 0.477143 0.161802 0.005714 0.013959
3 0.525714 0.166244 0.011429 0.015228
3 0.464643 0.239848 0.007857 0.017766
3 0.465714 0.142132 0.005714 0.012690
3 0.478929 0.130076 0.005000 0.011421
3 0.446429 0.047589 0.005714 0.006345
3 0.448929 0.063452 0.006429 0.007614
3 0.424286 0.017766 0.005714 0.005076
11 0.405000 0.013959 0.007143 0.007614
11 0.518214 0.149112 0.007857 0.019036
11 0.488214 0.322335 0.010714 0.025381
11 0.434643 0.492386 0.013571 0.040609
11 0.393929 0.644670 0.023571 0.050761
11 0.255357 0.961929 0.033571 0.071066
2 0.305357 0.758249 0.057857 0.163706
7 0.242857 0.793147 0.007143 0.025381
7 0.238214 0.791878 0.005000 0.020305
7 0.390714 0.405457 0.002857 0.013959
7 0.385000 0.404188 0.004286 0.013959
7 0.381071 0.406091 0.002143 0.015228
7 0.386786 0.402284 0.005000 0.020305
2 0.382143 0.506980 0.021429 0.054569
