5 0.218163 0.824212 0.013570 0.049165
7 0.203288 0.736085 0.018267 0.049165
5 0.278706 0.700835 0.015658 0.058442
3 0.320981 0.762059 0.045929 0.125232
5 0.405532 0.683673 0.012526 0.050093
1 0.335073 0.473098 0.020877 0.031540
5 0.360386 0.449443 0.023486 0.026902
0 0.410491 0.519017 0.030793 0.073284
9 0.424843 0.616419 0.022965 0.056586
3 0.453810 0.606215 0.032881 0.097403
5 0.347077 0.408163 0.020877 0.027829
5 0.351775 0.396104 0.018789 0.027829
3 0.478601 0.394712 0.026096 0.073284
3 0.483299 0.284787 0.020877 0.053803
5 0.419363 0.307514 0.020355 0.019481
5 0.429280 0.217996 0.013048 0.012987
0 0.478601 0.246289 0.016701 0.036178
5 0.485647 0.236549 0.014092 0.020408
0 0.487735 0.217532 0.027662 0.039889
11 0.497390 0.188776 0.018789 0.056586
8 0.526879 0.283859 0.006785 0.031540
8 0.529228 0.274583 0.009395 0.029685
9 0.526357 0.282004 0.015136 0.053803
10 0.506524 0.158627 0.016180 0.046382
0 0.541754 0.151206 0.015658 0.035250
11 0.580376 0.388683 0.027140 0.085343
3 0.452766 0.771336 0.040188 0.151206
7 0.599687 0.752783 0.011482 0.049165
8 0.615084 0.846475 0.018267 0.032468
5 0.648747 0.835343 0.027140 0.043599
5 0.668058 0.891466 0.032359 0.053803
5 0.667015 0.944805 0.035491 0.049165
5 0.672234 0.968460 0.033403 0.033395
5 0.758873 0.928571 0.032359 0.037106
5 0.662056 0.777829 0.019311 0.049165
5 0.649008 0.770872 0.023486 0.042672
5 0.638831 0.748609 0.017745 0.053803
5 0.655532 0.732839 0.019833 0.044527
5 0.637787 0.694341 0.025052 0.038033
5 0.641441 0.635900 0.020877 0.032468
0 0.639092 0.654917 0.045407 0.064935
7 0.756002 0.758349 0.008873 0.049165
8 0.759916 0.757421 0.009395 0.028757
9 0.711639 0.638219 0.046451 0.044527
5 0.667015 0.473098 0.018789 0.025974
9 0.629958 0.498609 0.018789 0.045455
8 0.567328 0.542208 0.010438 0.023191
8 0.566545 0.534323 0.010960 0.029685
5 0.566284 0.541744 0.012526 0.044527
5 0.619259 0.464750 0.026618 0.029685
5 0.627088 0.454545 0.016180 0.040816
5 0.615605 0.438312 0.019311 0.028757
5 0.605428 0.427644 0.019833 0.027829
9 0.603601 0.355288 0.020355 0.057514
5 0.616910 0.355751 0.016701 0.028757
5 0.614823 0.343692 0.015658 0.023191
0 0.596294 0.325603 0.016180 0.051948
5 0.609342 0.314007 0.017223 0.023191
0 0.603340 0.286642 0.027140 0.040816
9 0.606472 0.267161 0.016701 0.037106
8 0.594468 0.250464 0.005219 0.027829
5 0.594207 0.255566 0.016180 0.017625
9 0.596033 0.216605 0.029228 0.038033
11 0.570198 0.211967 0.020355 0.054731
8 0.571242 0.181818 0.007829 0.016698
5 0.618215 0.170686 0.016180 0.018553
5 0.593946 0.175788 0.013570 0.021336
5 0.594468 0.171150 0.013570 0.025046
0 0.570459 0.157699 0.012526 0.042672
5 0.520094 0.183210 0.006785 0.023191
8 0.519833 0.177180 0.006263 0.027829
9 0.589248 0.150742 0.024008 0.034323
9 0.589509 0.142393 0.023486 0.030612
7 0.604123 0.140074 0.005741 0.027829
7 0.624739 0.145640 0.005219 0.024119
7 0.590292 0.132653 0.026096 0.037106
0 0.593946 0.131262 0.028184 0.045455
0 0.589770 0.115492 0.030271 0.038033
0 0.587683 0.096011 0.029228 0.036178
0 0.535230 0.096011 0.017223 0.039889
7 0.563152 0.094156 0.006263 0.023191
3 0.555324 0.096011 0.019833 0.032468
0 0.565762 0.069109 0.011482 0.036178
7 0.499217 0.081169 0.004697 0.023191
7 0.469468 0.127087 0.003653 0.014842
4 0.451461 0.157699 0.015658 0.029685
7 0.448069 0.104360 0.004697 0.025046
4 0.617693 0.146104 0.009916 0.023191
4 0.639353 0.134045 0.015658 0.054731
7 0.584290 0.067718 0.004697 0.022263
7 0.589770 0.070965 0.005219 0.023191
5 0.582463 0.067718 0.007307 0.014842
5 0.581420 0.062616 0.012526 0.012059
7 0.581681 0.047774 0.004697 0.023191
7 0.481994 0.056122 0.006785 0.025046
3 0.498434 0.012987 0.015658 0.025974
0 0.546973 0.029685 0.007307 0.029685
7 0.553236 0.031540 0.005219 0.024119
0 0.546451 0.015770 0.010438 0.031540
7 0.598904 0.034323 0.004697 0.022263
5 0.566806 0.008813 0.010438 0.013915
7 0.558977 0.024583 0.004175 0.019481
9 0.560804 0.029685 0.018267 0.020408
