5 0.141071 0.018571 0.013571 0.010476
5 0.139643 0.032381 0.013571 0.009524
5 0.137857 0.040952 0.011429 0.007619
5 0.137143 0.049048 0.015714 0.006667
10 0.177857 0.049048 0.020000 0.044762
3 0.236071 0.054286 0.017857 0.040000
3 0.275714 0.058095 0.017143 0.041905
10 0.337500 0.034762 0.022143 0.069524
3 0.335714 0.097619 0.015714 0.042857
11 0.313929 0.093333 0.013571 0.045714
3 0.292500 0.096667 0.016429 0.044762
3 0.214286 0.094762 0.015714 0.039048
3 0.192857 0.093333 0.015714 0.034286
3 0.300000 0.173333 0.034286 0.022857
3 0.299643 0.196190 0.037857 0.022857
3 0.297857 0.220000 0.038571 0.024762
3 0.300000 0.248571 0.035714 0.022857
3 0.295000 0.272857 0.040000 0.021905
3 0.296786 0.302381 0.037857 0.023810
3 0.294286 0.331905 0.042857 0.023810
3 0.438929 0.057143 0.012143 0.040000
3 0.478214 0.054762 0.012143 0.037143
3 0.497143 0.056667 0.014286 0.037143
3 0.497143 0.094286 0.012857 0.038095
3 0.516786 0.095714 0.013571 0.037143
3 0.578214 0.102381 0.015000 0.039048
3 0.576786 0.058571 0.013571 0.044762
3 0.557857 0.054762 0.015714 0.039048
10 0.537143 0.057143 0.015714 0.049524
3 0.517500 0.050000 0.015000 0.042857
3 0.457500 0.098095 0.015000 0.041905
3 0.436786 0.101429 0.015000 0.039048
3 0.469286 0.175714 0.035714 0.023810
3 0.465000 0.199048 0.038571 0.026667
3 0.465000 0.225714 0.037143 0.022857
3 0.461786 0.249524 0.037857 0.026667
3 0.464286 0.272857 0.040000 0.025714
3 0.465357 0.299524 0.037857 0.023810
3 0.046786 0.543333 0.047857 0.023810
0 0.046786 0.390000 0.020714 0.037143
5 0.064286 0.390000 0.011429 0.021905
5 0.076071 0.388571 0.009286 0.030476
5 0.168571 0.416667 0.018571 0.014286
8 0.168571 0.410476 0.007143 0.015238
8 0.295357 0.426190 0.006429 0.008571
5 0.296429 0.427619 0.014286 0.007619
3 0.583214 0.536190 0.040714 0.024762
3 0.671429 0.385238 0.042857 0.027619
8 0.772857 0.509048 0.007143 0.010476
5 0.771429 0.510476 0.017143 0.009524
5 0.774643 0.564762 0.007857 0.022857
0 0.843929 0.566190 0.015000 0.029524
8 0.988214 0.495238 0.006429 0.011429
5 0.986071 0.495714 0.013571 0.010476
