3 0.613214 0.955238 0.095000 0.087619
3 0.605714 0.786190 0.051429 0.109524
3 0.606786 0.664286 0.040714 0.077143
3 0.598929 0.585714 0.033571 0.051429
3 0.601429 0.525714 0.024286 0.041905
3 0.717500 0.625714 0.049286 0.072381
3 0.183214 0.493810 0.052143 0.042857
3 0.322500 0.482381 0.043571 0.042857
3 0.271429 0.459524 0.045714 0.035238
3 0.233929 0.453333 0.033571 0.030476
3 0.437857 0.359524 0.020000 0.020000
3 0.604643 0.490476 0.026429 0.036190
3 0.609286 0.458571 0.030000 0.027619
3 0.914643 0.671905 0.079286 0.079048
3 0.862143 0.598571 0.088571 0.052381
3 0.831429 0.556667 0.091429 0.046667
3 0.800357 0.522381 0.076429 0.042857
3 0.967857 0.479524 0.057143 0.027619
3 0.973929 0.494762 0.049286 0.029524
3 0.962500 0.767143 0.073571 0.071429
3 0.975000 0.841905 0.048571 0.085714
3 0.577857 0.421429 0.021429 0.025714
3 0.609286 0.421429 0.018571 0.025714
3 0.582857 0.399524 0.020000 0.020000
3 0.573214 0.375714 0.012143 0.025714
3 0.606429 0.397143 0.017143 0.020952
3 0.604643 0.380476 0.015000 0.018095
3 0.909643 0.451905 0.063571 0.035238
3 0.706786 0.425714 0.053571 0.030476
3 0.559643 0.291905 0.007857 0.010476
3 0.578929 0.278571 0.006429 0.012381
3 0.566786 0.274762 0.005000 0.008571
3 0.537857 0.234286 0.010000 0.015238
3 0.551071 0.228095 0.009286 0.010476
3 0.689643 0.365238 0.039286 0.031429
3 0.688929 0.379524 0.037857 0.020000
3 0.687143 0.523810 0.035714 0.047619
3 0.684286 0.489524 0.028571 0.032381
3 0.773571 0.385714 0.028571 0.030476
3 0.775357 0.350952 0.027857 0.021905
3 0.755000 0.345714 0.030000 0.013333
3 0.753214 0.335238 0.036429 0.019048
3 0.663929 0.343810 0.032143 0.019048
3 0.684643 0.330000 0.025000 0.012381
4 0.653571 0.314286 0.022857 0.047619
3 0.728929 0.325714 0.029286 0.015238
3 0.710000 0.309048 0.021429 0.012381
7 0.905000 0.542381 0.012857 0.040952
7 0.936429 0.559524 0.017143 0.042857
7 0.357500 0.372857 0.007857 0.018095
7 0.188214 0.451905 0.007857 0.027619
7 0.182500 0.449524 0.009286 0.028571
7 0.871786 0.697143 0.010714 0.051429
7 0.915714 0.470000 0.011429 0.035238
7 0.929643 0.469048 0.005000 0.033333
7 0.862143 0.454286 0.007143 0.030476
7 0.658571 0.571905 0.012857 0.037143
7 0.360714 0.340000 0.007143 0.017143
11 0.780357 0.910000 0.097857 0.170476
11 0.247857 0.417143 0.020000 0.032381
10 0.276071 0.414286 0.049286 0.055238
3 0.417857 0.407143 0.028571 0.027619
2 0.402857 0.357619 0.037143 0.044762
3 0.442500 0.328571 0.016429 0.017143
3 0.216786 0.397619 0.042143 0.021905
3 0.298571 0.372857 0.025714 0.021905
3 0.476786 0.283333 0.007857 0.006667
2 0.485714 0.272857 0.021429 0.023810
7 0.391429 0.319048 0.005714 0.015238
3 0.288214 0.301429 0.022143 0.010476
7 0.423571 0.306667 0.002857 0.011429
3 0.506071 0.277143 0.010714 0.011429
3 0.517857 0.298095 0.011429 0.011429
7 0.549643 0.354762 0.003571 0.010476
7 0.564286 0.354762 0.004286 0.012381
3 0.571786 0.261905 0.006429 0.007619
3 0.581429 0.258095 0.005714 0.007619
4 0.587143 0.210476 0.008571 0.013333
4 0.577143 0.239048 0.004286 0.007619
4 0.587500 0.232857 0.005000 0.006667
7 0.683214 0.640476 0.007857 0.054286
7 0.690714 0.636190 0.004286 0.049524
3 0.903571 0.442381 0.061429 0.035238
7 0.870000 0.458571 0.005714 0.021905
7 0.736429 0.351905 0.005714 0.018095
7 0.800357 0.327619 0.003571 0.015238
7 0.803214 0.327619 0.003571 0.015238
3 0.866071 0.410476 0.046429 0.022857
4 0.804286 0.357143 0.020000 0.019048
4 0.823929 0.376190 0.017857 0.022857
4 0.834286 0.392381 0.014286 0.020952
4 0.855357 0.390476 0.016429 0.015238
11 0.652500 0.416190 0.020714 0.032381
11 0.603214 0.363333 0.015000 0.020000
11 0.586786 0.341429 0.010714 0.018095
3 0.583571 0.353333 0.012857 0.015238
3 0.603571 0.345714 0.011429 0.011429
3 0.600714 0.334286 0.011429 0.013333
