4 0.492857 0.732868 0.025714 0.062183
4 0.534643 0.824239 0.046429 0.168782
7 0.584643 0.901650 0.007857 0.016497
7 0.564643 0.773477 0.003571 0.013959
7 0.564286 0.766497 0.004286 0.012690
7 0.593214 0.745558 0.007857 0.016497
7 0.598929 0.746827 0.006429 0.019036
7 0.597143 0.767132 0.007143 0.016497
7 0.619643 0.710660 0.006429 0.017766
7 0.650714 0.709391 0.008571 0.015228
7 0.668571 0.740482 0.008571 0.021574
7 0.656071 0.787437 0.006429 0.019036
7 0.694643 0.845178 0.007857 0.017766
7 0.683214 0.569162 0.006429 0.013959
7 0.798214 0.443528 0.006429 0.019036
7 0.779643 0.385787 0.007857 0.015228
4 0.812500 0.377538 0.023571 0.046954
3 0.477500 0.659264 0.035000 0.057107
4 0.396429 0.631345 0.030000 0.052030
3 0.432500 0.574873 0.033571 0.055838
3 0.435714 0.459391 0.031429 0.048223
10 0.348929 0.600888 0.077857 0.125635
3 0.336429 0.584391 0.032857 0.057107
3 0.021071 0.881980 0.036429 0.073604
3 0.065714 0.854695 0.041429 0.067259
10 0.077857 0.756980 0.057143 0.102792
10 0.127500 0.656726 0.047857 0.178934
10 0.156786 0.625000 0.045000 0.163706
11 0.185714 0.574239 0.021429 0.074873
3 0.207857 0.574873 0.018571 0.060914
3 0.234643 0.552665 0.023571 0.064721
3 0.040000 0.613579 0.028571 0.052030
3 0.332143 0.479695 0.037143 0.053299
3 0.292500 0.465736 0.017857 0.060914
11 0.324643 0.434010 0.035000 0.053299
11 0.397143 0.405457 0.035714 0.049492
10 0.361429 0.371193 0.024286 0.123096
3 0.380714 0.373096 0.015714 0.048223
3 0.401429 0.343274 0.018571 0.046954
10 0.504286 0.401650 0.071429 0.120558
10 0.423214 0.293147 0.039286 0.137056
10 0.442857 0.267766 0.031429 0.104061
10 0.466429 0.265863 0.034286 0.095178
10 0.488929 0.255711 0.020714 0.057107
10 0.544643 0.227157 0.063571 0.101523
10 0.615714 0.116751 0.037143 0.114213
10 0.581786 0.127538 0.037857 0.085025
3 0.605357 0.310914 0.032143 0.035533
3 0.644286 0.298223 0.034286 0.032995
10 0.716786 0.253807 0.043571 0.086294
10 0.017143 0.770939 0.034286 0.102792
7 0.099286 0.399746 0.008571 0.017766
7 0.113214 0.393401 0.007857 0.022843
7 0.109643 0.376269 0.009286 0.019036
