3 0.392500 0.692893 0.026429 0.086294
3 0.440714 0.371193 0.044286 0.039340
3 0.503929 0.354061 0.043571 0.038071
3 0.416786 0.295685 0.045000 0.040609
3 0.635357 0.308376 0.045000 0.043147
3 0.703214 0.303299 0.037857 0.058376
3 0.771786 0.228426 0.045000 0.032995
3 0.876786 0.248096 0.037857 0.044416
3 0.803214 0.270939 0.045000 0.044416
3 0.773571 0.280457 0.045714 0.053299
11 0.740000 0.288071 0.050000 0.065990
11 0.911071 0.241117 0.047857 0.058376
11 0.932500 0.226523 0.050714 0.057107
3 0.962500 0.209391 0.047857 0.045685
3 0.414286 0.246193 0.020000 0.048223
3 0.415714 0.183376 0.017143 0.044416
3 0.417143 0.134518 0.017143 0.040609
3 0.420000 0.086929 0.014286 0.039340
3 0.386429 0.060279 0.017143 0.039340
3 0.421071 0.053299 0.017857 0.040609
3 0.411786 0.353426 0.040714 0.052030
11 0.403929 0.504442 0.017857 0.062183
3 0.372143 0.889594 0.034286 0.114213
3 0.378571 0.974619 0.031429 0.045685
7 0.651786 0.253807 0.006429 0.032995
7 0.855000 0.176396 0.008571 0.030457
