7 0.241071 0.942857 0.045000 0.112381
3 0.865714 0.880952 0.194286 0.236190
7 0.691786 0.788571 0.035000 0.106667
11 0.789286 0.656667 0.118571 0.197143
7 0.661786 0.469048 0.022143 0.071429
7 0.782500 0.320952 0.019286 0.053333
3 0.243571 0.584762 0.124286 0.194286
3 0.530000 0.440476 0.065714 0.111429
3 0.616429 0.376190 0.061429 0.076190
3 0.570714 0.332857 0.067143 0.079048
3 0.476071 0.302857 0.067857 0.068571
3 0.531429 0.251429 0.054286 0.057143
3 0.635357 0.320000 0.050714 0.066667
3 0.641786 0.276190 0.046429 0.043810
11 0.316071 0.448571 0.090714 0.135238
3 0.224286 0.384762 0.117143 0.078095
3 0.249643 0.290476 0.079286 0.070476
3 0.205357 0.275238 0.073571 0.060952
3 0.569286 0.219048 0.042857 0.053333
3 0.762500 0.369048 0.053571 0.086667
3 0.670714 0.192857 0.037143 0.044762
3 0.601786 0.197619 0.035000 0.039048
3 0.620000 0.181429 0.027143 0.037143
3 0.636786 0.160476 0.029286 0.031429
3 0.650357 0.147143 0.025000 0.033333
11 0.676071 0.117143 0.022143 0.034286
3 0.703929 0.153810 0.026429 0.037143
3 0.735000 0.154762 0.021429 0.033333
3 0.716429 0.133810 0.022857 0.029524
3 0.743571 0.136190 0.021429 0.028571
3 0.726071 0.118095 0.020714 0.026667
3 0.735714 0.110000 0.018571 0.023810
3 0.734643 0.099048 0.019286 0.024762
3 0.734286 0.089048 0.017143 0.020000
3 0.757857 0.093333 0.017143 0.020952
3 0.788214 0.249048 0.037857 0.046667
3 0.798214 0.215714 0.029286 0.044762
3 0.797500 0.177143 0.026429 0.036190
3 0.804286 0.161429 0.018571 0.031429
3 0.802500 0.132381 0.022143 0.028571
3 0.690357 0.092381 0.015000 0.026667
3 0.677857 0.079048 0.028571 0.019048
3 0.729643 0.075714 0.015000 0.018095
3 0.727500 0.066190 0.015000 0.018095
3 0.751071 0.081905 0.016429 0.017143
3 0.747500 0.070476 0.013571 0.019048
4 0.732143 0.041429 0.030000 0.031429
4 0.778214 0.060476 0.025000 0.025714
4 0.688929 0.048095 0.017857 0.029524
3 0.970714 0.286190 0.048571 0.067619
