11 0.080714 0.058376 0.047143 0.096447
11 0.157500 0.250000 0.053571 0.111675
7 0.178214 0.013959 0.009286 0.027919
7 0.191429 0.011421 0.011429 0.022843
7 0.201071 0.034264 0.007857 0.030457
7 0.210714 0.029822 0.007143 0.034264
7 0.219643 0.027284 0.007857 0.034264
7 0.230714 0.092640 0.011429 0.040609
7 0.240714 0.114848 0.008571 0.031726
7 0.279286 0.145305 0.008571 0.036802
7 0.275000 0.152919 0.008571 0.036802
7 0.265714 0.160533 0.010000 0.034264
7 0.262500 0.173858 0.007857 0.038071
7 0.031786 0.751269 0.022143 0.038071
7 0.041071 0.694162 0.019286 0.038071
7 0.047143 0.683376 0.020000 0.041878
7 0.077500 0.736675 0.020714 0.046954
7 0.127143 0.921320 0.022857 0.032995
7 0.126786 0.940355 0.023571 0.027919
7 0.133929 0.970812 0.020714 0.032995
11 0.563571 0.940355 0.102857 0.114213
3 0.892143 0.671954 0.081429 0.120558
2 0.737143 0.707487 0.128571 0.199239
7 0.663214 0.680838 0.012143 0.039340
7 0.655357 0.689721 0.010714 0.036802
7 0.637143 0.708122 0.010000 0.048223
7 0.592857 0.712563 0.008571 0.034264
7 0.600714 0.701777 0.011429 0.030457
7 0.620357 0.670685 0.012143 0.036802
7 0.612143 0.638959 0.010000 0.034264
7 0.602857 0.654188 0.008571 0.041878
7 0.587143 0.677030 0.010000 0.036802
7 0.570714 0.670685 0.008571 0.029188
7 0.511071 0.513325 0.013571 0.039340
7 0.490714 0.642132 0.011429 0.038071
8 0.487857 0.637056 0.005714 0.017766
7 0.458929 0.612310 0.009286 0.036802
7 0.453214 0.657995 0.007857 0.041878
7 0.437500 0.624365 0.007857 0.038071
7 0.450357 0.640863 0.007857 0.038071
7 0.412143 0.458122 0.011429 0.038071
3 0.314286 0.494924 0.062857 0.126904
11 0.257500 0.527919 0.063571 0.139594
7 0.360714 0.297589 0.008571 0.036802
7 0.357500 0.309645 0.007857 0.035533
7 0.363571 0.304569 0.008571 0.032995
7 0.373214 0.356599 0.015000 0.038071
7 0.369286 0.375000 0.008571 0.024112
7 0.378571 0.348985 0.007143 0.025381
