4 0.262500 0.577143 0.056429 0.022857
3 0.916429 0.562381 0.034286 0.035238
11 0.927857 0.694762 0.055714 0.025714
11 0.588929 0.626667 0.032143 0.026667
3 0.745714 0.697619 0.050000 0.023810
3 0.681429 0.701905 0.044286 0.026667
3 0.616786 0.697619 0.045000 0.021905
3 0.180357 0.697143 0.043571 0.026667
3 0.120714 0.695714 0.047143 0.023810
3 0.056786 0.697143 0.046429 0.024762
11 0.296786 0.627143 0.032143 0.035238
3 0.351786 0.632381 0.037857 0.024762
3 0.014286 0.560952 0.028571 0.020952
3 0.011429 0.688571 0.022857 0.022857
10 0.166429 0.585714 0.042857 0.020952
10 0.255357 0.683333 0.089286 0.052381
10 0.500714 0.689524 0.060000 0.043810
10 0.839286 0.680000 0.102857 0.053333
8 0.630357 0.667143 0.006429 0.012381
8 0.583929 0.600000 0.003571 0.013333
8 0.315000 0.678095 0.007143 0.017143
5 0.189286 0.641905 0.008571 0.017143
5 0.250714 0.618571 0.004286 0.016190
5 0.243571 0.616190 0.005714 0.019048
5 0.316071 0.678095 0.017857 0.013333
5 0.218571 0.597619 0.014286 0.012381
5 0.408571 0.580000 0.014286 0.011429
7 0.522500 0.601429 0.005000 0.014286
9 0.435714 0.690952 0.035714 0.023810
9 0.638214 0.668571 0.035000 0.020952
1 0.582143 0.601429 0.012857 0.010476
5 0.636786 0.587619 0.009286 0.013333
4 0.627500 0.587143 0.009286 0.014286
3 0.574286 0.675714 0.041429 0.025714
9 0.721786 0.640000 0.027857 0.019048
9 0.759286 0.647619 0.034286 0.013333
9 0.755357 0.634762 0.033571 0.016190
9 0.742500 0.591905 0.013571 0.033333
9 0.755357 0.591429 0.012143 0.032381
9 0.731429 0.591905 0.012857 0.033333
9 0.713214 0.598571 0.027857 0.016190
2 0.358214 0.687619 0.065000 0.036190
3 0.462857 0.457619 0.011429 0.029524
3 0.486786 0.517143 0.015000 0.030476
3 0.484286 0.547619 0.011429 0.026667
7 0.852500 0.606667 0.007857 0.017143
7 0.720357 0.614286 0.005000 0.011429
5 0.828214 0.594286 0.005000 0.017143
4 0.596071 0.590476 0.015000 0.020952
7 0.282500 0.598571 0.006429 0.012381
1 0.281429 0.598095 0.010000 0.009524
