4 0.531429 0.085238 0.030000 0.058095
3 0.523571 0.124286 0.004286 0.006667
3 0.508929 0.153810 0.003571 0.004762
3 0.513571 0.170476 0.002857 0.003810
10 0.503571 0.167143 0.007143 0.018095
6 0.494643 0.188095 0.009286 0.016190
3 0.496071 0.220952 0.005000 0.005714
10 0.451071 0.347143 0.012143 0.020000
10 0.461786 0.378095 0.012143 0.026667
11 0.468571 0.287143 0.007143 0.012381
3 0.480357 0.267619 0.006429 0.007619
2 0.492143 0.230952 0.010000 0.020000
3 0.399286 0.792381 0.025714 0.053333
3 0.421429 0.483333 0.011429 0.023810
6 0.434286 0.169048 0.024286 0.010476
6 0.474286 0.104762 0.015714 0.007619
10 0.429643 0.138095 0.005000 0.011429
7 0.217500 0.916667 0.009286 0.021905
7 0.225000 0.911905 0.011429 0.020000
