11 0.518929 0.942259 0.039286 0.110406
3 0.577857 0.575508 0.038571 0.072335
11 0.439643 0.555203 0.039286 0.079949
3 0.392500 0.487944 0.043571 0.054569
2 0.446071 0.455584 0.100714 0.162437
3 0.404286 0.343274 0.044286 0.034264
3 0.653571 0.274746 0.034286 0.036802
3 0.706071 0.197970 0.029286 0.038071
3 0.880357 0.049492 0.029286 0.035533
10 0.038571 0.328046 0.060000 0.079949
7 0.057143 0.182107 0.007143 0.019036
7 0.021071 0.082487 0.006429 0.020305
7 0.040714 0.133883 0.008571 0.019036
7 0.057857 0.153553 0.007143 0.017766
7 0.053214 0.159264 0.007857 0.019036
7 0.065714 0.178299 0.005714 0.024112
7 0.067500 0.175127 0.006429 0.017766
7 0.035714 0.118655 0.007143 0.013959
7 0.032857 0.123096 0.004286 0.012690
7 0.341071 0.298858 0.010714 0.019036
7 0.397857 0.298858 0.007143 0.021574
7 0.418571 0.314086 0.007143 0.019036
7 0.427500 0.314721 0.005000 0.025381
7 0.442500 0.309645 0.006429 0.025381
7 0.740357 0.129442 0.007857 0.025381
7 0.622500 0.234772 0.007857 0.025381
3 0.650357 0.395939 0.040714 0.050761
