10 0.038571 0.276667 0.017143 0.008571
10 0.049286 0.270000 0.040000 0.012381
10 0.061071 0.259524 0.039286 0.014286
10 0.075000 0.254762 0.034286 0.014286
3 0.115714 0.124286 0.012857 0.010476
3 0.051429 0.400000 0.012857 0.013333
10 0.043214 0.393810 0.013571 0.021905
10 0.087500 0.448571 0.015000 0.013333
10 0.135357 0.421905 0.020714 0.017143
10 0.045714 0.594286 0.041429 0.019048
10 0.167143 0.590952 0.025714 0.016190
10 0.197857 0.591429 0.025714 0.015238
10 0.265714 0.407619 0.041429 0.024762
10 0.269643 0.360952 0.032143 0.015238
10 0.400357 0.383333 0.017857 0.033333
10 0.435357 0.372381 0.009286 0.024762
10 0.507500 0.130952 0.013571 0.012381
2 0.326071 0.553333 0.042143 0.020952
3 0.306429 0.585714 0.018571 0.011429
3 0.004643 0.679524 0.009286 0.020000
3 0.006786 0.603333 0.013571 0.010476
3 0.012857 0.654286 0.014286 0.024762
3 0.027143 0.649048 0.014286 0.021905
3 0.023929 0.674286 0.020714 0.013333
3 0.068571 0.637619 0.020000 0.014286
3 0.124286 0.659524 0.021429 0.016190
3 0.126786 0.670952 0.022143 0.014286
3 0.179286 0.617143 0.018571 0.011429
3 0.177143 0.643810 0.020000 0.013333
11 0.180357 0.651905 0.019286 0.016190
3 0.185000 0.665238 0.020000 0.014286
11 0.322857 0.510476 0.020000 0.015238
11 0.641786 0.490952 0.019286 0.012381
11 0.741071 0.487143 0.017857 0.012381
11 0.838929 0.483810 0.019286 0.011429
11 0.966071 0.475714 0.023571 0.012381
3 0.077500 0.430476 0.010714 0.013333
3 0.292143 0.320000 0.010000 0.005714
3 0.296429 0.316190 0.010000 0.005714
11 0.298929 0.312381 0.009286 0.005714
3 0.331429 0.289048 0.007143 0.008571
3 0.338929 0.292381 0.007857 0.007619
3 0.343929 0.293810 0.006429 0.008571
3 0.386071 0.292857 0.006429 0.008571
3 0.380714 0.292381 0.005714 0.007619
3 0.374643 0.290952 0.005000 0.008571
