3 0.234250 0.692000 0.078500 0.084000
3 0.291750 0.654667 0.070500 0.065333
11 0.344500 0.611667 0.056000 0.075333
11 0.375250 0.572000 0.061500 0.061333
11 0.399000 0.526333 0.053000 0.054000
3 0.417000 0.501000 0.055000 0.046000
3 0.435250 0.480333 0.050500 0.039333
3 0.449750 0.456667 0.051500 0.037333
3 0.465000 0.434667 0.050000 0.033333
11 0.478250 0.411667 0.043500 0.035333
11 0.488500 0.396333 0.037000 0.028667
11 0.498250 0.385333 0.044500 0.030667
3 0.502000 0.373000 0.042000 0.027333
3 0.519000 0.362000 0.038000 0.024000
3 0.519250 0.348000 0.036500 0.020000
3 0.529000 0.339000 0.033000 0.022000
11 0.535500 0.325667 0.030000 0.019333
3 0.540500 0.310667 0.018000 0.020000
11 0.560000 0.293000 0.024000 0.016667
11 0.587500 0.244667 0.013000 0.014667
11 0.595500 0.234333 0.017000 0.014000
11 0.603500 0.223333 0.009000 0.009333
3 0.620000 0.205667 0.007000 0.007333
8 0.632750 0.181000 0.001500 0.003333
5 0.632750 0.183000 0.001500 0.003333
8 0.635750 0.202333 0.001500 0.006000
9 0.634500 0.203667 0.006000 0.006000
3 0.154500 0.257333 0.019000 0.013333
3 0.144750 0.248333 0.018500 0.012667
3 0.178750 0.250333 0.018500 0.012667
3 0.182750 0.242000 0.018500 0.010667
3 0.209000 0.241667 0.019000 0.011333
11 0.241250 0.231000 0.015500 0.011333
11 0.254250 0.218000 0.016500 0.009333
11 0.620750 0.972333 0.159500 0.054000
10 0.618750 0.852333 0.159500 0.142000
11 0.550500 0.787333 0.111000 0.101333
3 0.580500 0.719333 0.120000 0.064000
11 0.589750 0.655333 0.094500 0.069333
11 0.487500 0.662000 0.067000 0.089333
3 0.571500 0.567667 0.065000 0.052667
3 0.568750 0.524667 0.069500 0.045333
11 0.607750 0.428667 0.024500 0.033333
11 0.608500 0.392333 0.033000 0.030000
3 0.613750 0.371333 0.034500 0.025333
11 0.619000 0.345667 0.031000 0.023333
11 0.629000 0.309667 0.015000 0.018000
3 0.632000 0.296000 0.024000 0.016000
3 0.632000 0.288000 0.025000 0.016000
3 0.633500 0.279333 0.024000 0.014667
3 0.642750 0.261667 0.010500 0.014000
11 0.642000 0.250667 0.018000 0.016000
3 0.651750 0.235000 0.007500 0.010000
