10 0.376429 0.374286 0.058571 0.116190
10 0.407143 0.248095 0.048571 0.046667
7 0.171429 0.728571 0.014286 0.026667
8 0.246786 0.738571 0.012143 0.023810
8 0.251786 0.732857 0.010714 0.023810
8 0.286429 0.756667 0.011429 0.029524
5 0.250000 0.745714 0.015714 0.051429
5 0.289643 0.760000 0.015000 0.047619
7 0.962500 0.586667 0.010714 0.022857
4 0.832857 0.305714 0.027143 0.022857
10 0.856071 0.346667 0.022143 0.040000
10 0.891071 0.460000 0.030714 0.051429
10 0.422857 0.193810 0.035714 0.016190
10 0.393571 0.187619 0.021429 0.019048
10 0.467500 0.146667 0.026429 0.015238
10 0.467500 0.139524 0.023571 0.016190
3 0.326786 0.218095 0.019286 0.017143
3 0.322857 0.200000 0.022857 0.015238
3 0.360357 0.222381 0.026429 0.018095
3 0.348214 0.235238 0.025000 0.015238
3 0.372500 0.206667 0.025000 0.015238
11 0.386071 0.196667 0.019286 0.016190
11 0.260357 0.236190 0.032143 0.019048
11 0.219286 0.281905 0.025714 0.028571
3 0.159286 0.287619 0.032857 0.017143
3 0.033214 0.440000 0.047857 0.030476
3 0.013214 0.469524 0.026429 0.030476
11 0.273929 0.387143 0.047857 0.035238
11 0.200000 0.402381 0.055714 0.037143
4 0.593214 0.266667 0.022143 0.051429
3 0.533214 0.164286 0.009286 0.012381
3 0.412143 0.121429 0.012857 0.008571
3 0.474286 0.109524 0.012857 0.009524
3 0.477857 0.104286 0.012857 0.006667
3 0.451429 0.097619 0.014286 0.008571
3 0.509286 0.078095 0.011429 0.007619
3 0.502143 0.080476 0.011429 0.008571
6 0.493929 0.140476 0.012143 0.014286
10 0.409643 0.185714 0.020714 0.017143
3 0.408929 0.174286 0.009286 0.015238
6 0.372500 0.232857 0.015000 0.023810
3 0.393214 0.219048 0.017857 0.015238
10 0.398214 0.209524 0.016429 0.015238
10 0.383571 0.223333 0.018571 0.016190
11 0.515714 0.169524 0.008571 0.015238
2 0.511071 0.196667 0.025000 0.046667
7 0.501786 0.187143 0.003571 0.014286
10 0.603571 0.010000 0.007143 0.006667
10 0.603929 0.023810 0.003571 0.009524
10 0.632500 0.019524 0.003571 0.008571
4 0.643571 0.037619 0.014286 0.018095
4 0.660000 0.110000 0.004286 0.014286
4 0.637143 0.104762 0.008571 0.015238
7 0.678929 0.120000 0.002143 0.009524
7 0.651786 0.141429 0.002143 0.014286
7 0.688214 0.153333 0.003571 0.011429
7 0.698571 0.139048 0.002857 0.013333
7 0.665714 0.108571 0.002857 0.009524
7 0.675714 0.110000 0.004286 0.010476
7 0.670000 0.109048 0.001429 0.010476
7 0.653214 0.115238 0.002143 0.011429
7 0.623571 0.110952 0.002857 0.012381
10 0.598571 0.756667 0.025714 0.071429
10 0.815357 0.271429 0.065000 0.064762
10 0.123571 0.776667 0.050000 0.069524
6 0.611071 0.535238 0.036429 0.095238
10 0.836429 0.254762 0.021429 0.031429
10 0.939643 0.213333 0.022143 0.019048
3 0.983214 0.206667 0.013571 0.011429
11 0.838571 0.197143 0.018571 0.015238
11 0.846786 0.169524 0.017857 0.011429
6 0.607500 0.187143 0.017857 0.044762
5 0.133571 0.342381 0.015714 0.014286
4 0.515357 0.157619 0.005000 0.006667
7 0.461071 0.109524 0.000714 0.007619
7 0.568214 0.080952 0.000714 0.005714
7 0.626071 0.713810 0.016429 0.027619
7 0.604643 0.692381 0.006429 0.026667
4 0.481429 0.072857 0.015714 0.010476
