7 0.115084 0.160946 0.025574 0.065863
7 0.202766 0.150742 0.025574 0.067718
8 0.227296 0.163729 0.018267 0.043599
8 0.253914 0.164657 0.022443 0.041744
8 0.312891 0.136827 0.017223 0.032468
8 0.343685 0.117347 0.022443 0.043599
3 0.078549 0.343228 0.147704 0.109462
7 0.017745 0.622913 0.030271 0.051020
7 0.044363 0.637291 0.028184 0.035250
7 0.055585 0.598330 0.020355 0.044527
8 0.054802 0.602041 0.020877 0.035250
8 0.076200 0.623840 0.032359 0.056586
8 0.091858 0.618275 0.026096 0.054731
8 0.131524 0.634508 0.032359 0.053803
8 0.147443 0.570965 0.033925 0.069573
7 0.158925 0.503247 0.029749 0.071429
7 0.194676 0.584416 0.034447 0.074212
7 0.205376 0.540816 0.026618 0.068646
7 0.212422 0.495826 0.029228 0.073284
5 0.250000 0.561688 0.035491 0.101113
7 0.286534 0.534323 0.026096 0.068646
8 0.300365 0.605751 0.023486 0.057514
8 0.324896 0.502319 0.020355 0.051020
7 0.314718 0.464750 0.026096 0.063080
7 0.354906 0.556586 0.027140 0.064935
7 0.383090 0.590909 0.021921 0.063080
7 0.391701 0.496753 0.016180 0.073284
8 0.406576 0.553340 0.021921 0.043599
8 0.420929 0.541280 0.021399 0.052876
8 0.426931 0.491651 0.026096 0.061224
8 0.400052 0.440167 0.024530 0.049165
8 0.453810 0.525510 0.023486 0.064007
7 0.451983 0.416048 0.017745 0.064007
7 0.432411 0.364564 0.027662 0.066790
7 0.483038 0.490260 0.018267 0.071429
8 0.479384 0.471707 0.009916 0.034323
8 0.492954 0.538497 0.026618 0.064007
9 0.449113 0.435993 0.070459 0.046382
9 0.443372 0.476345 0.067328 0.051020
9 0.463727 0.551484 0.030793 0.106679
5 0.492693 0.531076 0.024008 0.097403
5 0.527923 0.602041 0.018267 0.124304
8 0.528184 0.602968 0.030271 0.059369
7 0.495825 0.604360 0.020877 0.065863
6 0.439979 0.610390 0.046973 0.115028
5 0.490605 0.661410 0.050104 0.079777
5 0.510699 0.709184 0.053758 0.045455
5 0.454593 0.730983 0.059499 0.068646
7 0.257568 0.757885 0.032881 0.079777
7 0.241127 0.942486 0.034447 0.061224
8 0.520355 0.767625 0.026096 0.069573
5 0.521660 0.771336 0.053758 0.052876
5 0.491388 0.816790 0.061065 0.065863
5 0.466336 0.850186 0.056889 0.056586
8 0.533403 0.864564 0.026096 0.064935
5 0.546973 0.858998 0.033403 0.116883
8 0.602557 0.792672 0.030793 0.060297
9 0.596555 0.776438 0.045929 0.194805
8 0.504697 0.943878 0.029228 0.076994
5 0.503392 0.942486 0.056889 0.066790
5 0.445198 0.910019 0.067850 0.057514
5 0.445198 0.967532 0.065762 0.053803
5 0.971816 0.954545 0.033403 0.081633
0 0.831420 0.898887 0.147182 0.172542
7 0.799843 0.955009 0.036013 0.071429
8 0.756785 0.832560 0.020877 0.069573
5 0.754958 0.834879 0.053758 0.063080
5 0.745825 0.782004 0.060543 0.061224
9 0.817589 0.759276 0.111169 0.089981
8 0.747912 0.716605 0.019833 0.045455
5 0.748956 0.734230 0.055324 0.060297
8 0.728601 0.695269 0.027140 0.043599
9 0.758090 0.657699 0.075678 0.076067
0 0.747129 0.551020 0.096555 0.139147
8 0.859081 0.395176 0.034447 0.042672
9 0.871086 0.357143 0.048017 0.076067
5 0.854123 0.299629 0.024530 0.074212
8 0.858038 0.293599 0.025052 0.078850
5 0.818372 0.320037 0.046973 0.059369
8 0.788622 0.278293 0.031315 0.076067
5 0.788883 0.290353 0.027662 0.061224
7 0.882046 0.264378 0.027140 0.068646
7 0.868737 0.228200 0.028706 0.064935
8 0.836639 0.231911 0.024008 0.068646
5 0.828027 0.238868 0.037056 0.049165
7 0.836639 0.192950 0.021921 0.059369
8 0.901096 0.290353 0.029749 0.081633
5 0.901618 0.297774 0.025574 0.077922
7 0.951722 0.274583 0.029749 0.061224
5 0.930063 0.261132 0.039666 0.086271
7 0.936326 0.217532 0.033403 0.056586
7 0.937370 0.200835 0.032359 0.054731
8 0.843424 0.121985 0.024008 0.069573
5 0.837683 0.123840 0.046973 0.060297
0 0.963987 0.256494 0.069937 0.115955
0 0.964248 0.172078 0.069415 0.078850
7 0.894572 0.035714 0.017745 0.051020
7 0.909969 0.029685 0.021399 0.051948
3 0.625261 0.219388 0.059499 0.171614
7 0.510177 0.142393 0.016180 0.076994
8 0.478601 0.126160 0.015658 0.053803
8 0.509656 0.066790 0.024530 0.064935
8 0.496086 0.034323 0.018267 0.055659
5 0.518789 0.026902 0.022965 0.053803
5 0.494520 0.041744 0.017223 0.057514
5 0.513048 0.070501 0.016701 0.066790
5 0.454332 0.037570 0.047495 0.056586
5 0.403445 0.030612 0.041754 0.046382
8 0.423539 0.057978 0.017223 0.051020
5 0.430324 0.062616 0.032881 0.039889
9 0.392745 0.082096 0.048539 0.056586
5 0.404228 0.132653 0.021399 0.076067
5 0.444415 0.083488 0.033925 0.042672
5 0.441806 0.102505 0.045407 0.045455
8 0.437891 0.125232 0.021921 0.050093
5 0.438935 0.134972 0.043841 0.051020
8 0.374739 0.132189 0.017745 0.052876
5 0.375783 0.139610 0.015658 0.047310
9 0.607255 0.458720 0.036013 0.115955
8 0.612213 0.456865 0.024008 0.069573
