3 0.457857 0.558571 0.024286 0.056190
3 0.649286 0.685714 0.051429 0.068571
3 0.789286 0.635714 0.065714 0.033333
3 0.587857 0.250000 0.012857 0.029524
3 0.498214 0.288571 0.020714 0.034286
3 0.498571 0.548095 0.020000 0.063810
3 0.322500 0.752381 0.035000 0.072381
3 0.312857 0.687619 0.050000 0.036190
1 0.265357 0.836190 0.023571 0.015238
5 0.247143 0.894286 0.022857 0.017143
5 0.225357 0.962857 0.020714 0.013333
3 0.378929 0.514286 0.026429 0.055238
3 0.395714 0.445238 0.022857 0.048571
3 0.418929 0.344286 0.023571 0.040952
11 0.567500 0.387619 0.016429 0.040000
3 0.534286 0.226190 0.012857 0.029524
3 0.584286 0.111905 0.011429 0.020000
3 0.531786 0.104286 0.013571 0.023810
3 0.528929 0.067143 0.010714 0.020000
3 0.453214 0.193810 0.017857 0.029524
11 0.466429 0.131905 0.012857 0.027619
3 0.491429 0.060476 0.015714 0.018095
11 0.553214 0.034286 0.009286 0.017143
7 0.410714 0.113810 0.002857 0.012381
5 0.501071 0.020476 0.002143 0.008571
5 0.505000 0.031429 0.002857 0.009524
5 0.500000 0.042857 0.002857 0.011429
5 0.504643 0.043810 0.002143 0.011429
5 0.480357 0.152381 0.005000 0.009524
5 0.476786 0.143333 0.003571 0.012381
11 0.539286 0.167619 0.014286 0.030476
5 0.446071 0.004286 0.003571 0.006667
8 0.501071 0.019048 0.002143 0.003810
8 0.505714 0.029524 0.002857 0.003810
8 0.500000 0.040000 0.001429 0.005714
8 0.504643 0.041905 0.002143 0.001905
8 0.476071 0.140476 0.002143 0.006667
8 0.481786 0.150952 0.002143 0.006667
8 0.446429 0.001905 0.002857 0.003810
8 0.665714 0.945238 0.005714 0.023810
8 0.656786 0.462381 0.006429 0.014286
8 0.668929 0.467619 0.006429 0.013333
8 0.673929 0.486190 0.003571 0.012381
8 0.618214 0.011429 0.002143 0.005714
8 0.625000 0.100952 0.002857 0.009524
8 0.621786 0.159048 0.003571 0.009524
5 0.618214 0.015714 0.003571 0.014286
1 0.624643 0.105714 0.005000 0.017143
5 0.621786 0.161429 0.003571 0.014286
5 0.657500 0.471905 0.012143 0.016190
5 0.667500 0.477619 0.016429 0.016190
5 0.670714 0.495238 0.017143 0.017143
5 0.666429 0.957143 0.011429 0.041905
7 0.748929 0.378095 0.003571 0.015238
7 0.742143 0.375238 0.004286 0.017143
3 0.652143 0.312857 0.014286 0.031429
3 0.642143 0.193810 0.015714 0.025714
3 0.637857 0.124762 0.014286 0.019048
3 0.632500 0.064762 0.012143 0.017143
7 0.625714 0.011429 0.002857 0.009524
