3 0.088987 0.355288 0.027662 0.022263
3 0.097860 0.383117 0.032881 0.022263
3 0.097077 0.378015 0.028184 0.021336
3 0.108559 0.388219 0.031315 0.021336
11 0.113257 0.392857 0.021921 0.019481
3 0.126044 0.397032 0.027662 0.022263
3 0.144050 0.400742 0.026096 0.020408
3 0.155271 0.404453 0.019311 0.020408
3 0.171973 0.404453 0.029749 0.022263
3 0.198852 0.401206 0.026096 0.015770
3 0.082724 0.351113 0.022443 0.019481
3 0.087422 0.340445 0.026618 0.018553
3 0.093685 0.334416 0.019311 0.015770
11 0.015658 0.362709 0.024008 0.020408
3 0.028445 0.358071 0.022443 0.016698
3 0.028184 0.343228 0.028184 0.016698
3 0.036795 0.335343 0.020355 0.015770
3 0.047495 0.323284 0.027140 0.015770
3 0.069415 0.294527 0.024008 0.015770
3 0.079332 0.278757 0.019833 0.017625
3 0.026357 0.439239 0.020355 0.038033
3 0.463987 0.414193 0.013570 0.026902
3 0.480428 0.410482 0.014092 0.025046
3 0.495042 0.409091 0.014092 0.020408
3 0.511743 0.404453 0.015136 0.024119
3 0.576461 0.396104 0.018267 0.024119
3 0.590292 0.394712 0.017745 0.023191
3 0.644833 0.383581 0.018267 0.023191
3 0.357255 0.209647 0.010960 0.007421
3 0.356472 0.205473 0.009395 0.010204
3 0.358559 0.216141 0.011482 0.009276
3 0.355950 0.190167 0.006263 0.011132
3 0.352557 0.184601 0.005741 0.011132
3 0.348121 0.178571 0.006263 0.008349
3 0.701461 0.376160 0.019833 0.019481
11 0.727035 0.370594 0.016701 0.023191
9 0.698852 0.349258 0.015658 0.017625
3 0.757046 0.362709 0.017223 0.020408
3 0.773225 0.360853 0.019311 0.022263
3 0.795668 0.359926 0.021399 0.022263
3 0.806889 0.352968 0.017745 0.017625
3 0.820720 0.351577 0.018267 0.018553
