3 0.283214 0.708095 0.149286 0.141905
11 0.101429 0.806190 0.158571 0.153333
7 0.127857 0.851429 0.035714 0.053333
2 0.552500 0.722857 0.385000 0.342857
7 0.480000 0.662381 0.020000 0.046667
7 0.642857 0.446190 0.018571 0.042857
5 0.506071 0.512857 0.015000 0.050476
5 0.565714 0.496190 0.045714 0.049524
1 0.517500 0.382381 0.022143 0.044762
3 0.394286 0.431429 0.064286 0.108571
5 0.671786 0.282381 0.027857 0.039048
8 0.741071 0.431905 0.015000 0.029524
8 0.724286 0.420476 0.015714 0.029524
8 0.744286 0.409524 0.015714 0.030476
8 0.717143 0.402381 0.017143 0.018095
3 0.857857 0.397143 0.095714 0.078095
11 0.933571 0.345714 0.090000 0.081905
