3 0.094990 0.142393 0.038622 0.025046
3 0.099426 0.121985 0.030793 0.015770
3 0.095251 0.099722 0.030793 0.019481
3 0.093946 0.084879 0.030271 0.017625
10 0.092641 0.064935 0.037056 0.018553
5 0.106733 0.037106 0.013048 0.012987
5 0.090031 0.043599 0.013048 0.011132
3 0.092902 0.029685 0.028184 0.012987
3 0.093163 0.016698 0.025574 0.014842
3 0.088466 0.214286 0.028706 0.038961
7 0.139614 0.203618 0.004697 0.021336
7 0.092641 0.326994 0.046451 0.034323
7 0.094468 0.300557 0.049061 0.025974
7 0.094468 0.279221 0.042797 0.022263
7 0.094990 0.263915 0.042797 0.026902
3 0.089770 0.483302 0.052192 0.042672
3 0.532881 0.360390 0.038622 0.038033
3 0.504958 0.406308 0.042276 0.042672
1 0.597338 0.339054 0.018267 0.013915
1 0.574896 0.307978 0.004697 0.009276
1 0.580637 0.320965 0.006785 0.012987
1 0.567067 0.294991 0.003653 0.009276
5 0.560804 0.283859 0.005741 0.012987
5 0.547234 0.257885 0.004697 0.014842
5 0.541493 0.245826 0.005741 0.009276
5 0.533664 0.230983 0.004697 0.011132
3 0.750261 0.449907 0.041232 0.055659
0 0.883351 0.305659 0.024530 0.032468
7 0.828027 0.279685 0.002610 0.015770
1 0.823852 0.276438 0.002610 0.014842
1 0.821242 0.265770 0.004697 0.017625
1 0.818894 0.256957 0.004175 0.016698
4 0.987474 0.394249 0.020877 0.048237
3 0.423278 0.498609 0.053236 0.051020
