3 0.032143 0.051429 0.025714 0.032381
3 0.074643 0.038571 0.039286 0.035238
7 0.101786 0.040952 0.010714 0.028571
7 0.112500 0.041905 0.010714 0.022857
7 0.106429 0.073333 0.010000 0.028571
7 0.115357 0.072857 0.010714 0.031429
7 0.139643 0.104286 0.006429 0.031429
5 0.092857 0.016667 0.020000 0.014286
5 0.107500 0.025238 0.019286 0.016190
3 0.164643 0.140000 0.050714 0.045714
3 0.086786 0.207619 0.045000 0.043810
3 0.123571 0.242857 0.044286 0.041905
3 0.177143 0.292857 0.065714 0.058095
3 0.238214 0.334762 0.079286 0.071429
3 0.192143 0.072381 0.037143 0.032381
3 0.259286 0.099524 0.048571 0.027619
3 0.275000 0.104762 0.041429 0.022857
3 0.291786 0.120000 0.055000 0.034286
3 0.332500 0.137143 0.043571 0.041905
11 0.401071 0.157619 0.055000 0.052381
8 0.405357 0.128095 0.007857 0.020000
3 0.296786 0.226190 0.062143 0.050476
3 0.363929 0.267619 0.067857 0.051429
3 0.433571 0.310000 0.072857 0.065714
1 0.463214 0.291429 0.022143 0.026667
7 0.430714 0.368571 0.011429 0.032381
3 0.476786 0.162857 0.053571 0.043810
3 0.523214 0.173333 0.056429 0.041905
3 0.545714 0.148571 0.044286 0.034286
3 0.594643 0.119524 0.053571 0.029524
5 0.555000 0.123810 0.012857 0.019048
3 0.598214 0.185714 0.055000 0.041905
3 0.621786 0.171905 0.050714 0.039048
3 0.510000 0.230476 0.060000 0.041905
3 0.481786 0.247619 0.060714 0.047619
3 0.574643 0.198571 0.063571 0.046667
7 0.559643 0.164286 0.006429 0.025714
7 0.574286 0.155714 0.007143 0.023810
7 0.563929 0.157143 0.006429 0.020952
7 0.617857 0.084762 0.004286 0.013333
7 0.626071 0.083333 0.007857 0.020000
3 0.732857 0.114286 0.054286 0.045714
3 0.767500 0.053810 0.043571 0.039048
3 0.803929 0.085714 0.037857 0.041905
3 0.825000 0.050952 0.041429 0.040952
3 0.538571 0.373333 0.091429 0.074286
3 0.630357 0.434762 0.099286 0.080952
7 0.767143 0.414286 0.018571 0.036190
7 0.693571 0.432381 0.017143 0.047619
7 0.607857 0.602857 0.018571 0.062857
11 0.780000 0.507143 0.112857 0.098095
11 0.915357 0.548571 0.127857 0.099048
7 0.986071 0.576190 0.025000 0.055238
10 0.704286 0.868095 0.242857 0.260000
3 0.716786 0.786190 0.173571 0.214286
9 0.480357 0.575714 0.023571 0.056190
