3 0.211786 0.676667 0.063571 0.037143
3 0.075000 0.581429 0.052857 0.029524
3 0.523571 0.535238 0.034286 0.024762
3 0.340357 0.532857 0.020714 0.027619
3 0.238214 0.538571 0.023571 0.021905
3 0.275357 0.520476 0.020714 0.023810
3 0.319643 0.467619 0.015000 0.015238
3 0.884286 0.873810 0.111429 0.086667
3 0.750000 0.556190 0.048571 0.028571
3 0.890714 0.944762 0.134286 0.091429
3 0.892143 0.548095 0.038571 0.020000
3 0.861071 0.521905 0.039286 0.024762
3 0.945714 0.546190 0.040000 0.023810
3 0.928214 0.517143 0.046429 0.020952
3 0.497857 0.500476 0.012857 0.016190
3 0.722857 0.943333 0.075714 0.111429
3 0.975714 0.711905 0.045714 0.050476
10 0.653929 0.572381 0.100714 0.055238
10 0.456071 0.557143 0.079286 0.060952
4 0.425714 0.350000 0.024286 0.023810
10 0.434286 0.370000 0.007143 0.010476
3 0.421071 0.385238 0.005000 0.004762
3 0.411786 0.406190 0.007857 0.010476
4 0.393214 0.379048 0.015000 0.019048
4 0.377857 0.395714 0.010000 0.016190
4 0.443571 0.406190 0.004286 0.048571
3 0.438929 0.438095 0.009286 0.009524
3 0.376429 0.409524 0.007143 0.007619
3 0.368929 0.411429 0.006429 0.007619
3 0.366071 0.415238 0.006429 0.007619
3 0.363929 0.417143 0.006429 0.009524
3 0.358929 0.421429 0.006429 0.006667
3 0.357143 0.424286 0.007143 0.008571
3 0.350357 0.431905 0.007857 0.010476
3 0.343571 0.441905 0.010000 0.011429
10 0.334643 0.449048 0.013571 0.023810
3 0.400000 0.460952 0.011429 0.015238
3 0.442857 0.456667 0.011429 0.010476
11 0.443214 0.465714 0.009286 0.015238
3 0.445357 0.476190 0.009286 0.011429
3 0.442500 0.485714 0.010714 0.013333
3 0.443571 0.495714 0.011429 0.016190
3 0.443214 0.510952 0.013571 0.016190
3 0.494286 0.488571 0.012857 0.015238
3 0.490000 0.480476 0.010000 0.014286
10 0.521429 0.494762 0.027143 0.037143
7 0.428929 0.512857 0.005000 0.020000
7 0.411429 0.513810 0.005714 0.018095
8 0.420000 0.515714 0.005714 0.012381
8 0.397500 0.517619 0.006429 0.012381
5 0.397857 0.522381 0.005714 0.016190
5 0.420357 0.520000 0.007857 0.017143
3 0.187143 0.516667 0.035714 0.020000
3 0.232857 0.494762 0.021429 0.016190
3 0.295714 0.497619 0.015714 0.018095
2 0.308571 0.515714 0.041429 0.056190
3 0.260000 0.505238 0.017143 0.020000
3 0.269286 0.493810 0.017143 0.016190
3 0.278571 0.480952 0.014286 0.015238
3 0.288929 0.474762 0.013571 0.014286
3 0.298571 0.464286 0.014286 0.014286
3 0.307143 0.457143 0.011429 0.015238
3 0.313214 0.451429 0.010714 0.015238
3 0.349286 0.417619 0.015714 0.012381
3 0.333929 0.428095 0.010714 0.012381
3 0.251429 0.478095 0.015714 0.017143
7 0.255357 0.490952 0.005000 0.014286
7 0.250000 0.492381 0.004286 0.013333
