3 0.381071 0.526667 0.035000 0.102857
3 0.592500 0.545238 0.037857 0.115238
3 0.810714 0.730476 0.054286 0.120000
3 0.561429 0.116190 0.030000 0.066667
3 0.411429 0.096667 0.024286 0.067619
3 0.166071 0.037143 0.063571 0.038095
3 0.139286 0.218571 0.070000 0.044762
3 0.072143 0.466190 0.094286 0.048571
2 0.735357 0.645714 0.106429 0.320000
3 0.902143 0.336190 0.071429 0.040000
3 0.827500 0.031429 0.062143 0.032381
3 0.833929 0.054286 0.052143 0.038095
3 0.835714 0.079524 0.062857 0.040952
3 0.839286 0.106667 0.065714 0.040000
3 0.843571 0.125714 0.062857 0.053333
3 0.849643 0.162381 0.065000 0.039048
3 0.860714 0.193810 0.067143 0.044762
3 0.866429 0.225714 0.067143 0.043810
3 0.880357 0.262381 0.073571 0.044762
3 0.895000 0.295714 0.071429 0.046667
11 0.951071 0.504286 0.089286 0.056190
3 0.932857 0.458571 0.085714 0.048571
3 0.983929 0.560000 0.030714 0.047619
3 0.922143 0.409048 0.081429 0.040952
3 0.552857 0.019048 0.027143 0.038095
3 0.251429 0.033333 0.041429 0.055238
3 0.260714 0.081429 0.028571 0.054286
3 0.211071 0.341905 0.039286 0.091429
3 0.137500 0.345238 0.043571 0.088571
3 0.084286 0.417143 0.085714 0.043810
3 0.051071 0.513333 0.085000 0.059048
3 0.147143 0.187143 0.074286 0.033333
3 0.149643 0.158571 0.069286 0.037143
3 0.802143 0.294762 0.042857 0.071429
3 0.960714 0.925714 0.071429 0.146667
5 0.976429 0.285714 0.015714 0.038095
3 0.038571 0.641905 0.077143 0.055238
3 0.027857 0.755714 0.055714 0.052381
11 0.040000 0.568095 0.080000 0.054286
11 0.172857 0.088095 0.068571 0.044762
1 0.063929 0.243810 0.015000 0.015238
4 0.146429 0.122381 0.041429 0.025714
7 0.203214 0.140952 0.012143 0.030476
7 0.197143 0.129048 0.007143 0.018095
3 0.246429 0.172857 0.024286 0.075238
3 0.181786 0.507143 0.045000 0.088571
7 0.125357 0.583810 0.020714 0.024762
7 0.046071 0.711429 0.033571 0.022857
7 0.072857 0.815714 0.024286 0.021905
7 0.053214 0.775238 0.027857 0.024762
3 0.150000 0.663810 0.040000 0.072381
4 0.854643 0.346190 0.015000 0.021905
5 0.992857 0.300952 0.012857 0.034286
3 0.764643 0.164762 0.032143 0.059048
