3 0.298800 0.526902 0.015136 0.059369
3 0.320198 0.523655 0.014092 0.056586
7 0.361952 0.281076 0.003653 0.011132
5 0.378132 0.281076 0.002610 0.012987
7 0.377610 0.269481 0.003653 0.008349
7 0.450939 0.162338 0.002088 0.012987
9 0.352296 0.091373 0.022965 0.019481
10 0.324374 0.121985 0.044363 0.028757
7 0.455898 0.476809 0.003653 0.018553
3 0.313152 0.637291 0.038622 0.033395
3 0.314979 0.705473 0.038100 0.036178
3 0.062891 0.887755 0.033925 0.063080
3 0.119259 0.889147 0.045407 0.073284
10 0.579332 0.515770 0.062630 0.055659
10 0.582203 0.464750 0.062109 0.053803
10 0.579332 0.418367 0.061587 0.044527
10 0.577244 0.367347 0.061587 0.046382
10 0.581942 0.322356 0.058455 0.047310
3 0.739823 0.043599 0.025574 0.022263
3 0.847599 0.033859 0.033403 0.032468
3 0.901618 0.199907 0.025574 0.036178
3 0.939718 0.034787 0.030793 0.021336
10 0.960595 0.241651 0.023486 0.067718
10 0.879697 0.157699 0.044363 0.027829
10 0.788361 0.345083 0.030793 0.035250
10 0.878914 0.343228 0.031315 0.074212
10 0.928497 0.376623 0.019833 0.059369
6 0.903967 0.324212 0.024008 0.076994
6 0.954332 0.323284 0.041232 0.102968
6 0.977035 0.322356 0.030271 0.067718
3 0.894050 0.558905 0.021921 0.064007
