2 0.636071 0.477157 0.152143 0.137056
2 0.800714 0.418147 0.104286 0.087563
2 0.935714 0.364213 0.095714 0.078680
2 0.457857 0.548858 0.122857 0.107868
3 0.601786 0.227792 0.016429 0.044416
3 0.573214 0.091371 0.017857 0.030457
3 0.552500 0.045685 0.026429 0.027919
11 0.600714 0.146574 0.012857 0.049492
11 0.592500 0.114213 0.015000 0.035533
10 0.533214 0.019036 0.017857 0.030457
5 0.362857 0.592005 0.012857 0.062183
5 0.346786 0.595178 0.010714 0.060914
5 0.334643 0.600254 0.016429 0.065990
5 0.308571 0.617386 0.014286 0.057107
5 0.292857 0.615482 0.015714 0.065990
5 0.281786 0.626269 0.013571 0.059645
5 0.267857 0.626269 0.011429 0.059645
5 0.232143 0.647208 0.012857 0.058376
5 0.217143 0.646574 0.012857 0.069797
5 0.191071 0.663071 0.010714 0.044416
5 0.176429 0.668782 0.012857 0.050761
5 0.161786 0.666244 0.016429 0.071066
5 0.131786 0.690355 0.010714 0.053299
5 0.119643 0.688452 0.016429 0.064721
5 0.094643 0.710660 0.012143 0.058376
5 0.256786 0.632614 0.017857 0.057107
5 0.245000 0.642766 0.020000 0.057107
5 0.203929 0.652919 0.013571 0.059645
5 0.145357 0.673858 0.016429 0.071066
11 0.037143 0.727157 0.074286 0.088832
7 0.377857 0.517766 0.014286 0.038071
7 0.413929 0.498096 0.009286 0.036802
7 0.244286 0.576142 0.011429 0.040609
7 0.194643 0.609137 0.010714 0.025381
7 0.135357 0.621827 0.022143 0.048223
7 0.311786 0.882614 0.012143 0.044416
7 0.441429 0.802665 0.008571 0.044416
7 0.443214 0.796320 0.005000 0.021574
7 0.480357 0.806472 0.012143 0.041878
11 0.455714 0.956218 0.032857 0.082487
3 0.604286 0.831853 0.031429 0.105330
3 0.646786 0.813452 0.027857 0.098985
7 0.527857 0.987310 0.008571 0.020305
7 0.614286 0.730964 0.010000 0.043147
7 0.742143 0.941624 0.010000 0.040609
7 0.759286 0.907995 0.011429 0.044416
7 0.746786 0.918782 0.005000 0.027919
7 0.753214 0.918147 0.007857 0.036802
5 0.758214 0.788706 0.016429 0.059645
7 0.902857 0.578046 0.012857 0.041878
7 0.812857 0.361041 0.011429 0.031726
7 0.762857 0.369289 0.007143 0.030457
7 0.634643 0.396574 0.009286 0.024112
7 0.635357 0.397843 0.007857 0.013959
6 0.143929 0.213832 0.062143 0.057107
6 0.034643 0.335025 0.032143 0.086294
3 0.040357 0.298858 0.025000 0.046954
3 0.017857 0.235406 0.024286 0.046954
3 0.070000 0.220178 0.018571 0.041878
3 0.009286 0.348985 0.018571 0.063452
3 0.010714 0.310914 0.021429 0.050761
5 0.101786 0.218909 0.010714 0.026650
5 0.089643 0.222081 0.012143 0.032995
5 0.225000 0.187817 0.007143 0.030457
5 0.232143 0.179569 0.004286 0.029188
5 0.216071 0.190990 0.005000 0.029188
5 0.206786 0.192259 0.010714 0.031726
5 0.196429 0.195431 0.008571 0.030457
5 0.248571 0.018401 0.005714 0.019036
5 0.242143 0.020305 0.005714 0.017766
3 0.283214 0.054569 0.013571 0.027919
3 0.286786 0.036802 0.026429 0.020305
3 0.228571 0.076777 0.034286 0.019036
3 0.227500 0.061548 0.033571 0.013959
11 0.286071 0.028553 0.029286 0.024112
11 0.280714 0.019670 0.028571 0.026650
7 0.385357 0.406091 0.005000 0.020305
7 0.393214 0.348350 0.005000 0.026650
7 0.406786 0.319797 0.005000 0.027919
7 0.406786 0.302030 0.005000 0.022843
7 0.406429 0.149112 0.002857 0.016497
7 0.407857 0.122462 0.004286 0.013959
7 0.366071 0.019036 0.003571 0.015228
7 0.373929 0.049492 0.003571 0.017766
7 0.405357 0.114213 0.003571 0.015228
7 0.601071 0.069162 0.005000 0.019036
