3 0.044286 0.402919 0.025714 0.046954
3 0.410357 0.807741 0.032143 0.026650
3 0.443929 0.799492 0.026429 0.025381
10 0.322857 0.700508 0.064286 0.050761
3 0.322143 0.564721 0.015714 0.058376
3 0.288214 0.576142 0.016429 0.055838
3 0.388929 0.552030 0.016429 0.053299
3 0.405714 0.543147 0.015714 0.050761
3 0.420714 0.535533 0.011429 0.043147
11 0.305357 0.438452 0.016429 0.059645
3 0.402143 0.413706 0.012857 0.045685
3 0.360714 0.485406 0.030000 0.026650
5 0.178929 0.548858 0.016429 0.016497
5 0.287857 0.438452 0.012857 0.013959
5 0.290357 0.460025 0.012143 0.019036
5 0.258929 0.479695 0.016429 0.015228
4 0.407500 0.498096 0.009286 0.008883
3 0.433929 0.400381 0.013571 0.046954
11 0.449286 0.400381 0.015714 0.054569
11 0.463214 0.390228 0.016429 0.054569
3 0.495357 0.383883 0.016429 0.046954
3 0.574643 0.355964 0.017857 0.046954
3 0.605714 0.342640 0.015714 0.045685
3 0.551071 0.208756 0.013571 0.034264
3 0.636786 0.338198 0.016429 0.049492
3 0.652500 0.331853 0.015000 0.041878
11 0.684286 0.318528 0.014286 0.043147
11 0.667500 0.317893 0.016429 0.054569
11 0.715000 0.307741 0.020000 0.052030
11 0.611786 0.471447 0.017857 0.052030
11 0.629286 0.467005 0.015714 0.045685
11 0.645000 0.468909 0.017143 0.054569
11 0.660000 0.461294 0.017143 0.054569
11 0.677857 0.452411 0.017143 0.052030
3 0.693571 0.447970 0.017143 0.045685
3 0.707857 0.441624 0.017143 0.045685
3 0.724286 0.435279 0.018571 0.053299
2 0.621429 0.590736 0.082857 0.062183
3 0.636071 0.907360 0.037857 0.038071
3 0.699643 0.882614 0.035000 0.036802
3 0.933214 0.966371 0.027857 0.062183
3 0.938571 0.865482 0.027143 0.068528
3 0.915714 0.782995 0.024286 0.065990
