3 0.546071 0.759524 0.019286 0.054286
3 0.541429 0.934286 0.027143 0.089524
3 0.510000 0.589524 0.015714 0.047619
3 0.542500 0.472857 0.015000 0.027619
3 0.422857 0.955238 0.034286 0.087619
3 0.431071 0.871429 0.030714 0.076190
3 0.443214 0.792857 0.030714 0.073333
3 0.449643 0.721429 0.023571 0.061905
3 0.456786 0.663810 0.020714 0.051429
3 0.463571 0.613810 0.020000 0.044762
3 0.469643 0.571429 0.017857 0.038095
3 0.473929 0.540952 0.017857 0.036190
3 0.577857 0.517143 0.012857 0.032381
3 0.485714 0.453810 0.012857 0.027619
3 0.574643 0.461905 0.013571 0.024762
3 0.489643 0.417619 0.013571 0.027619
3 0.493214 0.391429 0.012143 0.020952
3 0.495357 0.361905 0.010714 0.019048
3 0.499643 0.341429 0.009286 0.018095
3 0.501071 0.324762 0.009286 0.015238
3 0.505357 0.300952 0.009286 0.017143
3 0.505714 0.290476 0.007143 0.011429
3 0.506071 0.279048 0.007857 0.011429
3 0.508214 0.268095 0.007857 0.012381
3 0.509286 0.257143 0.005714 0.007619
3 0.510714 0.245238 0.007143 0.010476
3 0.511786 0.234762 0.006429 0.008571
3 0.515357 0.214762 0.006429 0.008571
7 0.387857 0.516667 0.002857 0.014286
7 0.471429 0.880476 0.010000 0.037143
7 0.479286 0.683333 0.008571 0.033333
7 0.462143 0.505714 0.002857 0.015238
7 0.445714 0.461429 0.004286 0.014286
3 0.482857 0.474762 0.014286 0.031429
7 0.450357 0.392381 0.003571 0.013333
7 0.441429 0.390000 0.002857 0.012381
7 0.434286 0.387143 0.002857 0.010476
7 0.454643 0.301429 0.002143 0.008571
7 0.478214 0.261905 0.002143 0.007619
3 0.481786 0.300476 0.010714 0.020000
7 0.488929 0.240952 0.000714 0.009524
10 0.486786 0.194286 0.003571 0.007619
7 0.492143 0.127143 0.001429 0.004762
3 0.541786 0.041429 0.005000 0.006667
4 0.545000 0.016667 0.014286 0.031429
4 0.527857 0.016190 0.012857 0.028571
4 0.524286 0.056190 0.022857 0.051429
4 0.553571 0.065714 0.004286 0.057143
3 0.548214 0.082857 0.002143 0.003810
3 0.540357 0.076667 0.003571 0.002857
3 0.540000 0.081429 0.004286 0.002857
3 0.540000 0.085714 0.004286 0.001905
3 0.539643 0.089524 0.003571 0.003810
3 0.545714 0.089048 0.002857 0.002857
3 0.546071 0.094286 0.003571 0.003810
3 0.534286 0.100476 0.004286 0.004762
3 0.549643 0.125714 0.003571 0.003810
3 0.544286 0.129048 0.004286 0.004762
3 0.547500 0.120000 0.003571 0.003810
3 0.546786 0.114762 0.003571 0.004762
3 0.547143 0.111429 0.004286 0.003810
3 0.547143 0.107143 0.004286 0.002857
3 0.546429 0.101429 0.002857 0.002857
3 0.517500 0.131905 0.009286 0.006667
3 0.531786 0.134762 0.007857 0.004762
7 0.545357 0.145714 0.002143 0.003810
3 0.530000 0.116190 0.004286 0.005714
3 0.533929 0.106667 0.003571 0.003810
3 0.503929 0.142857 0.007857 0.003810
3 0.503929 0.147143 0.007857 0.004762
3 0.503214 0.151905 0.006429 0.004762
3 0.503214 0.156190 0.006429 0.003810
3 0.507143 0.160000 0.005714 0.003810
3 0.507500 0.166667 0.007857 0.005714
3 0.519286 0.151905 0.004286 0.002857
3 0.519286 0.157619 0.004286 0.002857
3 0.519643 0.160952 0.005000 0.003810
3 0.520357 0.166190 0.006429 0.004762
3 0.519286 0.173810 0.004286 0.006667
3 0.518929 0.181429 0.005000 0.006667
3 0.518571 0.187143 0.005714 0.004762
3 0.517857 0.192381 0.005714 0.005714
3 0.517143 0.198095 0.004286 0.005714
3 0.516786 0.205238 0.005000 0.008571
3 0.497500 0.201429 0.006429 0.008571
7 0.491786 0.173333 0.000714 0.003810
3 0.514643 0.222857 0.007857 0.007619
3 0.535357 0.245238 0.009286 0.012381
3 0.533214 0.274762 0.009286 0.014286
3 0.507500 0.183333 0.006429 0.008571
0 0.472143 0.233333 0.007143 0.007619
3 0.517500 0.478095 0.016429 0.040000
5 0.552500 0.350952 0.003571 0.010476
3 0.546429 0.301905 0.008571 0.013333
5 0.556786 0.284762 0.002143 0.011429
4 0.563571 0.030952 0.014286 0.046667
3 0.566071 0.058571 0.006429 0.002857
3 0.572500 0.065238 0.002143 0.002857
3 0.577500 0.064762 0.002143 0.001905
3 0.582143 0.069048 0.001429 0.002857
3 0.581429 0.055714 0.002857 0.002857
3 0.581786 0.060476 0.003571 0.002857
3 0.565000 0.066667 0.007143 0.001905
4 0.598929 0.091905 0.017857 0.020000
3 0.581071 0.085238 0.003571 0.002857
3 0.580357 0.127619 0.007857 0.003810
3 0.589643 0.131905 0.009286 0.006667
3 0.579643 0.124286 0.007857 0.004762
3 0.590000 0.126190 0.007143 0.002857
3 0.600357 0.133333 0.009286 0.005714
7 0.592500 0.162857 0.002143 0.005714
7 0.587500 0.193810 0.000714 0.006667
7 0.604643 0.196190 0.002143 0.005714
7 0.603571 0.180476 0.001429 0.006667
7 0.599643 0.220952 0.002143 0.005714
7 0.595714 0.235238 0.001429 0.005714
7 0.592500 0.235714 0.002143 0.006667
7 0.600000 0.240476 0.001429 0.004762
7 0.602500 0.281429 0.002143 0.006667
5 0.602500 0.303810 0.003571 0.009524
5 0.603929 0.320952 0.002143 0.007619
7 0.608214 0.276667 0.002143 0.010476
3 0.576071 0.043333 0.006429 0.004762
3 0.576786 0.184286 0.005000 0.008571
3 0.579286 0.201429 0.008571 0.006667
3 0.558571 0.176190 0.007143 0.007619
3 0.558929 0.183810 0.006429 0.007619
3 0.559286 0.192381 0.007143 0.005714
3 0.560357 0.208571 0.006429 0.007619
3 0.560357 0.216190 0.006429 0.005714
3 0.561071 0.222857 0.006429 0.007619
3 0.561071 0.231429 0.006429 0.007619
3 0.561429 0.239524 0.007143 0.008571
3 0.562143 0.248571 0.007143 0.007619
3 0.564286 0.267619 0.008571 0.011429
3 0.564643 0.278571 0.009286 0.010476
3 0.565714 0.303333 0.008571 0.008571
3 0.566071 0.315714 0.009286 0.016190
0 0.604286 0.203333 0.005714 0.004762
5 0.610357 0.236190 0.003571 0.009524
3 0.588929 0.263333 0.006429 0.010476
3 0.588929 0.306190 0.007857 0.010476
3 0.588929 0.290952 0.006429 0.010476
3 0.570357 0.358095 0.012143 0.020952
3 0.584643 0.358095 0.009286 0.019048
10 0.601071 0.350476 0.012143 0.022857
3 0.602857 0.370000 0.020000 0.012381
3 0.606429 0.390476 0.030000 0.017143
3 0.571071 0.414762 0.015000 0.021905
3 0.572857 0.438095 0.015714 0.020952
3 0.578929 0.548571 0.013571 0.028571
3 0.602857 0.568095 0.021429 0.071429
3 0.590714 0.673333 0.027143 0.055238
3 0.591429 0.730476 0.027143 0.083810
3 0.597500 0.817619 0.029286 0.077143
3 0.599643 0.911429 0.030714 0.104762
5 0.655714 0.690476 0.007143 0.020952
3 0.631786 0.356667 0.012143 0.020000
3 0.617500 0.355238 0.013571 0.022857
3 0.619643 0.330952 0.025000 0.014286
3 0.672143 0.375238 0.034286 0.020952
7 0.633929 0.307143 0.000714 0.006667
0 0.674643 0.330952 0.015000 0.012381
7 0.633571 0.317143 0.001429 0.007619
7 0.620000 0.265238 0.001429 0.002857
5 0.618929 0.281429 0.010714 0.010476
5 0.616786 0.239524 0.007857 0.006667
3 0.638214 0.092381 0.005000 0.005714
3 0.632143 0.090952 0.002857 0.006667
3 0.727500 0.115238 0.003571 0.005714
3 0.695357 0.337619 0.009286 0.008571
8 0.557143 0.281429 0.001429 0.004762
8 0.552500 0.349048 0.002143 0.004762
8 0.602500 0.301905 0.003571 0.003810
8 0.604643 0.319048 0.003571 0.003810
8 0.610714 0.234286 0.002857 0.005714
8 0.656429 0.687619 0.005714 0.011429
