7 0.154749 0.129870 0.008873 0.031540
7 0.150313 0.132189 0.010438 0.030612
7 0.135438 0.129406 0.006785 0.025046
7 0.136482 0.127551 0.009916 0.028757
7 0.121347 0.158163 0.009916 0.032468
7 0.103340 0.155380 0.009395 0.028757
7 0.078810 0.153061 0.009395 0.029685
7 0.061848 0.152134 0.008873 0.029685
7 0.066545 0.150278 0.009916 0.031540
7 0.084812 0.150742 0.009916 0.028757
7 0.044885 0.151206 0.010438 0.029685
7 0.049843 0.147032 0.009916 0.028757
7 0.027401 0.150278 0.008873 0.027829
7 0.009395 0.149814 0.010438 0.030612
7 0.015658 0.145176 0.010438 0.030612
7 0.024269 0.122449 0.007829 0.024119
7 0.026357 0.118738 0.010960 0.029685
7 0.032098 0.147495 0.010960 0.027829
7 0.106472 0.154453 0.009395 0.030612
7 0.124217 0.154453 0.009395 0.030612
7 0.109864 0.136364 0.012004 0.037106
7 0.114301 0.124768 0.008351 0.028757
7 0.109603 0.127087 0.009395 0.025974
7 0.092641 0.127087 0.007829 0.031540
7 0.073852 0.125232 0.007829 0.027829
7 0.061326 0.122913 0.008873 0.028757
7 0.065762 0.118738 0.007307 0.029685
7 0.044102 0.122449 0.009916 0.027829
7 0.050104 0.118738 0.008351 0.029685
8 0.080115 0.122449 0.008873 0.024119
7 0.095511 0.122449 0.007307 0.027829
7 0.003392 0.117347 0.006785 0.028757
7 0.003392 0.147032 0.006785 0.025046
0 0.216336 0.896568 0.086117 0.112245
8 0.231994 0.856679 0.026618 0.056586
8 0.341597 0.893785 0.022443 0.065863
8 0.346033 0.879870 0.017745 0.058442
5 0.235647 0.863173 0.053758 0.060297
5 0.341597 0.908627 0.018267 0.095547
0 0.277923 0.733302 0.074635 0.101113
5 0.294363 0.685993 0.035491 0.045455
5 0.298017 0.653525 0.038622 0.039889
8 0.283664 0.641466 0.016180 0.043599
9 0.325157 0.561224 0.061587 0.076067
0 0.339509 0.520872 0.053758 0.071429
0 0.353079 0.493043 0.049582 0.067718
0 0.366127 0.447124 0.045407 0.057514
0 0.374478 0.403525 0.053758 0.063080
0 0.382829 0.384045 0.047495 0.063080
0 0.389875 0.366419 0.039666 0.053803
9 0.396660 0.344156 0.042797 0.057514
9 0.399008 0.329314 0.038100 0.055659
0 0.413883 0.314471 0.048017 0.057514
0 0.430846 0.371985 0.027662 0.072356
7 0.419885 0.339981 0.008873 0.043599
8 0.403184 0.346011 0.013048 0.033395
8 0.373695 0.321892 0.006263 0.020408
7 0.371868 0.325139 0.009916 0.038033
7 0.376566 0.318646 0.008873 0.038033
7 0.381785 0.308442 0.006785 0.039889
7 0.391441 0.280148 0.009395 0.046382
7 0.383090 0.274583 0.008351 0.044527
7 0.394572 0.269017 0.009395 0.042672
0 0.421712 0.281076 0.042797 0.057514
0 0.428758 0.261132 0.034969 0.045455
9 0.432672 0.245362 0.037578 0.047310
9 0.434499 0.237013 0.033925 0.043599
9 0.438674 0.223562 0.038100 0.042672
9 0.439979 0.209184 0.038622 0.041744
0 0.452505 0.196660 0.027140 0.044527
0 0.477818 0.230983 0.023486 0.064935
0 0.451983 0.176252 0.032359 0.040816
0 0.457724 0.163729 0.031315 0.043599
0 0.469468 0.147959 0.026618 0.038033
9 0.465031 0.132653 0.027140 0.035250
9 0.466075 0.122913 0.026096 0.034323
9 0.474426 0.112709 0.018789 0.026902
9 0.473904 0.108071 0.027140 0.036178
9 0.483299 0.101113 0.025052 0.031540
9 0.478079 0.094620 0.025052 0.035250
0 0.484864 0.086735 0.024008 0.032468
9 0.485908 0.080241 0.020877 0.032468
9 0.483299 0.072820 0.026096 0.032468
0 0.486952 0.069109 0.028184 0.034323
0 0.490344 0.064007 0.027662 0.038961
0 0.491388 0.055659 0.024530 0.031540
0 0.492693 0.052876 0.022965 0.031540
0 0.512526 0.058442 0.011482 0.029685
0 0.534186 0.078386 0.012004 0.036178
0 0.492693 0.041280 0.022965 0.025046
9 0.504175 0.038033 0.019833 0.024119
8 0.508612 0.038497 0.005741 0.015770
9 0.497651 0.033859 0.023486 0.025046
9 0.499739 0.021800 0.021399 0.030612
0 0.504958 0.010668 0.019311 0.021336
7 0.520355 0.010204 0.004175 0.016698
9 0.518528 0.024119 0.007829 0.016698
3 0.532620 0.017161 0.016180 0.028757
0 0.543580 0.026438 0.010960 0.034323
0 0.555063 0.034787 0.009916 0.030612
0 0.566545 0.037570 0.010960 0.028757
7 0.567067 0.022263 0.003653 0.014842
7 0.570981 0.026902 0.004175 0.020408
7 0.568894 0.015770 0.003132 0.020408
7 0.567850 0.012987 0.005219 0.022263
7 0.502088 0.086271 0.005219 0.031540
7 0.498956 0.080705 0.004175 0.029685
8 0.519311 0.079314 0.005219 0.025046
5 0.519572 0.084879 0.007829 0.025046
5 0.548017 0.076994 0.006263 0.022263
5 0.558716 0.096475 0.005741 0.022263
5 0.557411 0.076531 0.007307 0.021336
8 0.548017 0.073748 0.005219 0.023191
8 0.556628 0.071892 0.005741 0.023191
8 0.558194 0.091373 0.004697 0.023191
8 0.499217 0.130334 0.006785 0.025046
8 0.545929 0.183673 0.007307 0.035250
8 0.507046 0.202690 0.008873 0.028757
8 0.538883 0.269017 0.009916 0.033395
5 0.498956 0.136827 0.008351 0.023191
5 0.546190 0.188776 0.013048 0.026902
5 0.506785 0.212894 0.008351 0.028757
5 0.539927 0.275510 0.013048 0.035250
7 0.452244 0.135436 0.003653 0.029685
7 0.448591 0.147959 0.005741 0.030612
7 0.443633 0.144249 0.005219 0.028757
7 0.443372 0.139147 0.005741 0.027829
7 0.437891 0.138683 0.006263 0.032468
7 0.434499 0.176716 0.008873 0.034323
7 0.430585 0.174861 0.007307 0.032468
7 0.433455 0.164657 0.006785 0.028757
7 0.430846 0.157699 0.005741 0.025974
4 0.427453 0.140538 0.009395 0.026902
4 0.420407 0.177180 0.009916 0.025974
8 0.404749 0.509276 0.009916 0.037106
8 0.405271 0.504638 0.015136 0.042672
8 0.409969 0.500000 0.012004 0.031540
8 0.436326 0.590445 0.019833 0.051020
8 0.470251 0.471243 0.010438 0.040816
8 0.499478 0.468924 0.014614 0.036178
5 0.406576 0.513915 0.018789 0.057514
5 0.470772 0.479128 0.014614 0.047310
5 0.499217 0.477273 0.015136 0.051020
5 0.438413 0.602041 0.017745 0.055659
8 0.459290 0.771336 0.016701 0.056586
5 0.460595 0.779221 0.017223 0.072356
0 0.564457 0.788033 0.086117 0.110390
5 0.692328 0.960111 0.020355 0.076067
0 0.554280 0.967996 0.085595 0.060297
5 0.972599 0.815399 0.043319 0.092764
5 0.922495 0.754638 0.051670 0.058442
5 0.966336 0.754174 0.032881 0.092764
5 0.915710 0.693414 0.044363 0.047310
5 0.906576 0.636364 0.032359 0.051948
5 0.850209 0.510204 0.033403 0.040816
5 0.835595 0.429499 0.036534 0.042672
1 0.679280 0.614564 0.026618 0.062152
7 0.734081 0.618275 0.013048 0.065863
7 0.717641 0.595083 0.013570 0.062152
7 0.645616 0.615955 0.012526 0.042672
7 0.618215 0.473098 0.013048 0.057514
7 0.652662 0.446660 0.012004 0.056586
7 0.700678 0.448052 0.017223 0.046382
7 0.629697 0.493043 0.009916 0.039889
7 0.645355 0.501391 0.013048 0.060297
7 0.616910 0.551484 0.015658 0.060297
7 0.610908 0.602505 0.020355 0.058442
7 0.658142 0.574212 0.011482 0.066790
7 0.650052 0.557050 0.012004 0.062152
8 0.661013 0.530612 0.007829 0.027829
7 0.664666 0.544063 0.010960 0.052876
7 0.659708 0.523655 0.012526 0.058442
7 0.659969 0.506494 0.012004 0.059369
7 0.667537 0.532004 0.011482 0.058442
7 0.670407 0.520872 0.012004 0.062152
7 0.670407 0.515770 0.013048 0.070501
7 0.684499 0.534323 0.014092 0.059369
7 0.683977 0.500464 0.014092 0.058442
7 0.697286 0.513451 0.014614 0.052876
8 0.692067 0.547774 0.019833 0.052876
8 0.691545 0.554267 0.009395 0.032468
5 0.690762 0.559833 0.020355 0.056586
1 0.680063 0.615028 0.026096 0.063080
8 0.673539 0.343692 0.013048 0.034323
7 0.675365 0.305659 0.011482 0.043599
7 0.650313 0.300557 0.010438 0.042672
9 0.657359 0.289425 0.042276 0.050093
5 0.644833 0.233766 0.022443 0.020408
3 0.557411 0.607607 0.111691 0.107607
0 0.569937 0.520872 0.051148 0.075139
0 0.568111 0.467069 0.051670 0.064007
0 0.569937 0.417904 0.051148 0.062152
5 0.564196 0.396568 0.031315 0.028757
9 0.570459 0.382189 0.036534 0.037106
9 0.568372 0.364100 0.040710 0.036178
0 0.573852 0.337662 0.045407 0.051948
9 0.578027 0.298701 0.048539 0.051948
0 0.572808 0.263451 0.040188 0.046382
0 0.581159 0.228664 0.033925 0.045455
7 0.589509 0.266698 0.006785 0.034323
9 0.582463 0.198052 0.036534 0.043599
0 0.581681 0.178571 0.027662 0.039889
0 0.585856 0.155844 0.030793 0.033395
0 0.587161 0.133581 0.035491 0.025974
0 0.587161 0.129406 0.030271 0.034323
0 0.588987 0.118738 0.029749 0.031540
0 0.588466 0.109926 0.030793 0.028757
0 0.585334 0.104360 0.027662 0.030612
7 0.570720 0.093692 0.005741 0.027829
7 0.579071 0.082096 0.004697 0.026902
0 0.584812 0.075139 0.022443 0.027829
7 0.593163 0.084416 0.005741 0.020408
7 0.587944 0.086735 0.004697 0.017625
8 0.582985 0.089981 0.005219 0.016698
0 0.588466 0.089054 0.022443 0.022263
7 0.575678 0.040353 0.006263 0.026902
4 0.584029 0.033859 0.022965 0.064007
