4 0.114643 0.256190 0.023571 0.015238
4 0.136071 0.245238 0.019286 0.006667
11 0.211071 0.304762 0.006429 0.009524
11 0.178214 0.310000 0.010714 0.010476
11 0.130000 0.281905 0.002857 0.001905
11 0.142500 0.287619 0.003571 0.003810
11 0.164643 0.302381 0.005000 0.008571
11 0.143929 0.295714 0.003571 0.006667
3 0.178929 0.293810 0.002143 0.002857
3 0.171786 0.291429 0.002143 0.001905
3 0.229643 0.329524 0.005000 0.003810
3 0.237857 0.340476 0.004286 0.004762
3 0.264286 0.347143 0.005714 0.004762
3 0.292500 0.363333 0.006429 0.006667
11 0.336429 0.367619 0.007143 0.003810
11 0.243214 0.327143 0.003571 0.004762
11 0.274286 0.376667 0.015714 0.018095
11 0.325714 0.400000 0.010000 0.013333
11 0.038571 0.754286 0.024286 0.040000
3 0.975000 0.657619 0.035714 0.025714
3 0.976786 0.646667 0.035000 0.020952
11 0.981786 0.623810 0.035000 0.026667
11 0.094643 0.268571 0.027857 0.013333
3 0.563571 0.503810 0.020000 0.013333
11 0.411071 0.457619 0.040714 0.039048
11 0.410357 0.436667 0.055000 0.050476
3 0.817143 0.565714 0.011429 0.015238
2 0.846071 0.545238 0.029286 0.042857
11 0.914286 0.450476 0.011429 0.017143
7 0.899643 0.498571 0.002143 0.008571
3 0.800000 0.453333 0.010000 0.011429
11 0.759643 0.399048 0.015000 0.009524
11 0.938571 0.461429 0.021429 0.035238
3 0.929643 0.410952 0.006429 0.006667
3 0.972143 0.364762 0.005714 0.005714
7 0.949286 0.403333 0.002857 0.002857
3 0.985000 0.352381 0.002857 0.005714
3 0.988571 0.342381 0.002857 0.004762
5 0.786429 0.453333 0.004286 0.007619
11 0.943214 0.397143 0.007857 0.007619
11 0.812500 0.370476 0.013571 0.009524
6 0.797857 0.479048 0.020000 0.034286
3 0.997143 0.330952 0.001429 0.004762
7 0.974286 0.434286 0.002857 0.007619
