7 0.713929 0.967619 0.013571 0.043810
7 0.721429 0.827619 0.014286 0.049524
7 0.754643 0.783333 0.017857 0.039048
7 0.775000 0.698571 0.008571 0.033333
7 0.809286 0.570952 0.007143 0.035238
7 0.816071 0.571429 0.007857 0.030476
7 0.869643 0.229048 0.005000 0.008571
7 0.863214 0.241905 0.005000 0.013333
7 0.866786 0.242381 0.005000 0.012381
7 0.883214 0.259048 0.005000 0.011429
7 0.882143 0.267619 0.004286 0.013333
7 0.878214 0.293333 0.005000 0.017143
7 0.861786 0.301905 0.005000 0.013333
7 0.867857 0.308095 0.004286 0.014286
7 0.868214 0.298571 0.005000 0.014286
7 0.879643 0.265238 0.005000 0.014286
3 0.844286 0.190000 0.008571 0.010476
11 0.753929 0.162857 0.009286 0.009524
2 0.702500 0.157143 0.029286 0.017143
3 0.679286 0.156667 0.012857 0.006667
8 0.706429 0.320952 0.004286 0.013333
5 0.706429 0.324762 0.014286 0.009524
7 0.091429 0.201905 0.002857 0.009524
7 0.093571 0.200476 0.004286 0.010476
7 0.110000 0.202857 0.002857 0.009524
7 0.113214 0.203810 0.003571 0.007619
2 0.164643 0.120000 0.017857 0.013333
7 0.103214 0.257619 0.005000 0.016190
7 0.101429 0.265714 0.005714 0.015238
8 0.241071 0.177619 0.003571 0.008571
8 0.257500 0.177143 0.002143 0.005714
5 0.257143 0.180000 0.007143 0.003810
5 0.240357 0.180952 0.007857 0.003810
7 0.163571 0.174286 0.002857 0.007619
3 0.368214 0.160000 0.022143 0.013333
3 0.405357 0.384286 0.035000 0.029524
3 0.420000 0.393333 0.027143 0.022857
3 0.440000 0.399048 0.032857 0.032381
3 0.465357 0.401429 0.026429 0.031429
3 0.486429 0.405714 0.032857 0.038095
3 0.512143 0.414286 0.028571 0.028571
3 0.536071 0.419048 0.030714 0.028571
3 0.573929 0.430000 0.035000 0.033333
3 0.397857 0.470000 0.035714 0.044762
3 0.461071 0.489524 0.045000 0.045714
3 0.501071 0.494762 0.053571 0.037143
