7 0.039286 0.068571 0.017143 0.036190
8 0.343929 0.588095 0.016429 0.029524
8 0.310000 0.489524 0.014286 0.024762
8 0.309643 0.464286 0.017857 0.023810
8 0.345000 0.554762 0.014286 0.027619
8 0.319643 0.580000 0.019286 0.024762
8 0.332857 0.547143 0.015714 0.029524
8 0.308571 0.564762 0.017143 0.028571
8 0.308571 0.547619 0.017143 0.019048
8 0.180714 0.776190 0.025714 0.032381
8 0.198929 0.751905 0.025000 0.033333
8 0.171429 0.739048 0.024286 0.030476
8 0.187500 0.722857 0.023571 0.030476
7 0.038929 0.779048 0.035000 0.051429
8 0.058214 0.760000 0.025000 0.040000
8 0.013929 0.924286 0.027857 0.046667
8 0.011071 0.892857 0.022143 0.040952
7 0.685357 0.468571 0.016429 0.047619
7 0.716786 0.302381 0.015000 0.040952
7 0.620000 0.311429 0.010000 0.041905
7 0.661429 0.338571 0.014286 0.040952
7 0.825714 0.505714 0.018571 0.045714
