7 0.414286 0.058095 0.011429 0.036190
7 0.389286 0.077619 0.007143 0.037143
8 0.398929 0.061905 0.012143 0.034286
5 0.399643 0.071429 0.012143 0.030476
3 0.366071 0.049048 0.035000 0.079048
3 0.371429 0.137143 0.035714 0.089524
3 0.376429 0.238571 0.042857 0.103810
3 0.389286 0.362381 0.047143 0.130476
3 0.385714 0.507619 0.048571 0.129524
11 0.393929 0.670000 0.093571 0.180000
3 0.392143 0.862381 0.052857 0.181905
3 0.558571 0.064286 0.047143 0.080952
3 0.591429 0.194762 0.047143 0.088571
3 0.611429 0.289524 0.047143 0.085714
3 0.627500 0.402381 0.053571 0.109524
3 0.658214 0.571429 0.053571 0.127619
3 0.684643 0.743810 0.059286 0.144762
