3 0.243214 0.835238 0.077857 0.072381
3 0.586786 0.895238 0.053571 0.144762
3 0.493929 0.563333 0.036429 0.092381
5 0.506071 0.693333 0.017857 0.059048
8 0.505714 0.675714 0.011429 0.020000
3 0.597500 0.410952 0.032143 0.090476
3 0.516071 0.480476 0.042143 0.069524
3 0.532500 0.384286 0.039286 0.071429
3 0.550714 0.320000 0.041429 0.070476
3 0.573214 0.254286 0.030714 0.057143
3 0.625000 0.061429 0.021429 0.040952
3 0.615714 0.097143 0.021429 0.047619
3 0.585714 0.193333 0.032857 0.049524
3 0.600714 0.143810 0.028571 0.045714
3 0.693571 0.566190 0.041429 0.094286
3 0.694643 0.680476 0.052143 0.100000
3 0.712143 0.390000 0.035714 0.069524
3 0.631071 0.222381 0.042143 0.044762
3 0.723571 0.184286 0.020000 0.042857
3 0.636429 0.011905 0.015714 0.023810
7 0.744643 0.070952 0.005000 0.021905
5 0.728929 0.129048 0.023571 0.023810
5 0.728571 0.061905 0.018571 0.022857
4 0.767500 0.025238 0.062143 0.046667
4 0.766786 0.087143 0.022143 0.044762
2 0.441071 0.602857 0.079286 0.203810
3 0.672500 0.921429 0.060714 0.140000
7 0.824643 0.874286 0.015000 0.041905
