10 0.076071 0.961905 0.149286 0.074286
7 0.139643 0.824286 0.027857 0.050476
7 0.492500 0.510952 0.013571 0.031429
7 0.529643 0.462857 0.010714 0.028571
7 0.576786 0.536667 0.013571 0.035238
7 0.724286 0.471905 0.007143 0.025714
7 0.800714 0.398095 0.010000 0.024762
8 0.982857 0.274762 0.004286 0.010476
5 0.983571 0.277143 0.012857 0.005714
3 0.732500 0.288095 0.022143 0.016190
3 0.744286 0.291905 0.017143 0.012381
3 0.757857 0.293333 0.022857 0.013333
3 0.733214 0.309048 0.020714 0.018095
3 0.776786 0.294762 0.020714 0.014286
3 0.791429 0.296190 0.022857 0.015238
3 0.808929 0.300476 0.020714 0.014286
3 0.827500 0.303810 0.023571 0.015238
3 0.855714 0.305238 0.027143 0.014286
3 0.683929 0.515238 0.046429 0.040000
11 0.608571 0.549048 0.055714 0.063810
3 0.502500 0.649524 0.075000 0.074286
5 0.502143 0.473810 0.010000 0.023810
7 0.552143 0.393810 0.005714 0.020000
7 0.558571 0.395238 0.005714 0.020952
3 0.546786 0.389048 0.022143 0.025714
3 0.430714 0.472381 0.052857 0.036190
3 0.568929 0.433810 0.032143 0.037143
3 0.648929 0.466190 0.049286 0.037143
3 0.420000 0.727143 0.091429 0.086667
