3 0.324286 0.309048 0.088571 0.060000
3 0.152857 0.649048 0.098571 0.056190
3 0.081429 0.830000 0.102857 0.061905
3 0.581071 0.790476 0.113571 0.070476
3 0.845714 0.924762 0.111429 0.074286
3 0.620714 0.703333 0.094286 0.058095
3 0.541429 0.358095 0.091429 0.051429
3 0.497857 0.440476 0.101429 0.058095
3 0.118571 0.358095 0.090000 0.049524
3 0.317143 0.506190 0.094286 0.050476
3 0.976429 0.420000 0.045714 0.053333
3 0.030000 0.281429 0.060000 0.054286
3 0.018214 0.486190 0.036429 0.048571
11 0.961071 0.825714 0.073571 0.055238
8 0.073214 0.197143 0.010714 0.019048
8 0.395000 0.209524 0.011429 0.032381
8 0.605357 0.267143 0.010714 0.023810
8 0.394643 0.148571 0.013571 0.026667
5 0.393571 0.160000 0.030000 0.026667
5 0.605714 0.269524 0.030000 0.017143
5 0.078929 0.201905 0.032143 0.028571
1 0.393571 0.213333 0.024286 0.019048
7 0.331786 0.099048 0.015000 0.036190
7 0.310357 0.079524 0.016429 0.033333
7 0.465714 0.082381 0.010000 0.033333
7 0.633571 0.112381 0.007143 0.017143
7 0.636429 0.065714 0.014286 0.030476
7 0.671786 0.051429 0.006429 0.019048
6 0.622500 0.072381 0.016429 0.022857
8 0.621429 0.070952 0.008571 0.016190
7 0.637857 0.104286 0.010000 0.029524
7 0.677143 0.036190 0.007143 0.026667
