8 0.331681 0.935993 0.009916 0.029685
5 0.330637 0.945733 0.017223 0.047310
3 0.451200 0.849258 0.045407 0.089981
11 0.329332 0.866419 0.053236 0.096475
11 0.390919 0.737013 0.039666 0.080705
11 0.417015 0.674397 0.034447 0.076067
8 0.496347 0.614100 0.007307 0.020408
5 0.497390 0.623840 0.008351 0.028757
11 0.559499 0.531076 0.024008 0.051020
10 0.589770 0.444805 0.030271 0.058442
7 0.431106 0.483766 0.006263 0.025046
7 0.362735 0.500928 0.006263 0.024119
7 0.441545 0.514378 0.006263 0.026902
3 0.582203 0.350186 0.020355 0.034323
3 0.556628 0.348794 0.020355 0.037106
3 0.586117 0.279685 0.020877 0.030612
7 0.640919 0.174397 0.003132 0.016698
3 0.630741 0.151670 0.015136 0.015770
4 0.651096 0.136364 0.010960 0.016698
3 0.643528 0.107143 0.008351 0.021336
3 0.647965 0.073748 0.007829 0.013915
3 0.651618 0.065863 0.006785 0.012987
9 0.663100 0.043135 0.003653 0.006494
8 0.663361 0.038497 0.002088 0.008349
