4 0.550000 0.359524 0.024286 0.025714
4 0.502857 0.276190 0.022857 0.019048
4 0.508214 0.346667 0.006429 0.009524
4 0.476786 0.348571 0.010714 0.009524
4 0.423214 0.300476 0.022143 0.016190
10 0.419643 0.333333 0.009286 0.013333
10 0.546786 0.409048 0.046429 0.021905
10 0.468571 0.416667 0.047143 0.021905
2 0.481429 0.391905 0.010000 0.021905
10 0.469643 0.391429 0.006429 0.019048
10 0.684286 0.947619 0.048571 0.095238
10 0.613929 0.831429 0.047857 0.102857
10 0.607143 0.705238 0.034286 0.071429
10 0.537143 0.685238 0.035714 0.105714
10 0.541071 0.570000 0.026429 0.061905
10 0.542857 0.508571 0.021429 0.045714
10 0.507857 0.530476 0.014286 0.036190
10 0.633929 0.397143 0.052143 0.022857
10 0.281786 0.463810 0.040714 0.022857
10 0.335000 0.438571 0.071429 0.029524
10 0.336429 0.447619 0.052857 0.024762
10 0.340357 0.452381 0.052143 0.026667
3 0.485714 0.472857 0.010000 0.018095
3 0.516786 0.443333 0.012143 0.012381
3 0.578571 0.629524 0.014286 0.024762
3 0.568214 0.599524 0.015000 0.021905
3 0.584286 0.745238 0.018571 0.035238
3 0.572857 0.701429 0.017143 0.031429
3 0.665714 0.720000 0.017143 0.036190
3 0.680000 0.766190 0.025714 0.042857
3 0.636786 0.940476 0.032143 0.065714
9 0.661429 0.869048 0.022857 0.044762
2 0.632857 0.788095 0.037143 0.069524
10 0.561786 0.656190 0.019286 0.036190
10 0.653571 0.617619 0.020000 0.027619
3 0.587500 0.664286 0.016429 0.025714
3 0.557857 0.616667 0.012857 0.021905
3 0.563929 0.574762 0.012143 0.018095
3 0.555714 0.551429 0.011429 0.017143
3 0.626071 0.410952 0.013571 0.008571
3 0.571429 0.419524 0.014286 0.008571
6 0.565357 0.385714 0.029286 0.017143
7 0.810714 0.974286 0.010000 0.017143
5 0.753929 0.808571 0.013571 0.024762
5 0.625000 0.650000 0.007143 0.012381
5 0.657500 0.682381 0.010714 0.010476
5 0.701071 0.694286 0.013571 0.019048
5 0.656429 0.676667 0.012857 0.008571
5 0.680000 0.663810 0.005714 0.011429
4 0.690714 0.669048 0.012857 0.021905
6 0.607143 0.538095 0.012857 0.019048
11 0.632857 0.536667 0.011429 0.016190
3 0.553929 0.506667 0.006429 0.011429
7 0.563571 0.438095 0.001429 0.007619
7 0.575714 0.441905 0.002857 0.007619
4 0.541786 0.445714 0.005000 0.009524
4 0.514286 0.410000 0.005714 0.010476
10 0.054643 0.330476 0.009286 0.011429
10 0.031071 0.335238 0.007857 0.009524
10 0.095357 0.364286 0.007857 0.010476
10 0.073214 0.363333 0.010714 0.010476
10 0.221071 0.314286 0.020714 0.009524
10 0.258929 0.297143 0.007857 0.009524
10 0.249643 0.296667 0.006429 0.008571
3 0.261071 0.465238 0.013571 0.010476
4 0.402500 0.457143 0.009286 0.009524
7 0.327500 0.504286 0.002143 0.008571
4 0.472143 0.373810 0.007143 0.014286
4 0.526429 0.357619 0.014286 0.021905
3 0.593214 0.384762 0.006429 0.005714
3 0.619643 0.378095 0.006429 0.009524
3 0.626071 0.379048 0.007857 0.007619
3 0.603214 0.386190 0.007857 0.004762
3 0.642500 0.377143 0.007857 0.007619
3 0.634286 0.378095 0.007143 0.007619
11 0.651429 0.377143 0.007143 0.007619
11 0.656071 0.373810 0.006429 0.010476
11 0.611429 0.386190 0.004286 0.006667
3 0.620000 0.386667 0.005714 0.007619
4 0.633929 0.750000 0.007857 0.016190
7 0.786071 0.897143 0.006429 0.019048
7 0.801786 0.951905 0.005000 0.018095
0 0.791429 0.953810 0.018571 0.033333
