7 0.230689 0.390538 0.005219 0.018553
3 0.338466 0.338590 0.016180 0.024119
3 0.415710 0.371058 0.017223 0.029685
3 0.418580 0.433673 0.020877 0.038033
3 0.469729 0.418367 0.016701 0.038961
3 0.456420 0.507421 0.023486 0.037106
3 0.484342 0.489796 0.025052 0.038961
3 0.501566 0.408163 0.033403 0.029685
7 0.515397 0.414193 0.003653 0.017625
3 0.504958 0.539425 0.026618 0.052876
5 0.508351 0.473562 0.007307 0.019481
5 0.517745 0.458720 0.006263 0.013915
5 0.534969 0.451763 0.006263 0.016698
3 0.547234 0.707792 0.040188 0.074212
3 0.624478 0.678108 0.037056 0.068646
9 0.678758 0.678108 0.023486 0.027829
7 0.670668 0.667440 0.003132 0.021336
7 0.676670 0.631262 0.002610 0.023191
3 0.725209 0.621521 0.049582 0.033395
3 0.772443 0.594620 0.048017 0.040816
5 0.725992 0.728200 0.011482 0.025974
3 0.614040 0.954082 0.048539 0.088126
3 0.547234 0.962894 0.041232 0.070501
