9 0.359081 0.714750 0.024008 0.058442
9 0.384134 0.676252 0.022965 0.061224
9 0.275052 0.645176 0.054280 0.047310
9 0.346555 0.658163 0.046973 0.052876
9 0.356472 0.678571 0.031315 0.052876
9 0.297495 0.560297 0.042797 0.033395
5 0.271138 0.563080 0.020355 0.037106
5 0.261221 0.607143 0.024530 0.030612
9 0.310804 0.543599 0.061065 0.048237
11 0.952766 0.913265 0.092380 0.153061
5 0.930846 0.745362 0.020355 0.056586
0 0.770355 0.787106 0.096033 0.091837
3 0.813935 0.691558 0.093424 0.064007
1 0.715553 0.711967 0.024008 0.047310
8 0.640397 0.752319 0.015658 0.037106
8 0.642484 0.765770 0.011482 0.032468
5 0.641180 0.761132 0.016180 0.051020
9 0.804802 0.577922 0.049061 0.038961
9 0.800104 0.570965 0.043841 0.041744
9 0.795929 0.560297 0.035491 0.033395
9 0.784969 0.531540 0.032359 0.027829
9 0.780010 0.520872 0.041232 0.030612
9 0.772704 0.511132 0.038100 0.025974
9 0.753653 0.505102 0.034447 0.030612
5 0.718424 0.504638 0.021399 0.024119
2 0.726514 0.463822 0.109603 0.074212
7 0.656576 0.454082 0.007307 0.032468
3 0.649530 0.425325 0.027662 0.038033
10 0.707985 0.427644 0.058977 0.042672
5 0.731211 0.403061 0.015658 0.021336
11 0.697286 0.389147 0.038622 0.038033
5 0.504436 0.509276 0.010960 0.033395
8 0.504697 0.499536 0.010438 0.030612
3 0.406315 0.405380 0.042276 0.031540
8 0.383612 0.381262 0.008351 0.012987
5 0.383612 0.356215 0.012526 0.018553
0 0.653445 0.329777 0.022965 0.023191
5 0.675104 0.294527 0.010960 0.012059
3 0.644572 0.285714 0.030271 0.018553
6 0.574113 0.308905 0.016701 0.040816
9 0.655010 0.278757 0.015658 0.013915
5 0.653445 0.272727 0.009395 0.009276
3 0.597860 0.264378 0.014092 0.022263
11 0.556367 0.272263 0.013570 0.028757
3 0.484864 0.282468 0.028184 0.019481
5 0.406315 0.313544 0.009916 0.014842
8 0.415449 0.301020 0.005219 0.017625
5 0.432411 0.280612 0.008873 0.015770
5 0.464248 0.231447 0.005741 0.012059
11 0.481211 0.203154 0.011482 0.022263
11 0.520094 0.198516 0.017223 0.016698
3 0.500522 0.226345 0.026096 0.016698
9 0.510699 0.246289 0.015136 0.015770
11 0.500522 0.249072 0.019833 0.012059
3 0.499478 0.256494 0.027140 0.013915
3 0.496347 0.265306 0.028184 0.016698
3 0.493215 0.272263 0.027140 0.019481
5 0.522182 0.293599 0.012004 0.013915
8 0.542015 0.282468 0.004697 0.015770
9 0.542797 0.286642 0.006263 0.018553
7 0.535491 0.283395 0.003132 0.021336
7 0.533142 0.280612 0.003653 0.017625
6 0.525052 0.272727 0.020877 0.042672
0 0.554019 0.193878 0.004697 0.012987
8 0.535752 0.196660 0.002610 0.005566
8 0.543841 0.190167 0.003132 0.007421
9 0.536273 0.198516 0.003653 0.009276
9 0.543841 0.191558 0.004175 0.010204
0 0.548800 0.169295 0.004697 0.012059
3 0.568372 0.155844 0.006263 0.009276
10 0.557933 0.148423 0.006263 0.014842
3 0.611430 0.168831 0.016180 0.014842
7 0.570459 0.148423 0.001044 0.005566
7 0.567850 0.146568 0.002088 0.005566
1 0.568372 0.148887 0.002088 0.006494
9 0.569154 0.136827 0.002610 0.006494
8 0.568894 0.135436 0.001044 0.003711
0 0.568894 0.118275 0.002088 0.004638
0 0.554280 0.138683 0.003132 0.008349
0 0.559760 0.128942 0.004697 0.009276
8 0.555324 0.123377 0.001044 0.003711
8 0.557411 0.119202 0.001044 0.002783
5 0.555324 0.124768 0.002088 0.002783
5 0.557672 0.119666 0.001566 0.003711
4 0.562891 0.098794 0.012004 0.026902
4 0.562891 0.121058 0.003653 0.008349
