10 0.506429 0.809048 0.038571 0.117143
10 0.596429 0.627619 0.037143 0.076190
10 0.554643 0.256667 0.023571 0.069524
10 0.387500 0.060952 0.023571 0.019048
10 0.356429 0.053333 0.021429 0.019048
10 0.708214 0.849048 0.090714 0.060000
3 0.906786 0.976190 0.076429 0.045714
3 0.890000 0.926667 0.065714 0.047619
3 0.868571 0.876190 0.062857 0.045714
3 0.845000 0.810476 0.054286 0.049524
3 0.828214 0.768571 0.056429 0.038095
3 0.862500 0.622857 0.039286 0.053333
3 0.769286 0.590476 0.041429 0.034286
3 0.762857 0.553333 0.044286 0.030476
3 0.746786 0.503810 0.042143 0.028571
3 0.788571 0.445714 0.027143 0.038095
3 0.716071 0.421905 0.037857 0.024762
3 0.746786 0.340952 0.020714 0.028571
3 0.669643 0.171905 0.013571 0.016190
3 0.538571 0.405238 0.017143 0.031429
3 0.468929 0.512381 0.019286 0.041905
3 0.624286 0.148571 0.020000 0.011429
3 0.621071 0.135238 0.020714 0.013333
3 0.617857 0.128095 0.018571 0.012381
3 0.614286 0.121429 0.020000 0.010476
3 0.610357 0.107143 0.019286 0.012381
3 0.608571 0.100952 0.018571 0.009524
3 0.604286 0.086667 0.017143 0.013333
3 0.637143 0.097619 0.011429 0.012381
3 0.617143 0.048571 0.008571 0.013333
3 0.038929 0.519524 0.037857 0.040952
3 0.017143 0.524286 0.034286 0.052381
3 0.061786 0.341905 0.027857 0.032381
3 0.074286 0.317143 0.032857 0.019048
3 0.152143 0.254286 0.020000 0.028571
3 0.170000 0.252381 0.021429 0.030476
3 0.189286 0.250952 0.021429 0.031429
3 0.208571 0.212857 0.017143 0.018095
3 0.222500 0.232381 0.015000 0.024762
3 0.270000 0.233333 0.014286 0.020952
3 0.290714 0.123333 0.020000 0.012381
3 0.291429 0.119048 0.017143 0.015238
3 0.291786 0.115238 0.017857 0.013333
3 0.292143 0.110000 0.018571 0.012381
3 0.294643 0.103333 0.020714 0.012381
3 0.335000 0.111429 0.007143 0.013333
3 0.348929 0.099048 0.009286 0.013333
3 0.351429 0.061905 0.014286 0.011429
3 0.303214 0.083810 0.019286 0.011429
3 0.325714 0.090476 0.008571 0.013333
7 0.558929 0.509524 0.006429 0.017143
7 0.586786 0.559524 0.006429 0.016190
5 0.507857 0.564762 0.007143 0.020952
5 0.953214 0.824762 0.019286 0.022857
5 0.958571 0.847619 0.024286 0.019048
5 0.975714 0.873810 0.024286 0.021905
5 0.979643 0.892381 0.020714 0.020952
5 0.987143 0.905238 0.018571 0.021905
7 0.694643 0.189048 0.005000 0.010476
5 0.500357 0.157619 0.003571 0.012381
5 0.497143 0.070476 0.004286 0.009524
5 0.485357 0.066667 0.003571 0.011429
0 0.013571 0.653810 0.027143 0.029524
5 0.172857 0.874286 0.017143 0.047619
8 0.171786 0.870952 0.012143 0.020000
8 0.507857 0.563333 0.007143 0.012381
7 0.747857 0.293810 0.007143 0.014286
