11 0.031786 0.618655 0.039286 0.054569
11 0.082143 0.567259 0.035714 0.055838
8 0.192500 0.063452 0.003571 0.015228
7 0.288929 0.202411 0.005000 0.016497
8 0.269643 0.086294 0.005000 0.012690
8 0.247500 0.093274 0.006429 0.011421
8 0.245000 0.015863 0.005714 0.016497
8 0.242500 0.007614 0.005000 0.015228
3 0.452143 0.749365 0.034286 0.059645
11 0.464643 0.791244 0.036429 0.062183
11 0.476786 0.829315 0.037857 0.062183
6 0.548214 0.740482 0.022143 0.049492
10 0.542500 0.596447 0.080714 0.121827
10 0.616786 0.496827 0.062143 0.090102
6 0.668929 0.424492 0.046429 0.072335
3 0.661429 0.151650 0.024286 0.031726
5 0.696786 0.531091 0.013571 0.024112
5 0.687500 0.556472 0.007857 0.031726
5 0.708214 0.519036 0.015000 0.022843
11 0.673929 0.555203 0.016429 0.064721
3 0.653214 0.588832 0.015000 0.058376
11 0.633929 0.612310 0.016429 0.059645
11 0.615357 0.642132 0.015000 0.071066
11 0.595000 0.680838 0.017143 0.067259
11 0.573571 0.708756 0.018571 0.067259
3 0.593929 0.976523 0.027857 0.041878
11 0.651786 0.892132 0.032143 0.068528
3 0.687500 0.885787 0.026429 0.055838
3 0.712500 0.804569 0.027857 0.071066
3 0.703571 0.728426 0.030000 0.058376
3 0.775714 0.699239 0.024286 0.058376
10 0.767857 0.583122 0.055714 0.128173
11 0.820357 0.527284 0.025000 0.059645
11 0.822143 0.439086 0.018571 0.045685
11 0.849643 0.437817 0.016429 0.035533
3 0.742857 0.470812 0.031429 0.045685
3 0.754643 0.451142 0.032143 0.049492
11 0.764643 0.427665 0.032143 0.053299
3 0.785714 0.394670 0.025714 0.035533
3 0.791429 0.369924 0.032857 0.041878
3 0.806429 0.326777 0.031429 0.041878
6 0.749643 0.285533 0.017857 0.025381
6 0.775357 0.248731 0.017857 0.025381
11 0.815357 0.308376 0.029286 0.038071
11 0.823571 0.289340 0.027143 0.032995
3 0.908214 0.069162 0.016429 0.036802
3 0.897143 0.098985 0.024286 0.035533
10 0.878571 0.121193 0.038571 0.072335
10 0.832857 0.147208 0.054286 0.093909
10 0.843929 0.180838 0.049286 0.079949
10 0.859643 0.208756 0.037857 0.074873
3 0.895357 0.611041 0.022143 0.059645
2 0.940357 0.562817 0.057857 0.153553
2 0.881071 0.265863 0.050714 0.123096
3 0.885357 0.327411 0.010714 0.020305
11 0.913571 0.249365 0.020000 0.044416
3 0.984643 0.184645 0.020714 0.044416
3 0.934643 0.178934 0.017857 0.035533
3 0.926071 0.133883 0.017857 0.034264
3 0.970714 0.064086 0.015714 0.029188
3 0.960357 0.028553 0.015000 0.031726
