10 0.669885 0.736085 0.203027 0.230983
10 0.891180 0.584416 0.092380 0.081633
10 0.778445 0.504638 0.031837 0.038961
10 0.814979 0.438312 0.099687 0.058442
10 0.858299 0.329777 0.056889 0.045455
0 0.545929 0.923469 0.066806 0.130798
11 0.245564 0.849258 0.052714 0.075139
3 0.213727 0.836735 0.060021 0.079777
9 0.046712 0.770872 0.023486 0.046382
7 0.007829 0.792672 0.012526 0.034323
8 0.003653 0.802876 0.007307 0.023191
0 0.120564 0.681818 0.021921 0.042672
7 0.078288 0.592301 0.008351 0.028757
7 0.089770 0.584879 0.009395 0.028757
9 0.084551 0.595547 0.014614 0.038961
8 0.056889 0.471243 0.010438 0.020408
9 0.052453 0.478664 0.031837 0.025974
9 0.064979 0.505566 0.019311 0.033395
3 0.092380 0.472171 0.045929 0.033395
3 0.061587 0.461967 0.045929 0.029685
3 0.085334 0.439239 0.036013 0.030612
3 0.075678 0.433673 0.028184 0.023191
3 0.064718 0.429499 0.041754 0.035250
11 0.060021 0.409091 0.049061 0.038961
9 0.071242 0.355751 0.018267 0.019481
9 0.147704 0.344156 0.012526 0.025974
11 0.031054 0.344156 0.033925 0.018553
3 0.028967 0.338126 0.036013 0.017625
3 0.024008 0.330241 0.032359 0.020408
11 0.019572 0.318646 0.026618 0.021336
7 0.038883 0.317254 0.006785 0.018553
3 0.013831 0.302876 0.027662 0.019481
11 0.012526 0.311688 0.024008 0.020408
3 0.010177 0.290353 0.019311 0.016698
0 0.018528 0.256494 0.017223 0.023191
0 0.042537 0.261596 0.023486 0.027829
0 0.044885 0.245826 0.016701 0.018553
3 0.069154 0.265306 0.015136 0.020408
5 0.009656 0.174861 0.003653 0.006494
8 0.008873 0.171614 0.003132 0.005566
4 0.033664 0.189239 0.009916 0.011132
3 0.153706 0.272727 0.015136 0.022263
7 0.205637 0.445269 0.007307 0.024119
0 0.195981 0.438312 0.019311 0.034323
7 0.179541 0.508349 0.010438 0.029685
8 0.170668 0.530612 0.009395 0.022263
5 0.172234 0.536642 0.015658 0.019481
7 0.197547 0.542672 0.010960 0.029685
11 0.202244 0.637755 0.056889 0.052876
3 0.217902 0.656772 0.053758 0.046382
3 0.225209 0.679963 0.053758 0.048237
0 0.225992 0.711967 0.041754 0.047310
3 0.252610 0.738868 0.058455 0.058442
9 0.272443 0.752783 0.036534 0.043599
0 0.302192 0.827458 0.041754 0.061224
5 0.313674 0.858998 0.031315 0.037106
3 0.295929 0.972171 0.062630 0.051948
8 0.366127 0.683210 0.010960 0.019481
8 0.372390 0.673006 0.010960 0.021336
6 0.422234 0.705937 0.110647 0.172542
5 0.799322 0.528293 0.010960 0.026902
8 0.816023 0.726809 0.005741 0.015770
8 0.818372 0.727737 0.010438 0.021336
8 0.823069 0.734694 0.010438 0.018553
5 0.816806 0.729592 0.021921 0.030612
8 0.820198 0.717996 0.005741 0.022263
8 0.815240 0.709184 0.009395 0.026902
5 0.813413 0.712430 0.021399 0.027829
7 0.988257 0.667440 0.012004 0.034323
7 0.981733 0.662801 0.011482 0.034323
6 0.882568 0.655380 0.069937 0.091837
5 0.858559 0.499536 0.008351 0.023191
5 0.871347 0.519481 0.018267 0.018553
3 0.921712 0.300093 0.024008 0.030612
3 0.891441 0.301948 0.029228 0.025046
7 0.828549 0.311688 0.005741 0.014842
7 0.786273 0.299165 0.003653 0.013915
8 0.784447 0.296382 0.004175 0.006494
7 0.776618 0.294063 0.004175 0.014842
7 0.771138 0.295455 0.003653 0.013915
7 0.771138 0.292672 0.002610 0.013915
7 0.774791 0.291280 0.002610 0.012987
9 0.766962 0.327458 0.020355 0.018553
3 0.729123 0.352505 0.030271 0.025974
0 0.667015 0.329777 0.018789 0.023191
5 0.646399 0.320037 0.010960 0.016698
7 0.611169 0.345083 0.006263 0.014842
3 0.640919 0.356679 0.030271 0.025046
0 0.629958 0.386364 0.021921 0.028757
11 0.699896 0.444341 0.034447 0.033395
6 0.694415 0.418831 0.042276 0.051020
6 0.683194 0.391929 0.045929 0.043599
8 0.580898 0.431354 0.007307 0.020408
3 0.600470 0.427180 0.033925 0.028757
5 0.580376 0.340445 0.005219 0.014842
5 0.575157 0.324212 0.006263 0.010204
9 0.568111 0.351577 0.017223 0.014842
0 0.543058 0.378479 0.025574 0.025974
0 0.546712 0.352968 0.019311 0.026902
0 0.488257 0.360390 0.019311 0.025046
5 0.456681 0.340909 0.010438 0.015770
5 0.445981 0.360390 0.007829 0.012059
8 0.445198 0.356215 0.005219 0.018553
9 0.420146 0.371521 0.017745 0.028757
9 0.429019 0.333024 0.016701 0.025974
8 0.418580 0.335807 0.004175 0.011132
5 0.418058 0.339518 0.005219 0.011132
5 0.400052 0.341373 0.010960 0.014842
8 0.374478 0.334416 0.003653 0.008349
5 0.361169 0.288961 0.005219 0.012059
0 0.245042 0.501391 0.021399 0.036178
7 0.252088 0.488868 0.007307 0.024119
5 0.253132 0.495362 0.009395 0.018553
8 0.272182 0.473562 0.008873 0.017625
8 0.272182 0.462894 0.007829 0.018553
8 0.287317 0.464750 0.006785 0.024119
9 0.268789 0.479592 0.025052 0.020408
5 0.271399 0.467996 0.015658 0.017625
5 0.288883 0.468460 0.014092 0.016698
6 0.669885 0.494434 0.033925 0.090909
5 0.211378 0.497681 0.016701 0.017625
8 0.209029 0.491651 0.007829 0.016698
10 0.260960 0.344156 0.070981 0.094620
3 0.278967 0.334879 0.021399 0.031540
3 0.284447 0.279221 0.018789 0.020408
10 0.195981 0.286178 0.039144 0.054731
6 0.187109 0.227737 0.040188 0.047310
3 0.153967 0.204082 0.012526 0.018553
3 0.193372 0.201299 0.021399 0.012987
8 0.273747 0.268553 0.004697 0.012059
5 0.273486 0.272263 0.009395 0.012059
5 0.287578 0.262987 0.004175 0.012059
10 0.090031 0.188776 0.024530 0.043599
3 0.107516 0.168831 0.010438 0.016698
3 0.096033 0.153989 0.011482 0.012987
3 0.061065 0.130334 0.009395 0.013915
8 0.138831 0.169759 0.003132 0.009276
5 0.138309 0.170686 0.004175 0.009276
10 0.064196 0.155844 0.016701 0.029685
3 0.061065 0.130798 0.008351 0.011132
4 0.074896 0.142857 0.010960 0.012987
10 0.036013 0.108534 0.018789 0.025974
10 0.020355 0.094620 0.014614 0.020408
10 0.007568 0.101113 0.014092 0.025974
8 0.057672 0.107607 0.002610 0.005566
5 0.058455 0.109926 0.003132 0.006494
5 0.052975 0.089054 0.002610 0.003711
8 0.053236 0.087199 0.002088 0.005566
0 0.108038 0.125232 0.008351 0.012987
0 0.278184 0.233302 0.009395 0.015770
0 0.264353 0.242579 0.008873 0.013915
4 0.252349 0.236549 0.010960 0.011132
3 0.226775 0.176716 0.016180 0.012059
3 0.220511 0.173933 0.016180 0.012059
11 0.217641 0.170686 0.014614 0.014842
3 0.211639 0.168831 0.014092 0.012987
3 0.204071 0.163729 0.019833 0.012059
10 0.200939 0.153061 0.028184 0.020408
3 0.194154 0.157236 0.015658 0.013915
11 0.190240 0.153061 0.013048 0.014842
3 0.184499 0.153525 0.012004 0.013915
3 0.182933 0.151670 0.013048 0.012059
3 0.179019 0.151206 0.013570 0.014842
11 0.171451 0.140074 0.012004 0.011132
6 0.174061 0.144249 0.010960 0.012059
11 0.232777 0.162801 0.016701 0.021336
11 0.228601 0.159555 0.019833 0.022263
3 0.221294 0.159091 0.014614 0.013915
3 0.230167 0.149351 0.012526 0.011132
3 0.250261 0.153525 0.010960 0.013915
3 0.215553 0.153061 0.011482 0.014842
0 0.322025 0.156772 0.009395 0.012987
0 0.309760 0.159091 0.010960 0.015770
0 0.300626 0.161874 0.008351 0.015770
0 0.295668 0.158163 0.008873 0.015770
4 0.253653 0.139610 0.073069 0.030612
4 0.199635 0.109462 0.032881 0.024119
4 0.230950 0.118275 0.013048 0.008349
4 0.197808 0.137291 0.019833 0.012987
4 0.175365 0.102505 0.013570 0.015770
3 0.172234 0.129406 0.015658 0.010204
3 0.155010 0.132653 0.015658 0.011132
6 0.152662 0.124304 0.022443 0.018553
11 0.171973 0.125232 0.013048 0.011132
3 0.144833 0.127087 0.012004 0.011132
3 0.139875 0.123377 0.013570 0.012987
3 0.132307 0.117811 0.017223 0.011132
3 0.125522 0.113173 0.016180 0.009276
3 0.118737 0.111781 0.012004 0.010204
3 0.109342 0.105751 0.015136 0.009276
11 0.140397 0.109926 0.013570 0.012059
3 0.132307 0.107143 0.012004 0.008349
3 0.127610 0.104360 0.010960 0.010204
3 0.124478 0.102968 0.010960 0.011132
3 0.122912 0.100649 0.012004 0.008349
11 0.105428 0.102505 0.014614 0.010204
3 0.099165 0.100649 0.015658 0.008349
3 0.099165 0.096475 0.012526 0.009276
3 0.120303 0.096475 0.010960 0.009276
4 0.147704 0.089981 0.036534 0.025974
4 0.071242 0.072356 0.057933 0.031540
4 0.023225 0.056122 0.033925 0.045455
