10 0.170146 0.896568 0.050104 0.136364
5 0.210595 0.815399 0.039144 0.042672
5 0.227296 0.768553 0.030793 0.041744
7 0.263048 0.691558 0.011482 0.051020
8 0.263570 0.675325 0.004175 0.024119
7 0.293580 0.676716 0.005741 0.026902
7 0.297756 0.677180 0.007829 0.050093
0 0.316806 0.679963 0.042797 0.074212
7 0.334812 0.673933 0.005741 0.039889
3 0.293580 0.608998 0.074635 0.054731
5 0.299322 0.556586 0.023486 0.022263
5 0.365084 0.413729 0.017223 0.020408
5 0.356994 0.404453 0.016701 0.018553
8 0.439196 0.353432 0.004697 0.020408
9 0.438413 0.359926 0.008351 0.020408
8 0.425104 0.645176 0.009916 0.028757
5 0.425365 0.659091 0.007307 0.045455
5 0.563413 0.474490 0.017223 0.023191
3 0.544624 0.432282 0.026618 0.031540
5 0.530793 0.407699 0.015658 0.017625
5 0.539144 0.378479 0.012526 0.016698
5 0.532881 0.367347 0.012526 0.016698
3 0.390397 0.267161 0.026096 0.016698
4 0.450418 0.150278 0.015658 0.033395
9 0.434499 0.193414 0.003653 0.010204
9 0.455637 0.189703 0.004175 0.013915
0 0.443111 0.248609 0.006263 0.022263
8 0.442850 0.249072 0.002610 0.010204
10 0.424843 0.227737 0.012526 0.028757
1 0.229384 0.907236 0.043319 0.033395
