3 0.598121 0.637755 0.025052 0.084416
3 0.298539 0.667440 0.044885 0.076994
3 0.460073 0.913265 0.042276 0.095547
3 0.350470 0.885436 0.061065 0.054731
3 0.340553 0.959647 0.066284 0.058442
11 0.563935 0.416048 0.030793 0.049165
3 0.603601 0.345547 0.045407 0.041744
3 0.628914 0.318646 0.034447 0.034323
3 0.654749 0.290353 0.031837 0.033395
3 0.681367 0.265770 0.028706 0.028757
3 0.705376 0.241187 0.037056 0.038961
3 0.405010 0.161410 0.024008 0.050093
3 0.407881 0.100186 0.025574 0.046382
3 0.271138 0.106679 0.033925 0.031540
3 0.211117 0.286642 0.022443 0.046382
3 0.158925 0.311688 0.023486 0.051948
3 0.112213 0.333488 0.024008 0.051020
3 0.031054 0.377087 0.025574 0.056586
3 0.176931 0.158627 0.034447 0.033395
3 0.193372 0.141929 0.032881 0.033395
3 0.086639 0.131725 0.035491 0.031540
3 0.043580 0.177180 0.037056 0.035250
3 0.060804 0.160946 0.031837 0.038033
3 0.147443 0.823284 0.036013 0.093692
