3 0.523571 0.715736 0.012857 0.043147
3 0.508214 0.931472 0.019286 0.063452
3 0.539643 0.842640 0.017857 0.055838
3 0.570357 0.710660 0.015000 0.043147
3 0.534286 0.593274 0.011429 0.034264
3 0.490000 0.551396 0.011429 0.026650
3 0.544286 0.395939 0.007143 0.022843
3 0.525714 0.369924 0.008571 0.019036
3 0.577500 0.260787 0.005000 0.013959
3 0.565357 0.299492 0.006429 0.017766
3 0.559643 0.280457 0.006429 0.015228
3 0.557500 0.211294 0.005000 0.013959
3 0.548571 0.126269 0.004286 0.008883
3 0.551071 0.111675 0.005000 0.007614
3 0.563214 0.114213 0.003571 0.010152
3 0.536071 0.267132 0.005000 0.016497
3 0.566786 0.232868 0.005000 0.013959
3 0.578214 0.234772 0.006429 0.017766
3 0.546786 0.065355 0.003571 0.006345
3 0.546786 0.058376 0.003571 0.005076
3 0.552857 0.064086 0.002857 0.006345
3 0.574643 0.054569 0.003571 0.010152
3 0.572143 0.117386 0.004286 0.011421
3 0.580000 0.134518 0.004286 0.012690
3 0.575714 0.305838 0.007143 0.017766
11 0.553929 0.327411 0.009286 0.025381
11 0.542857 0.182107 0.005714 0.013959
11 0.569286 0.168147 0.005714 0.011421
11 0.570357 0.143401 0.005000 0.012690
11 0.553571 0.055838 0.004286 0.007614
11 0.575714 0.024112 0.002857 0.010152
2 0.575000 0.402919 0.014286 0.072335
11 0.576429 0.470812 0.010000 0.038071
6 0.507857 0.393401 0.012857 0.038071
3 0.554643 0.225888 0.006429 0.015228
3 0.578929 0.194797 0.005000 0.013959
11 0.569643 0.130711 0.005000 0.017766
3 0.463571 0.234772 0.014286 0.010152
3 0.437143 0.233503 0.017143 0.015228
10 0.569643 0.193528 0.007857 0.029188
3 0.544643 0.038706 0.010714 0.008883
3 0.680714 0.680838 0.035714 0.021574
3 0.740714 0.711929 0.037143 0.022843
3 0.781429 0.720812 0.032857 0.027919
3 0.765357 0.685279 0.035000 0.027919
11 0.821429 0.722081 0.037143 0.027919
3 0.920714 0.686548 0.034286 0.022843
3 0.971786 0.692893 0.035000 0.022843
