3 0.497500 0.846447 0.020714 0.053299
3 0.200714 0.774746 0.037143 0.039340
3 0.370000 0.725254 0.032857 0.029188
3 0.136786 0.736041 0.026429 0.030457
3 0.104643 0.723350 0.030714 0.032995
3 0.031429 0.727157 0.035714 0.032995
3 0.523929 0.541244 0.019286 0.036802
3 0.491429 0.583756 0.021429 0.035533
3 0.482143 0.626904 0.018571 0.038071
3 0.525357 0.468274 0.013571 0.027919
3 0.563571 0.422589 0.014286 0.027919
3 0.590357 0.398477 0.016429 0.035533
3 0.545357 0.405457 0.015000 0.034264
3 0.578571 0.371193 0.011429 0.031726
2 0.561429 0.362310 0.021429 0.059645
3 0.609643 0.340102 0.016429 0.030457
3 0.592857 0.337563 0.014286 0.038071
3 0.605714 0.305838 0.014286 0.027919
3 0.613929 0.277919 0.010714 0.027919
3 0.600000 0.270305 0.012857 0.030457
3 0.640357 0.272843 0.013571 0.025381
3 0.633929 0.255711 0.010714 0.021574
3 0.640714 0.225888 0.010000 0.022843
3 0.618214 0.249365 0.010714 0.024112
3 0.627857 0.208122 0.011429 0.025381
2 0.607500 0.210025 0.026429 0.064721
3 0.739643 0.078046 0.006429 0.021574
3 0.729286 0.071701 0.008571 0.026650
3 0.713214 0.078046 0.006429 0.021574
3 0.701071 0.070431 0.009286 0.029188
3 0.706429 0.048223 0.010000 0.025381
3 0.708929 0.029188 0.012143 0.020305
3 0.734286 0.032360 0.011429 0.019036
3 0.744286 0.055838 0.014286 0.015228
3 0.753214 0.030457 0.006429 0.032995
3 0.814286 0.183376 0.025714 0.021574
3 0.871429 0.166244 0.028571 0.022843
3 0.920357 0.175127 0.026429 0.025381
3 0.850000 0.208756 0.028571 0.021574
3 0.815357 0.213832 0.022143 0.024112
10 0.802143 0.293782 0.015714 0.059645
10 0.787500 0.294416 0.013571 0.055838
10 0.771071 0.296954 0.016429 0.048223
10 0.820000 0.288071 0.015714 0.053299
10 0.836786 0.287437 0.013571 0.052030
10 0.851786 0.279188 0.013571 0.060914
7 0.157857 0.742386 0.007143 0.020305
5 0.579643 0.208122 0.010714 0.022843
