10 0.062500 0.281726 0.093571 0.200508
7 0.093929 0.847716 0.019286 0.045685
7 0.408929 0.702411 0.012143 0.036802
7 0.422143 0.703680 0.011429 0.039340
7 0.431071 0.713832 0.009286 0.024112
7 0.450357 0.646574 0.007857 0.036802
8 0.534286 0.770305 0.014286 0.022843
8 0.537857 0.696066 0.011429 0.024112
7 0.515000 0.510787 0.007143 0.019036
7 0.472143 0.495558 0.010000 0.034264
8 0.522857 0.458756 0.010000 0.021574
7 0.490357 0.480964 0.009286 0.038071
7 0.497500 0.480330 0.007857 0.034264
7 0.492857 0.380076 0.007143 0.029188
7 0.484643 0.321066 0.007857 0.035533
7 0.205714 0.502538 0.010000 0.032995
7 0.278571 0.435279 0.010000 0.040609
7 0.263214 0.355330 0.012143 0.040609
7 0.293929 0.284898 0.009286 0.019036
7 0.281429 0.258249 0.008571 0.029188
7 0.280714 0.287437 0.017143 0.034264
7 0.333571 0.439721 0.011429 0.026650
7 0.324286 0.439721 0.007143 0.036802
8 0.460000 0.430203 0.008571 0.027919
8 0.462857 0.420685 0.011429 0.026650
7 0.461429 0.331218 0.007143 0.025381
7 0.345357 0.347081 0.006429 0.029188
7 0.360357 0.322335 0.003571 0.030457
7 0.358571 0.293782 0.010000 0.029188
7 0.382143 0.361041 0.008571 0.036802
7 0.361786 0.364848 0.006429 0.024112
7 0.355714 0.358503 0.005714 0.024112
7 0.347143 0.361041 0.008571 0.029188
7 0.350357 0.250635 0.007857 0.031726
7 0.378571 0.312817 0.008571 0.029188
7 0.367500 0.317259 0.006429 0.010152
7 0.367857 0.309645 0.005714 0.012690
7 0.381071 0.079949 0.006429 0.030457
7 0.366429 0.098350 0.007143 0.029188
7 0.391429 0.151650 0.004286 0.021574
7 0.378929 0.216371 0.006429 0.029188
7 0.366071 0.239213 0.005000 0.034264
8 0.370000 0.244289 0.004286 0.016497
7 0.395357 0.260152 0.009286 0.032995
7 0.405000 0.258249 0.008571 0.031726
7 0.370714 0.216371 0.007143 0.026650
8 0.389643 0.102792 0.006429 0.020305
7 0.392500 0.101523 0.005000 0.030457
7 0.392500 0.092005 0.005000 0.026650
7 0.489286 0.201777 0.007143 0.035533
7 0.482500 0.200508 0.003571 0.030457
7 0.466429 0.224619 0.005714 0.020305
7 0.470714 0.189721 0.005714 0.029188
7 0.512857 0.161168 0.007143 0.030457
7 0.499286 0.086929 0.005714 0.034264
7 0.488571 0.093274 0.007143 0.029188
7 0.476429 0.110406 0.005714 0.030457
7 0.472143 0.110406 0.004286 0.032995
7 0.489643 0.173858 0.006429 0.027919
7 0.482500 0.174492 0.006429 0.029188
7 0.472500 0.170685 0.005000 0.021574
7 0.464286 0.181472 0.002857 0.012690
7 0.458929 0.185914 0.006429 0.024112
7 0.466429 0.118020 0.004286 0.012690
7 0.468929 0.149746 0.005000 0.020305
8 0.172143 0.493655 0.008571 0.017766
7 0.169286 0.485406 0.012857 0.039340
7 0.462143 0.104061 0.007143 0.022843
7 0.470000 0.026650 0.004286 0.022843
