10 0.320000 0.835714 0.424286 0.160952
2 0.648214 0.630000 0.357857 0.126667
0 0.316071 0.548571 0.099286 0.064762
0 0.756786 0.725714 0.075000 0.047619
5 0.835357 0.520000 0.022143 0.066667
5 0.952857 0.302381 0.027143 0.061905
7 0.957500 0.287619 0.012143 0.020952
7 0.538571 0.474286 0.008571 0.028571
7 0.568571 0.484762 0.014286 0.032381
7 0.565714 0.513333 0.011429 0.028571
7 0.553929 0.514762 0.007857 0.018095
7 0.558571 0.532857 0.012857 0.027619
7 0.571429 0.552857 0.012857 0.025714
7 0.607500 0.557143 0.023571 0.028571
7 0.598929 0.518571 0.019286 0.025714
7 0.623571 0.520952 0.018571 0.036190
7 0.633571 0.541429 0.025714 0.033333
7 0.591429 0.427143 0.014286 0.033333
