11 0.219599 0.790076 0.080114 0.152672
3 0.756795 0.867366 0.072961 0.150763
3 0.716023 0.381679 0.031474 0.034351
3 0.410587 0.469943 0.045780 0.050573
3 0.329041 0.579676 0.058655 0.067748
3 0.072961 0.927004 0.144492 0.094466
7 0.158798 0.671756 0.017167 0.045802
7 0.166667 0.641221 0.017167 0.038168
3 0.319742 0.481870 0.070100 0.041985
1 0.222818 0.585878 0.017883 0.028626
0 0.880901 0.550573 0.037911 0.028626
5 0.896996 0.465649 0.017167 0.028626
11 0.759299 0.364027 0.035050 0.041031
3 0.748569 0.330153 0.027897 0.028626
3 0.327969 0.459924 0.066524 0.038168
3 0.334764 0.433206 0.060086 0.036260
3 0.384120 0.360210 0.054363 0.031489
11 0.369099 0.383588 0.044349 0.038168
5 0.337268 0.380725 0.013591 0.020992
3 0.429185 0.302481 0.042918 0.022901
3 0.482475 0.213740 0.032189 0.011450
3 0.601574 0.186546 0.010014 0.016221
3 0.689557 0.234733 0.012876 0.020992
3 0.663805 0.188931 0.011445 0.015267
7 0.853004 0.430821 0.007868 0.029580
7 0.502504 0.274809 0.006438 0.015267
7 0.505722 0.233779 0.007153 0.013359
7 0.498212 0.231870 0.005007 0.015267
7 0.658798 0.367844 0.008584 0.021947
5 0.568312 0.374523 0.006438 0.020038
8 0.568312 0.367366 0.007868 0.017176
11 0.394850 0.342557 0.060086 0.030534
3 0.403433 0.326336 0.045780 0.020992
5 0.393062 0.294847 0.010730 0.019084
3 0.441345 0.283397 0.035765 0.019084
3 0.491416 0.202767 0.031474 0.016221
11 0.448856 0.269561 0.040773 0.031489
11 0.454936 0.263359 0.025751 0.015267
3 0.528255 0.270038 0.013591 0.020992
3 0.680615 0.208015 0.020744 0.015267
3 0.654864 0.172233 0.009299 0.010496
11 0.473176 0.247615 0.019313 0.035305
3 0.503577 0.190840 0.024320 0.015267
4 0.609800 0.095897 0.023605 0.021947
3 0.577611 0.121660 0.006438 0.008588
3 0.603720 0.120706 0.007153 0.004771
7 0.626252 0.159351 0.002146 0.007634
7 0.560086 0.199905 0.004292 0.014313
3 0.646638 0.156966 0.010014 0.008588
11 0.640558 0.147424 0.013591 0.018130
7 0.632690 0.147901 0.003577 0.007634
2 0.588340 0.114981 0.009299 0.016221
11 0.347997 0.938931 0.103720 0.118321
