3 0.751071 0.761429 0.079286 0.096190
3 0.438214 0.780952 0.097857 0.078095
3 0.305357 0.781429 0.097857 0.082857
3 0.180357 0.827619 0.099286 0.081905
3 0.361786 0.670476 0.059286 0.085714
3 0.343571 0.530476 0.037143 0.051429
3 0.424643 0.641905 0.046429 0.081905
3 0.464643 0.648571 0.036429 0.076190
3 0.472857 0.712857 0.078571 0.073333
3 0.505714 0.632381 0.032857 0.070476
3 0.576071 0.673810 0.076429 0.067619
3 0.666786 0.644286 0.070714 0.050476
3 0.641786 0.581429 0.036429 0.065714
3 0.598929 0.430476 0.056429 0.032381
3 0.583929 0.396667 0.046429 0.027619
3 0.697143 0.570000 0.032857 0.063810
3 0.827857 0.387619 0.042857 0.034286
3 0.758929 0.284286 0.032143 0.025714
3 0.615000 0.189048 0.018571 0.016190
3 0.391071 0.518571 0.036429 0.060000
3 0.292500 0.697143 0.072143 0.095238
3 0.137500 0.739048 0.079286 0.110476
3 0.562500 0.594762 0.037857 0.065714
3 0.604643 0.587143 0.035000 0.069524
3 0.512143 0.488571 0.040000 0.055238
3 0.540357 0.481905 0.047857 0.053333
3 0.566429 0.466667 0.051429 0.043810
3 0.478929 0.497619 0.040714 0.058095
3 0.760357 0.550952 0.043571 0.046667
3 0.831786 0.480952 0.046429 0.034286
3 0.805000 0.462381 0.041429 0.035238
3 0.788929 0.447143 0.046429 0.031429
3 0.769286 0.426190 0.041429 0.031429
3 0.711786 0.387619 0.040714 0.030476
3 0.686429 0.368571 0.037143 0.024762
3 0.676429 0.352381 0.034286 0.020952
3 0.663214 0.340952 0.039286 0.020952
3 0.652857 0.330000 0.038571 0.016190
3 0.631071 0.316190 0.030714 0.020952
3 0.589643 0.291905 0.029286 0.020000
3 0.621786 0.217143 0.023571 0.017143
3 0.652143 0.182381 0.018571 0.016190
3 0.631786 0.174286 0.016429 0.017143
3 0.616429 0.166667 0.017143 0.015238
3 0.552143 0.148095 0.014286 0.010476
3 0.506786 0.130476 0.012143 0.009524
3 0.550000 0.133333 0.012857 0.009524
3 0.458571 0.095714 0.014286 0.008571
3 0.423214 0.096190 0.007857 0.007619
3 0.443571 0.093333 0.007143 0.007619
3 0.450357 0.098571 0.006429 0.006667
3 0.347857 0.040000 0.004286 0.005714
11 0.472857 0.124286 0.012857 0.012381
11 0.495714 0.122381 0.011429 0.010476
3 0.566786 0.152857 0.009286 0.012381
3 0.540000 0.126667 0.010000 0.009524
3 0.529286 0.123333 0.011429 0.010476
3 0.516429 0.118571 0.014286 0.008571
3 0.509643 0.115238 0.010714 0.009524
3 0.501429 0.111905 0.012857 0.010476
3 0.497143 0.110000 0.014286 0.008571
3 0.471071 0.091905 0.010714 0.010476
10 0.426786 0.080000 0.017857 0.019048
3 0.418214 0.080000 0.006429 0.007619
3 0.412143 0.075714 0.005714 0.006667
3 0.401429 0.072857 0.007143 0.006667
3 0.393929 0.068571 0.006429 0.007619
3 0.391786 0.064286 0.006429 0.006667
3 0.385714 0.060952 0.005714 0.005714
3 0.380714 0.058571 0.007143 0.006667
3 0.370000 0.053810 0.005714 0.006667
3 0.362143 0.048095 0.005714 0.006667
3 0.342143 0.037143 0.004286 0.005714
2 0.323214 0.028095 0.009286 0.012381
7 0.528571 0.141905 0.002857 0.009524
3 0.570000 0.276667 0.022857 0.020000
3 0.537143 0.166190 0.015714 0.012381
4 0.406071 0.060952 0.010714 0.009524
4 0.389643 0.050476 0.009286 0.011429
4 0.378571 0.046190 0.005714 0.006667
3 0.701071 0.207619 0.020714 0.019048
3 0.727857 0.402381 0.044286 0.029524
11 0.607500 0.302381 0.033571 0.033333
3 0.558929 0.381429 0.042143 0.025714
3 0.557143 0.361905 0.037143 0.022857
3 0.550357 0.350476 0.040714 0.022857
3 0.913929 0.314762 0.030714 0.021905
3 0.980714 0.470000 0.037143 0.048571
7 0.720714 0.527619 0.014286 0.026667
11 0.447500 0.532857 0.056429 0.040952
1 0.326429 0.548095 0.017143 0.025714
5 0.306429 0.540476 0.010000 0.027619
5 0.301071 0.551429 0.012143 0.028571
11 0.189643 0.735714 0.067857 0.096190
3 0.045357 0.786667 0.070714 0.110476
3 0.022500 0.623810 0.045000 0.066667
5 0.090000 0.551905 0.011429 0.031429
5 0.080714 0.551429 0.011429 0.030476
5 0.020357 0.562381 0.013571 0.035238
5 0.007857 0.562381 0.015714 0.031429
5 0.044286 0.562381 0.012857 0.031429
5 0.053571 0.560952 0.010000 0.028571
7 0.212143 0.523810 0.011429 0.032381
7 0.205000 0.512381 0.008571 0.026667
7 0.179286 0.543333 0.011429 0.029524
3 0.057857 0.921905 0.115714 0.095238
