10 0.062143 0.066190 0.084286 0.132381
3 0.187857 0.131905 0.055714 0.090476
3 0.200357 0.381429 0.059286 0.096190
3 0.305357 0.309524 0.057857 0.097143
3 0.260714 0.206190 0.057143 0.090476
3 0.322500 0.224762 0.056429 0.099048
3 0.341429 0.421905 0.058571 0.104762
3 0.175000 0.015714 0.041429 0.031429
11 0.211786 0.076190 0.046429 0.078095
3 0.385714 0.525238 0.061429 0.103810
7 0.367143 0.248571 0.011429 0.026667
8 0.215714 0.242381 0.014286 0.027619
8 0.182143 0.205714 0.014286 0.022857
8 0.148571 0.118095 0.020000 0.026667
1 0.150714 0.123333 0.017143 0.037143
1 0.185357 0.210000 0.017857 0.035238
1 0.218929 0.243810 0.022143 0.036190
3 0.330000 0.820476 0.071429 0.124762
10 0.251071 0.931905 0.090714 0.134286
3 0.948929 0.916667 0.083571 0.138095
3 0.716071 0.700952 0.085000 0.085714
3 0.552500 0.808095 0.100714 0.094286
11 0.773571 0.942857 0.095714 0.095238
7 0.485000 0.525714 0.011429 0.022857
10 0.511786 0.489524 0.045000 0.137143
1 0.406429 0.455714 0.028571 0.021905
