10 0.297857 0.513333 0.114286 0.131429
3 0.583929 0.677143 0.067857 0.137143
3 0.580357 0.564286 0.055000 0.082857
3 0.576071 0.480000 0.052143 0.074286
3 0.576786 0.414286 0.036429 0.062857
3 0.401429 0.328571 0.050000 0.043810
3 0.444643 0.293333 0.032143 0.040000
3 0.581786 0.378095 0.037857 0.043810
10 0.583571 0.322857 0.035714 0.060952
3 0.587143 0.287143 0.024286 0.027619
10 0.591786 0.269524 0.022143 0.026667
10 0.590000 0.250476 0.020000 0.024762
10 0.601071 0.240476 0.023571 0.029524
11 0.599286 0.221429 0.040000 0.029524
3 0.613214 0.202857 0.016429 0.019048
3 0.609643 0.193333 0.029286 0.017143
3 0.640000 0.168095 0.022857 0.018095
3 0.461786 0.267619 0.027857 0.030476
3 0.472500 0.251429 0.022143 0.024762
3 0.485714 0.241429 0.020000 0.025714
3 0.497500 0.226667 0.017857 0.024762
3 0.507500 0.216667 0.016429 0.021905
3 0.520357 0.206667 0.015000 0.019048
3 0.531071 0.200476 0.020714 0.021905
3 0.530000 0.181905 0.030000 0.015238
3 0.546071 0.179048 0.026429 0.020952
3 0.558214 0.177143 0.025000 0.017143
3 0.567500 0.171905 0.027857 0.018095
3 0.574643 0.166190 0.026429 0.016190
3 0.580714 0.164762 0.021429 0.015238
3 0.587500 0.159048 0.020714 0.015238
3 0.594286 0.158571 0.018571 0.016190
3 0.595714 0.155714 0.024286 0.010476
3 0.602500 0.150000 0.020714 0.014286
3 0.609643 0.146667 0.023571 0.013333
11 0.618571 0.142381 0.024286 0.016190
4 0.638214 0.135714 0.013571 0.012381
3 0.650000 0.128095 0.012857 0.008571
7 0.542500 0.296190 0.006429 0.026667
7 0.549643 0.295238 0.006429 0.026667
7 0.557500 0.298095 0.007857 0.028571
5 0.560000 0.302381 0.008571 0.020000
