3 0.593929 0.788095 0.066429 0.033333
3 0.837500 0.743333 0.066429 0.042857
11 0.404643 0.601429 0.049286 0.031429
3 0.467857 0.600476 0.055714 0.035238
3 0.529286 0.595238 0.050000 0.028571
3 0.591786 0.594762 0.047857 0.029524
3 0.653571 0.593333 0.047143 0.030476
3 0.709286 0.590000 0.044286 0.029524
3 0.772500 0.576190 0.042143 0.030476
10 0.646071 0.504762 0.067857 0.047619
3 0.715000 0.500476 0.050000 0.035238
5 0.775000 0.439048 0.010000 0.022857
5 0.793214 0.440476 0.012143 0.023810
5 0.669286 0.439524 0.020000 0.014286
9 0.535357 0.501905 0.030714 0.024762
7 0.450357 0.478571 0.007857 0.010476
7 0.438214 0.480952 0.006429 0.015238
5 0.444286 0.510952 0.010000 0.023810
7 0.471071 0.465238 0.005000 0.016190
8 0.473571 0.450476 0.008571 0.013333
8 0.480000 0.450000 0.008571 0.012381
7 0.392500 0.459524 0.006429 0.012381
7 0.231071 0.460000 0.009286 0.013333
7 0.219286 0.460000 0.008571 0.017143
7 0.213214 0.462381 0.007857 0.018095
7 0.198929 0.424762 0.010714 0.013333
7 0.163214 0.400952 0.010714 0.017143
7 0.117500 0.368095 0.009286 0.012381
7 0.100714 0.332381 0.011429 0.011429
7 0.105000 0.325714 0.007143 0.011429
3 0.156429 0.290952 0.027143 0.054286
3 0.105000 0.274762 0.040000 0.060000
3 0.047143 0.219524 0.032857 0.052381
3 0.083571 0.222857 0.042857 0.034286
11 0.109643 0.190476 0.033571 0.047619
10 0.118929 0.105238 0.076429 0.111429
3 0.153214 0.094762 0.032143 0.046667
3 0.182143 0.120000 0.031429 0.055238
10 0.953929 0.456190 0.090714 0.055238
3 0.960714 0.984762 0.070000 0.028571
