3 0.467857 0.538706 0.018571 0.067259
3 0.424643 0.488579 0.019286 0.065990
3 0.512857 0.422589 0.018571 0.060914
3 0.273929 0.416878 0.022143 0.062183
3 0.407143 0.880711 0.022857 0.098985
3 0.361786 0.670685 0.047857 0.039340
3 0.180000 0.499365 0.048571 0.039340
3 0.163571 0.612944 0.060000 0.040609
3 0.159643 0.657995 0.060714 0.044416
3 0.284643 0.672589 0.063571 0.050761
3 0.215714 0.743020 0.028571 0.072335
3 0.592500 0.668782 0.052143 0.048223
3 0.593929 0.623731 0.049286 0.046954
3 0.594286 0.575508 0.052857 0.046954
3 0.583929 0.529188 0.043571 0.038071
3 0.589643 0.487944 0.036429 0.041878
3 0.587500 0.451777 0.043571 0.043147
3 0.583571 0.415609 0.042857 0.039340
3 0.586429 0.380076 0.047143 0.044416
3 0.586786 0.342005 0.043571 0.041878
3 0.588571 0.198604 0.037143 0.031726
3 0.527500 0.869924 0.059286 0.049492
3 0.527143 0.920685 0.062857 0.052030
11 0.634286 0.164340 0.018571 0.054569
3 0.678929 0.179569 0.032143 0.046954
3 0.666071 0.146574 0.029286 0.039340
3 0.703929 0.206218 0.027857 0.041878
3 0.724643 0.225888 0.029286 0.043147
11 0.657500 0.082487 0.016429 0.038071
3 0.651786 0.038071 0.015000 0.040609
3 0.582143 0.170051 0.034286 0.030457
11 0.574286 0.077411 0.028571 0.035533
11 0.579643 0.061548 0.029286 0.031726
3 0.575357 0.038071 0.023571 0.017766
3 0.668929 0.286168 0.019286 0.052030
6 0.576786 0.215102 0.030714 0.041878
11 0.567500 0.017132 0.027857 0.034264
3 0.342143 0.973985 0.052857 0.046954
7 0.270714 0.918782 0.010000 0.020305
7 0.271071 0.895939 0.009286 0.017766
7 0.268571 0.885787 0.008571 0.020305
7 0.179286 0.362944 0.012857 0.022843
7 0.310714 0.141497 0.005714 0.029188
7 0.516786 0.260787 0.006429 0.021574
7 0.192143 0.217640 0.007143 0.026650
7 0.194643 0.211294 0.009286 0.026650
7 0.244286 0.289340 0.008571 0.027919
7 0.252500 0.295051 0.006429 0.021574
8 0.256786 0.291244 0.009286 0.019036
3 0.104643 0.064721 0.040714 0.030457
7 0.430357 0.881345 0.006429 0.024112
5 0.546429 0.137690 0.017143 0.021574
8 0.709643 0.939721 0.007857 0.016497
5 0.708214 0.942893 0.007857 0.040609
3 0.519286 0.975254 0.062857 0.044416
10 0.110357 0.028553 0.035000 0.041878
