7 0.075714 0.349619 0.007143 0.013959
7 0.072143 0.354061 0.005714 0.015228
7 0.027500 0.326142 0.006429 0.015228
3 0.015000 0.413706 0.028571 0.025381
3 0.051786 0.447970 0.025000 0.025381
3 0.121071 0.473985 0.027857 0.024112
2 0.307500 0.461929 0.045000 0.030457
10 0.154643 0.441624 0.055000 0.043147
11 0.158214 0.482868 0.032143 0.026650
11 0.287143 0.493020 0.034286 0.024112
3 0.382500 0.503807 0.027857 0.022843
3 0.327857 0.505076 0.027143 0.020305
3 0.230714 0.490482 0.025714 0.024112
3 0.194286 0.483503 0.030000 0.025381
7 0.063214 0.874365 0.009286 0.012690
10 0.503929 0.350888 0.039286 0.034264
10 0.441429 0.498096 0.068571 0.054569
11 0.640000 0.541878 0.034286 0.027919
3 0.592857 0.531726 0.027143 0.022843
3 0.548929 0.527284 0.032143 0.026650
11 0.504643 0.517132 0.033571 0.026650
10 0.548571 0.458756 0.042857 0.039340
3 0.607857 0.501269 0.028571 0.022843
4 0.651786 0.821066 0.009286 0.010152
4 0.668571 0.810914 0.005714 0.010152
4 0.602857 0.751904 0.004286 0.016497
7 0.485000 0.902919 0.007143 0.011421
7 0.525714 0.877538 0.004286 0.008883
3 0.585714 0.975254 0.002857 0.011421
2 0.672143 0.512690 0.042857 0.035533
11 0.726071 0.527284 0.029286 0.026650
11 0.767857 0.530457 0.030000 0.025381
3 0.696429 0.550127 0.022857 0.019036
10 0.762143 0.553934 0.074286 0.057107
2 0.849286 0.541878 0.088571 0.065990
11 0.970000 0.545685 0.031429 0.030457
2 0.938214 0.561548 0.083571 0.062183
2 0.875000 0.592640 0.050000 0.045685
11 0.925000 0.604695 0.034286 0.034264
3 0.972143 0.621193 0.035714 0.029188
