3 0.014643 0.063333 0.029286 0.048571
3 0.099286 0.106190 0.054286 0.067619
7 0.252143 0.118095 0.012857 0.038095
7 0.322143 0.059524 0.004286 0.021905
7 0.328929 0.190000 0.006429 0.018095
7 0.268929 0.210000 0.007857 0.021905
5 0.281071 0.370952 0.017857 0.029524
5 0.270000 0.428571 0.022857 0.030476
8 0.276429 0.365238 0.007143 0.012381
8 0.266071 0.422857 0.009286 0.019048
7 0.360357 0.432857 0.007857 0.027619
10 0.274643 0.722857 0.115000 0.144762
3 0.167500 0.846667 0.105000 0.131429
3 0.489643 0.923810 0.129286 0.148571
7 0.433214 0.617143 0.010714 0.017143
7 0.434286 0.635238 0.007143 0.015238
7 0.448571 0.613333 0.010000 0.015238
7 0.496786 0.633810 0.009286 0.029524
7 0.433571 0.675238 0.011429 0.024762
7 0.550357 0.503810 0.013571 0.032381
7 0.511071 0.565238 0.007857 0.025714
7 0.596429 0.479524 0.007143 0.031429
7 0.616071 0.480000 0.007857 0.026667
7 0.585357 0.502857 0.007857 0.024762
7 0.395714 0.365714 0.011429 0.026667
7 0.391429 0.425714 0.010000 0.024762
7 0.458214 0.417143 0.007857 0.028571
7 0.386071 0.409048 0.009286 0.021905
7 0.398571 0.134286 0.004286 0.013333
7 0.467500 0.082381 0.003571 0.016190
7 0.483929 0.030476 0.009286 0.028571
7 0.391071 0.016190 0.005000 0.015238
7 0.575714 0.010000 0.010000 0.020000
7 0.593571 0.190952 0.004286 0.010476
7 0.660000 0.066190 0.002857 0.014286
3 0.650000 0.314286 0.064286 0.074286
3 0.716429 0.248095 0.054286 0.071429
3 0.824286 0.124286 0.055714 0.065714
3 0.763214 0.194286 0.053571 0.064762
3 0.863214 0.081429 0.047857 0.058095
3 0.907143 0.038571 0.048571 0.054286
5 0.893214 0.117619 0.019286 0.020000
3 0.946429 0.012381 0.045714 0.022857
5 0.918214 0.116190 0.019286 0.019048
8 0.895714 0.111429 0.007143 0.009524
8 0.921429 0.109524 0.007143 0.015238
5 0.152857 0.032857 0.012857 0.021905
7 0.363214 0.341905 0.010714 0.026667
