3 0.476429 0.415238 0.035714 0.036190
3 0.308929 0.564286 0.026429 0.058095
3 0.271786 0.592857 0.030714 0.056190
3 0.164286 0.680952 0.054286 0.045714
3 0.359643 0.509524 0.042143 0.045714
3 0.497500 0.389524 0.035000 0.036190
3 0.521071 0.369048 0.032143 0.031429
3 0.544286 0.343810 0.031429 0.034286
3 0.353571 0.424762 0.037143 0.032381
3 0.084286 0.757619 0.058571 0.039048
3 0.258214 0.455238 0.029286 0.043810
11 0.252857 0.511429 0.044286 0.047619
3 0.688214 0.674762 0.039286 0.061905
5 0.872857 0.335714 0.010000 0.018095
8 0.875357 0.332381 0.005000 0.011429
10 0.675714 0.225714 0.038571 0.041905
10 0.718214 0.168095 0.030714 0.023810
3 0.652857 0.207143 0.021429 0.021905
9 0.746429 0.271905 0.027143 0.021905
9 0.748214 0.344286 0.009286 0.016190
