10 0.652923 0.962430 0.057411 0.071429
11 0.740344 0.879870 0.049582 0.080705
3 0.809760 0.883581 0.056889 0.089981
9 0.684238 0.794063 0.020877 0.040816
3 0.651879 0.590909 0.041754 0.057514
3 0.517745 0.714286 0.040710 0.079777
3 0.607516 0.648423 0.045929 0.068646
3 0.570198 0.590445 0.036013 0.056586
3 0.602557 0.512523 0.039144 0.051020
3 0.744520 0.391466 0.040188 0.033395
11 0.904489 0.159555 0.025052 0.029685
3 0.926670 0.133581 0.023486 0.029685
11 0.967641 0.926716 0.061587 0.089054
7 0.467902 0.662801 0.005741 0.023191
11 0.468424 0.418831 0.034969 0.058442
3 0.357777 0.390538 0.031837 0.053803
3 0.336378 0.355751 0.022443 0.041744
5 0.365344 0.341373 0.008351 0.016698
8 0.364301 0.335807 0.003132 0.014842
11 0.311848 0.303340 0.028706 0.053803
3 0.325939 0.185529 0.021399 0.031540
3 0.329593 0.085343 0.019311 0.029685
7 0.335595 0.005102 0.003132 0.010204
3 0.264353 0.480056 0.031837 0.056586
11 0.244520 0.488868 0.029749 0.059369
3 0.130480 0.583024 0.031315 0.071429
3 0.007568 0.690631 0.015136 0.078850
0 0.180324 0.069109 0.019311 0.025046
11 0.026618 0.051948 0.027140 0.029685
10 0.061587 0.033859 0.042797 0.039889
