3 0.727750 0.789000 0.061500 0.155333
3 0.670500 0.665333 0.064000 0.118667
3 0.822000 0.874667 0.104000 0.197333
3 0.835750 0.728333 0.129500 0.127333
3 0.576500 0.623333 0.096000 0.100000
3 0.672250 0.483333 0.037500 0.056000
3 0.787250 0.504333 0.042500 0.054000
3 0.781500 0.453667 0.059000 0.043333
3 0.680500 0.444333 0.037000 0.047333
11 0.680000 0.396667 0.024000 0.040000
11 0.595000 0.467333 0.038000 0.054667
3 0.513500 0.555333 0.095000 0.048000
3 0.761000 0.363000 0.020000 0.031333
3 0.754000 0.299000 0.018000 0.023333
3 0.729000 0.288000 0.016000 0.018667
3 0.749500 0.273333 0.016000 0.018667
3 0.825750 0.667000 0.119500 0.116667
10 0.206750 0.546000 0.074500 0.110667
11 0.051250 0.485000 0.048500 0.047333
11 0.020250 0.460667 0.033500 0.058667
10 0.424500 0.448667 0.064000 0.086667
3 0.683000 0.351333 0.022000 0.037333
11 0.689500 0.329333 0.017000 0.030667
3 0.695500 0.303667 0.015000 0.018000
3 0.700750 0.280667 0.015500 0.020000
11 0.762000 0.337667 0.025000 0.035333
3 0.759000 0.324333 0.022000 0.024667
11 0.770750 0.271000 0.016500 0.019333
11 0.762250 0.261667 0.034500 0.016667
3 0.744000 0.260000 0.019000 0.013333
3 0.718750 0.272000 0.019500 0.017333
3 0.705750 0.261333 0.016500 0.017333
11 0.722500 0.258333 0.026000 0.020667
3 0.717500 0.245667 0.018000 0.014000
3 0.702250 0.243333 0.012500 0.013333
11 0.705500 0.233333 0.009000 0.012000
3 0.648750 0.266667 0.028500 0.013333
11 0.650000 0.251333 0.024000 0.013333
3 0.636500 0.255333 0.021000 0.013333
3 0.627000 0.259333 0.019000 0.013333
11 0.580500 0.331333 0.027000 0.024000
8 0.012000 0.369000 0.008000 0.018000
1 0.011500 0.376667 0.011000 0.017333
8 0.008250 0.355333 0.006500 0.012000
8 0.015500 0.356667 0.006000 0.012000
8 0.146500 0.495333 0.010000 0.017333
7 0.127500 0.489333 0.010000 0.029333
7 0.336250 0.580333 0.015500 0.042000
5 0.269500 0.588000 0.016000 0.033333
10 0.560250 0.874333 0.107500 0.250000
1 0.637000 0.800333 0.022000 0.068667
7 0.644000 0.769667 0.015000 0.056667
7 0.610000 0.783667 0.020000 0.048667
7 0.610250 0.735000 0.013500 0.051333
7 0.590000 0.746000 0.014000 0.052000
7 0.701750 0.553333 0.011500 0.042667
7 0.581250 0.578000 0.010500 0.045333
7 0.560250 0.575000 0.010500 0.046000
7 0.640750 0.548333 0.015500 0.038000
1 0.638500 0.555000 0.036000 0.031333
7 0.480500 0.526667 0.009000 0.042667
7 0.468250 0.502333 0.008500 0.034000
7 0.496750 0.506667 0.011500 0.036000
7 0.564000 0.527333 0.014000 0.033333
1 0.563500 0.539667 0.028000 0.024667
7 0.763500 0.602667 0.016000 0.038667
5 0.761500 0.613667 0.028000 0.038000
7 0.898000 0.695667 0.023000 0.060667
7 0.908500 0.659667 0.019000 0.054000
7 0.929750 0.622333 0.021500 0.047333
7 0.854750 0.615667 0.013500 0.047333
8 0.863250 0.602333 0.007500 0.019333
7 0.790750 0.590667 0.019500 0.038667
7 0.742250 0.565000 0.016500 0.040667
7 0.737250 0.557667 0.011500 0.039333
7 0.745500 0.540333 0.012000 0.039333
8 0.587000 0.533333 0.013000 0.024000
7 0.805750 0.562667 0.020500 0.041333
7 0.732750 0.383333 0.007500 0.025333
7 0.785750 0.365667 0.008500 0.027333
8 0.785500 0.362000 0.005000 0.013333
3 0.975250 0.199667 0.021500 0.010000
11 0.960750 0.225333 0.025500 0.014667
11 0.992250 0.212667 0.014500 0.017333
3 0.722250 0.963667 0.098500 0.071333
4 0.797000 0.408000 0.056000 0.038667
4 0.962750 0.591667 0.032500 0.044667
