7 0.392500 0.946667 0.015000 0.019048
7 0.386786 0.950476 0.015000 0.017143
7 0.251429 0.939048 0.011429 0.019048
7 0.264286 0.928571 0.014286 0.013333
7 0.269643 0.920952 0.015000 0.015238
7 0.286429 0.832381 0.010000 0.015238
3 0.282857 0.854286 0.034286 0.032381
3 0.292143 0.824286 0.030000 0.029524
11 0.370357 0.512381 0.012143 0.017143
3 0.360714 0.521905 0.008571 0.009524
3 0.357500 0.524286 0.009286 0.008571
3 0.466429 0.841905 0.024286 0.072381
3 0.498571 0.796667 0.024286 0.071429
3 0.540357 0.749048 0.023571 0.061905
3 0.565357 0.705238 0.029286 0.056190
3 0.471786 0.773333 0.023571 0.053333
3 0.505357 0.728095 0.022143 0.054286
3 0.479286 0.719524 0.020000 0.046667
3 0.535000 0.685714 0.022857 0.049524
3 0.562857 0.639524 0.022857 0.042857
3 0.537143 0.639524 0.020000 0.042857
3 0.507500 0.675714 0.019286 0.042857
11 0.482143 0.670476 0.020000 0.041905
3 0.505714 0.635714 0.017143 0.039048
3 0.484643 0.633810 0.016429 0.031429
3 0.558571 0.599048 0.018571 0.040000
3 0.534286 0.597143 0.020000 0.040000
3 0.509643 0.597143 0.016429 0.032381
7 0.497143 0.592381 0.007143 0.013333
7 0.514643 0.566667 0.007857 0.013333
7 0.517857 0.563333 0.008571 0.014286
3 0.486429 0.596190 0.018571 0.032381
3 0.488214 0.569048 0.013571 0.025714
11 0.506429 0.567143 0.015714 0.033333
3 0.533214 0.567619 0.016429 0.028571
7 0.571071 0.572381 0.007857 0.013333
3 0.555357 0.560000 0.017857 0.032381
11 0.530357 0.532381 0.015000 0.028571
3 0.550000 0.526190 0.017143 0.029524
3 0.512143 0.524762 0.012857 0.024762
3 0.512857 0.500476 0.011429 0.021905
3 0.548571 0.502857 0.012857 0.022857
11 0.546429 0.476667 0.014286 0.021905
3 0.541786 0.461429 0.012143 0.020000
3 0.529643 0.476190 0.010714 0.020952
3 0.530000 0.449524 0.010000 0.017143
3 0.571071 0.458571 0.012143 0.021905
3 0.587143 0.429048 0.011429 0.021905
3 0.562500 0.424762 0.010714 0.017143
11 0.556429 0.394762 0.008571 0.016190
3 0.570714 0.393810 0.010000 0.016190
3 0.584643 0.372857 0.007857 0.014286
3 0.569643 0.371429 0.007857 0.011429
3 0.553571 0.383333 0.007143 0.010476
3 0.562857 0.360952 0.007143 0.009524
3 0.551071 0.368571 0.007857 0.011429
3 0.561429 0.354286 0.005714 0.009524
3 0.550357 0.357143 0.005000 0.007619
3 0.546786 0.350476 0.006429 0.009524
3 0.557857 0.342857 0.005714 0.007619
3 0.545000 0.339524 0.004286 0.006667
3 0.556786 0.320952 0.005000 0.007619
3 0.545000 0.330952 0.004286 0.006667
3 0.549643 0.321905 0.003571 0.005714
3 0.541429 0.328095 0.002857 0.006667
3 0.540357 0.320000 0.003571 0.003810
3 0.546429 0.315714 0.002857 0.004762
3 0.539643 0.313810 0.003571 0.004762
3 0.545357 0.308571 0.003571 0.003810
3 0.543929 0.305238 0.003571 0.004762
3 0.537857 0.307619 0.002857 0.003810
3 0.536071 0.303810 0.003571 0.003810
3 0.542143 0.299524 0.002857 0.004762
3 0.541429 0.294286 0.002857 0.001905
3 0.535000 0.299524 0.002857 0.002857
2 0.517500 0.288095 0.003571 0.006667
3 0.521786 0.285238 0.002143 0.002857
3 0.513929 0.292857 0.002143 0.002857
3 0.526071 0.287143 0.002143 0.002857
3 0.524643 0.290952 0.002143 0.002857
3 0.512857 0.306667 0.002857 0.001905
3 0.517500 0.305238 0.002143 0.002857
3 0.521786 0.301905 0.002143 0.003810
3 0.525357 0.300000 0.002143 0.003810
3 0.526429 0.311905 0.002857 0.002857
3 0.517857 0.310952 0.002857 0.002857
3 0.505357 0.335714 0.003571 0.006667
3 0.512143 0.335714 0.002857 0.004762
3 0.516071 0.339048 0.005000 0.005714
3 0.522143 0.344286 0.004286 0.006667
3 0.501786 0.359524 0.005000 0.008571
3 0.513571 0.353333 0.004286 0.005714
3 0.506071 0.384286 0.005000 0.010476
11 0.533929 0.370000 0.006429 0.010476
3 0.512500 0.394762 0.006429 0.012381
7 0.521786 0.395714 0.003571 0.008571
3 0.432857 0.451905 0.012857 0.010476
10 0.434286 0.447143 0.010000 0.010476
3 0.457857 0.446190 0.014286 0.010476
3 0.443929 0.428571 0.010714 0.013333
