10 0.390714 0.695714 0.170000 0.103810
3 0.075000 0.895238 0.088571 0.072381
3 0.535714 0.738571 0.081429 0.061905
5 0.630000 0.728571 0.040000 0.024762
11 0.470714 0.324286 0.031429 0.050476
11 0.524286 0.364286 0.035714 0.063810
3 0.548571 0.351429 0.030000 0.047619
3 0.571429 0.345238 0.030000 0.054286
3 0.601071 0.333810 0.032143 0.067619
3 0.625714 0.329048 0.031429 0.061905
3 0.652857 0.320952 0.030000 0.055238
11 0.662500 0.259524 0.043571 0.037143
3 0.681786 0.312857 0.027857 0.063810
11 0.709286 0.301905 0.027143 0.062857
11 0.736429 0.300000 0.027143 0.049524
11 0.758571 0.283810 0.027143 0.055238
3 0.805357 0.286667 0.037857 0.053333
3 0.826071 0.274762 0.037857 0.054286
3 0.850714 0.263810 0.038571 0.055238
3 0.875714 0.257619 0.035714 0.048571
3 0.901786 0.252857 0.039286 0.048571
3 0.941786 0.247143 0.047857 0.065714
5 0.853214 0.206667 0.013571 0.028571
5 0.829286 0.215714 0.010000 0.021905
5 0.817143 0.217619 0.008571 0.021905
5 0.805000 0.223333 0.011429 0.027619
5 0.788929 0.227619 0.016429 0.022857
3 0.760000 0.417619 0.051429 0.035238
11 0.700357 0.426190 0.046429 0.039048
3 0.642500 0.447143 0.049286 0.039048
3 0.816429 0.902381 0.062857 0.058095
3 0.864643 0.810952 0.033571 0.090476
3 0.714286 0.899524 0.068571 0.061905
3 0.801071 0.864286 0.082143 0.075238
5 0.916786 0.759048 0.019286 0.040000
