7 0.481071 0.504762 0.015000 0.049524
7 0.635000 0.422857 0.008571 0.036190
8 0.334286 0.613810 0.025714 0.067619
8 0.213929 0.610476 0.023571 0.064762
5 0.208929 0.614762 0.065000 0.052381
5 0.334286 0.620476 0.050000 0.040952
3 0.205357 0.502381 0.100714 0.056190
8 0.225000 0.379524 0.007143 0.014286
8 0.183214 0.387143 0.007857 0.018095
8 0.272500 0.389048 0.007857 0.016190
8 0.278214 0.344762 0.003571 0.007619
7 0.140000 0.403810 0.007143 0.022857
1 0.139286 0.405714 0.008571 0.013333
5 0.182500 0.390476 0.017857 0.013333
5 0.226429 0.383810 0.008571 0.013333
5 0.273571 0.390952 0.011429 0.016190
3 0.308214 0.401905 0.027857 0.026667
3 0.278214 0.372857 0.022143 0.018095
3 0.283571 0.367143 0.018571 0.016190
10 0.328929 0.373810 0.035000 0.040952
3 0.239643 0.371429 0.019286 0.015238
11 0.223929 0.372857 0.022143 0.025714
11 0.212500 0.368095 0.016429 0.020000
11 0.145000 0.372857 0.030000 0.023810
3 0.115000 0.377619 0.024286 0.027619
10 0.165714 0.365238 0.021429 0.027619
3 0.943929 0.660476 0.110714 0.096190
3 0.938214 0.602381 0.120714 0.063810
3 0.697500 0.546190 0.107857 0.075238
8 0.621071 0.430952 0.009286 0.029524
8 0.627857 0.436190 0.011429 0.024762
8 0.670000 0.467619 0.014286 0.028571
5 0.618214 0.434762 0.016429 0.016190
5 0.628929 0.443333 0.023571 0.021905
1 0.636071 0.427619 0.016429 0.017143
5 0.671429 0.478571 0.015714 0.025714
7 0.713929 0.430000 0.009286 0.027619
3 0.531071 0.423333 0.040714 0.031429
3 0.467500 0.396190 0.039286 0.020952
3 0.449286 0.381905 0.035714 0.019048
7 0.438929 0.373333 0.005000 0.015238
3 0.652857 0.371905 0.025714 0.020000
3 0.621786 0.374286 0.027857 0.013333
3 0.625000 0.371905 0.027143 0.018095
3 0.587143 0.380952 0.032857 0.020952
3 0.590357 0.376667 0.029286 0.021905
11 0.550000 0.381905 0.034286 0.024762
3 0.562143 0.373810 0.027143 0.018095
3 0.518929 0.383333 0.037857 0.018095
10 0.519286 0.369048 0.047143 0.033333
2 0.521071 0.364286 0.080714 0.040952
7 0.601429 0.355714 0.002857 0.012381
7 0.610714 0.357619 0.004286 0.010476
8 0.618929 0.357619 0.003571 0.008571
8 0.648214 0.357143 0.003571 0.009524
1 0.623214 0.358095 0.009286 0.005714
1 0.648571 0.360000 0.008571 0.007619
10 0.398929 0.374762 0.055000 0.023810
7 0.408214 0.374762 0.005000 0.020000
7 0.404286 0.373810 0.005714 0.020000
7 0.399643 0.376190 0.007857 0.017143
7 0.398214 0.371905 0.007857 0.021905
7 0.272857 0.350476 0.004286 0.011429
3 0.248214 0.354286 0.013571 0.015238
3 0.227857 0.349048 0.014286 0.012381
10 0.233214 0.361905 0.023571 0.022857
2 0.223571 0.347619 0.021429 0.019048
2 0.207143 0.338095 0.015714 0.017143
3 0.212500 0.354762 0.016429 0.010476
3 0.204643 0.351429 0.010714 0.011429
3 0.205357 0.348095 0.009286 0.012381
3 0.198929 0.349524 0.012143 0.011429
3 0.203571 0.366190 0.012857 0.014286
3 0.200714 0.363810 0.014286 0.015238
3 0.194286 0.358571 0.014286 0.012381
3 0.188214 0.354286 0.010714 0.013333
4 0.185714 0.341905 0.030000 0.013333
3 0.139643 0.367143 0.023571 0.023810
3 0.130000 0.352857 0.011429 0.016190
3 0.113929 0.348095 0.010714 0.012381
4 0.113571 0.331905 0.008571 0.020000
