3 0.652143 0.887619 0.160000 0.222857
3 0.448571 0.743810 0.137143 0.203810
3 0.815714 0.561905 0.117143 0.120000
3 0.456429 0.369524 0.062857 0.102857
3 0.447857 0.260476 0.078571 0.079048
3 0.187143 0.182381 0.084286 0.056190
3 0.183571 0.261905 0.097143 0.066667
3 0.118571 0.300000 0.111429 0.072381
3 0.084643 0.230952 0.090714 0.071429
3 0.752500 0.220476 0.087857 0.061905
3 0.958571 0.240952 0.081429 0.060952
2 0.286786 0.705714 0.402143 0.546667
10 0.263571 0.138571 0.108571 0.086667
3 0.031071 0.262857 0.062143 0.081905
7 0.034286 0.474762 0.035714 0.065714
7 0.305000 0.281429 0.017143 0.054286
7 0.347500 0.328571 0.015000 0.053333
7 0.096429 0.510952 0.041429 0.065714
7 0.066071 0.563810 0.037857 0.062857
7 0.072857 0.492857 0.031429 0.058095
8 0.138214 0.557143 0.029286 0.045714
8 0.223571 0.485714 0.032857 0.047619
5 0.150714 0.562381 0.061429 0.046667
5 0.227857 0.502857 0.042857 0.049524
7 0.522857 0.258571 0.014286 0.046667
7 0.573214 0.231429 0.015000 0.047619
7 0.614286 0.225238 0.015714 0.048571
7 0.516429 0.250000 0.011429 0.048571
7 0.509286 0.232381 0.011429 0.049524
7 0.565000 0.229048 0.014286 0.044762
8 0.638214 0.231429 0.012143 0.041905
8 0.540714 0.105238 0.008571 0.037143
8 0.456429 0.085714 0.011429 0.032381
8 0.669286 0.160952 0.008571 0.026667
8 0.677143 0.140000 0.012857 0.030476
1 0.636071 0.245238 0.025000 0.031429
1 0.539643 0.113810 0.026429 0.027619
1 0.455357 0.095714 0.023571 0.021905
1 0.677500 0.151905 0.022143 0.020000
5 0.646429 0.109048 0.031429 0.031429
5 0.626786 0.157619 0.017857 0.027619
5 0.669643 0.171905 0.019286 0.025714
7 0.703929 0.170952 0.013571 0.039048
7 0.688929 0.160476 0.007857 0.040952
7 0.692143 0.152857 0.010000 0.039048
7 0.797500 0.170476 0.007857 0.038095
7 0.778571 0.179524 0.012857 0.046667
7 0.766786 0.125238 0.009286 0.029524
5 0.818929 0.189524 0.020714 0.043810
9 0.720000 0.157619 0.055714 0.073333
9 0.761071 0.120000 0.045000 0.051429
9 0.782857 0.160952 0.051429 0.064762
7 0.847143 0.099048 0.014286 0.041905
7 0.881429 0.100952 0.015714 0.040000
7 0.876429 0.088095 0.012857 0.042857
7 0.910357 0.060000 0.009286 0.032381
7 0.598214 0.043333 0.010714 0.037143
7 0.011071 0.008571 0.010714 0.017143
7 0.119286 0.008095 0.008571 0.016190
7 0.143929 0.008571 0.009286 0.017143
7 0.227857 0.030952 0.012857 0.035238
7 0.252500 0.031429 0.013571 0.032381
7 0.270000 0.036667 0.014286 0.033333
7 0.273214 0.032857 0.015000 0.031429
8 0.205714 0.042857 0.012857 0.030476
1 0.209643 0.048571 0.019286 0.026667
7 0.509286 0.033333 0.007143 0.032381
1 0.508214 0.035714 0.017857 0.018095
9 0.620714 0.055238 0.008571 0.026667
9 0.586786 0.049524 0.009286 0.024762
9 0.740714 0.067143 0.027143 0.029524
7 0.352143 0.317143 0.012857 0.057143
