3 0.355750 0.907333 0.058500 0.173333
7 0.368500 0.774000 0.016000 0.037333
7 0.385250 0.638333 0.012500 0.034000
3 0.363250 0.608667 0.034500 0.082667
3 0.365750 0.532667 0.030500 0.073333
3 0.369250 0.465333 0.027500 0.054667
3 0.378000 0.399333 0.030000 0.056000
3 0.378000 0.326667 0.022000 0.041333
3 0.485500 0.555000 0.036000 0.083333
3 0.618500 0.382000 0.049000 0.034667
3 0.615250 0.360667 0.054500 0.032000
3 0.607750 0.343667 0.052500 0.032667
3 0.453750 0.263333 0.034500 0.029333
3 0.439250 0.230000 0.021500 0.030667
3 0.434000 0.173000 0.016000 0.024667
11 0.478750 0.147667 0.023500 0.022000
3 0.612500 0.271667 0.032000 0.024667
7 0.494500 0.172333 0.005000 0.016667
3 0.430000 0.132000 0.012000 0.017333
3 0.863500 0.897000 0.118000 0.102000
3 0.952250 0.880667 0.094500 0.157333
3 0.934000 0.732000 0.090000 0.126667
3 0.976500 0.727000 0.046000 0.114000
3 0.104500 0.747667 0.068000 0.126000
7 0.104750 0.584333 0.019500 0.032667
7 0.258500 0.582000 0.010000 0.022667
8 0.249000 0.544667 0.014000 0.022667
8 0.265500 0.538000 0.008000 0.021333
8 0.270000 0.524000 0.012000 0.014667
8 0.258500 0.521333 0.010000 0.022667
8 0.250500 0.541000 0.008000 0.011333
8 0.243250 0.533667 0.007500 0.019333
10 0.392250 0.013667 0.010500 0.023333
7 0.350750 0.127333 0.005500 0.012000
3 0.348000 0.119333 0.024000 0.013333
3 0.292500 0.122000 0.022000 0.016000
3 0.284500 0.144000 0.028000 0.016000
3 0.206750 0.156000 0.024500 0.014667
3 0.228750 0.139667 0.025500 0.014000
7 0.249500 0.132667 0.005000 0.013333
7 0.212750 0.141333 0.006500 0.014667
3 0.174000 0.159667 0.027000 0.015333
3 0.097750 0.171000 0.035500 0.018000
3 0.050250 0.177000 0.035500 0.020667
3 0.013500 0.183667 0.027000 0.018000
3 0.032500 0.169000 0.034000 0.018000
11 0.071000 0.158000 0.029000 0.020000
11 0.105250 0.154000 0.028500 0.017333
3 0.147000 0.149667 0.032000 0.020667
3 0.187000 0.145333 0.029000 0.016000
11 0.205750 0.116333 0.014500 0.018000
