11 0.689286 0.954315 0.042857 0.086294
3 0.658571 0.887056 0.038571 0.083756
3 0.628929 0.800127 0.032143 0.077411
11 0.622500 0.739848 0.027857 0.063452
3 0.481429 0.592005 0.022857 0.046954
3 0.593929 0.680838 0.026429 0.059645
3 0.580714 0.606599 0.024286 0.053299
3 0.568571 0.571066 0.018571 0.040609
3 0.559643 0.533629 0.019286 0.041878
3 0.548929 0.506980 0.016429 0.041878
3 0.544286 0.485406 0.014286 0.029188
3 0.534643 0.460025 0.015000 0.034264
10 0.485357 0.469543 0.023571 0.063452
3 0.455357 0.428934 0.013571 0.027919
7 0.643214 0.707487 0.006429 0.026650
7 0.604643 0.550761 0.005000 0.022843
7 0.608929 0.548223 0.005000 0.022843
7 0.541071 0.360406 0.005000 0.017766
7 0.518571 0.306472 0.002857 0.013959
7 0.523571 0.297589 0.002857 0.013959
7 0.516786 0.293147 0.003571 0.012690
7 0.498929 0.266497 0.003571 0.015228
7 0.506429 0.254442 0.002857 0.013959
10 0.473214 0.317893 0.019286 0.057107
10 0.454286 0.313452 0.014286 0.035533
10 0.435000 0.201777 0.011429 0.035533
2 0.459643 0.276015 0.012143 0.031726
2 0.470000 0.193528 0.012857 0.026650
3 0.460000 0.347081 0.010000 0.019036
7 0.437500 0.338198 0.002143 0.011421
7 0.372857 0.317259 0.002857 0.012690
7 0.369643 0.316624 0.005000 0.013959
7 0.430714 0.255711 0.002857 0.008883
5 0.160714 0.744289 0.015714 0.039340
8 0.161071 0.727157 0.010714 0.027919
3 0.234643 0.645939 0.033571 0.068528
11 0.015357 0.616751 0.030714 0.068528
3 0.133214 0.545051 0.035000 0.044416
11 0.300000 0.342005 0.018571 0.034264
3 0.308929 0.258883 0.013571 0.025381
3 0.263929 0.248096 0.013571 0.019036
3 0.334643 0.201142 0.009286 0.016497
3 0.346429 0.175127 0.008571 0.015228
3 0.382857 0.147843 0.007143 0.013959
3 0.373571 0.139594 0.007143 0.012690
3 0.363571 0.133249 0.007143 0.010152
11 0.302143 0.174492 0.011429 0.019036
3 0.335714 0.152284 0.007143 0.015228
3 0.346429 0.129442 0.007143 0.010152
3 0.364286 0.067259 0.005714 0.007614
3 0.337500 0.107868 0.007857 0.010152
11 0.341071 0.120558 0.007857 0.012690
10 0.316071 0.134518 0.015000 0.025381
3 0.370714 0.116751 0.005714 0.012690
3 0.393929 0.117386 0.005000 0.008883
3 0.386429 0.105964 0.005714 0.008883
3 0.397857 0.075508 0.004286 0.008883
3 0.396429 0.058376 0.004286 0.007614
3 0.410000 0.058376 0.002857 0.007614
3 0.411786 0.048223 0.003571 0.007614
3 0.408214 0.045051 0.002143 0.006345
3 0.401071 0.044416 0.003571 0.007614
3 0.404286 0.039340 0.002857 0.005076
10 0.371429 0.051396 0.005714 0.013959
10 0.380000 0.050761 0.007143 0.012690
10 0.383571 0.042513 0.007143 0.013959
4 0.402857 0.021574 0.040000 0.027919
3 0.440357 0.167513 0.007857 0.010152
3 0.443929 0.156726 0.005000 0.011421
3 0.447143 0.152919 0.004286 0.008883
3 0.458571 0.149746 0.004286 0.012690
4 0.452857 0.097716 0.040000 0.053299
7 0.055357 0.462563 0.006429 0.011421
7 0.060000 0.446701 0.004286 0.015228
7 0.064286 0.441624 0.002857 0.015228
7 0.070000 0.432741 0.004286 0.015228
7 0.076071 0.423858 0.005000 0.017766
7 0.083571 0.423223 0.004286 0.016497
7 0.092500 0.394670 0.003571 0.017766
7 0.128929 0.369924 0.003571 0.008883
7 0.145000 0.347081 0.001429 0.008883
7 0.147857 0.347081 0.002857 0.011421
7 0.165357 0.294416 0.002143 0.015228
7 0.188214 0.291244 0.005000 0.008883
7 0.191071 0.270939 0.002143 0.011421
7 0.193214 0.271574 0.002143 0.012690
7 0.196429 0.263959 0.002857 0.012690
7 0.210357 0.239213 0.002143 0.011421
7 0.239643 0.214467 0.002143 0.012690
7 0.221071 0.227792 0.002143 0.011421
7 0.236071 0.211929 0.002143 0.010152
7 0.257857 0.190355 0.002857 0.012690
