7 0.479286 0.684286 0.028571 0.067619
7 0.484286 0.537619 0.021429 0.067619
7 0.173571 0.578571 0.030000 0.071429
7 0.115357 0.563810 0.026429 0.078095
7 0.328929 0.456667 0.012143 0.039048
8 0.485714 0.523333 0.008571 0.039048
7 0.339286 0.439524 0.014286 0.042857
7 0.250357 0.368571 0.003571 0.015238
8 0.280714 0.371429 0.007143 0.013333
1 0.282857 0.378571 0.017143 0.016190
7 0.050357 0.381429 0.012143 0.029524
8 0.114286 0.366667 0.010000 0.015238
8 0.110714 0.364762 0.010000 0.015238
8 0.107500 0.365714 0.009286 0.013333
7 0.155357 0.383333 0.017857 0.035238
5 0.428929 0.412381 0.025000 0.019048
5 0.428929 0.359524 0.016429 0.018095
7 0.458571 0.355238 0.005714 0.024762
7 0.452857 0.354286 0.005714 0.022857
7 0.511429 0.354286 0.007143 0.020952
7 0.518929 0.354286 0.009286 0.024762
8 0.495000 0.388571 0.005714 0.022857
7 0.621429 0.349048 0.007143 0.021905
7 0.644643 0.390476 0.006429 0.019048
7 0.652143 0.384286 0.007143 0.029524
7 0.716429 0.340000 0.004286 0.017143
7 0.747500 0.340952 0.006429 0.013333
7 0.760357 0.343810 0.005000 0.017143
11 0.732500 0.339524 0.036429 0.021905
7 0.905000 0.339048 0.004286 0.011429
7 0.889643 0.370000 0.005000 0.023810
7 0.896071 0.371905 0.006429 0.025714
7 0.926786 0.378095 0.007857 0.026667
1 0.909643 0.371905 0.013571 0.012381
7 0.943571 0.381429 0.007143 0.025714
7 0.951786 0.376190 0.006429 0.026667
7 0.957857 0.381905 0.008571 0.024762
7 0.967500 0.385238 0.006429 0.025714
7 0.984286 0.382857 0.010000 0.028571
7 0.979286 0.372381 0.007143 0.022857
7 0.964286 0.375714 0.007143 0.025714
7 0.945000 0.373333 0.007143 0.030476
8 0.939286 0.498095 0.022857 0.043810
1 0.978214 0.480000 0.039286 0.028571
