10 0.130357 0.519670 0.042143 0.031726
10 0.246786 0.493655 0.040714 0.035533
11 0.410357 0.940355 0.023571 0.098985
11 0.413929 0.751269 0.020714 0.068528
3 0.486071 0.819797 0.026429 0.048223
2 0.516429 0.581853 0.067143 0.074873
3 0.527857 0.527919 0.031429 0.020305
11 0.486786 0.386421 0.015000 0.036802
3 0.463214 0.300761 0.013571 0.020305
3 0.462857 0.258249 0.011429 0.019036
3 0.508214 0.233503 0.012143 0.015228
11 0.479643 0.208122 0.010714 0.020305
3 0.550000 0.147843 0.007143 0.016497
3 0.499286 0.201142 0.011429 0.019036
3 0.519643 0.146574 0.010714 0.019036
3 0.528571 0.099619 0.008571 0.013959
3 0.531786 0.119924 0.010714 0.011421
3 0.551429 0.067893 0.007143 0.011421
3 0.575000 0.038706 0.008571 0.011421
10 0.588571 0.025381 0.010000 0.012690
2 0.335714 0.307741 0.028571 0.031726
10 0.368214 0.286168 0.037857 0.041878
5 0.505000 0.487944 0.015714 0.016497
4 0.522500 0.364213 0.040714 0.142132
4 0.539643 0.295685 0.027857 0.058376
4 0.599286 0.091371 0.027143 0.022843
2 0.349286 0.649112 0.055714 0.107868
