3 0.054000 0.733667 0.036000 0.060667
3 0.091750 0.733333 0.035500 0.064000
3 0.174500 0.734333 0.037000 0.056667
3 0.258000 0.713333 0.029000 0.049333
3 0.298000 0.734000 0.039000 0.060000
3 0.383500 0.726667 0.031000 0.054667
3 0.329000 0.835000 0.074000 0.034000
3 0.433250 0.722667 0.044500 0.064000
3 0.512000 0.730667 0.025000 0.045333
1 0.488250 0.932667 0.032500 0.018667
8 0.488250 0.925667 0.015500 0.034000
8 0.536250 0.922000 0.013500 0.028000
1 0.537000 0.925000 0.033000 0.022000
7 0.609250 0.984667 0.011500 0.028000
3 0.583750 0.708333 0.036500 0.071333
3 0.630000 0.719333 0.046000 0.069333
3 0.675000 0.717333 0.034000 0.060000
3 0.714000 0.716000 0.031000 0.058667
3 0.729500 0.798667 0.083000 0.057333
1 0.753500 0.909000 0.026000 0.027333
8 0.755750 0.900667 0.018500 0.040000
8 0.826250 0.849333 0.008500 0.022667
7 0.819250 0.830667 0.016500 0.028000
7 0.847750 0.800667 0.012500 0.033333
1 0.920750 0.794667 0.017500 0.036000
8 0.920750 0.784333 0.016500 0.026000
3 0.973000 0.751333 0.051000 0.069333
3 0.970750 0.655667 0.056500 0.054000
10 0.863000 0.448000 0.066000 0.033333
4 0.733750 0.351667 0.067500 0.078000
4 0.683250 0.279333 0.037500 0.037333
7 0.705250 0.267667 0.003500 0.012667
7 0.655750 0.259667 0.003500 0.015333
7 0.659000 0.258667 0.004000 0.013333
3 0.654500 0.204667 0.019000 0.010667
3 0.632000 0.300000 0.018000 0.020000
7 0.573250 0.345333 0.005500 0.018667
7 0.574500 0.379667 0.006000 0.019333
7 0.601000 0.369000 0.004000 0.018000
7 0.617750 0.374333 0.004500 0.018000
7 0.620500 0.399333 0.005000 0.020000
1 0.578000 0.392333 0.014000 0.011333
1 0.580750 0.401333 0.014500 0.013333
7 0.635250 0.521667 0.008500 0.027333
7 0.639000 0.518667 0.007000 0.026667
7 0.649250 0.521333 0.007500 0.026667
4 0.516000 0.500333 0.009000 0.036667
4 0.558000 0.481667 0.049000 0.106000
4 0.601000 0.479667 0.057000 0.120667
3 0.754500 0.687667 0.054000 0.055333
3 0.745750 0.620667 0.055500 0.045333
3 0.795500 0.613333 0.031000 0.044000
7 0.850250 0.701667 0.015500 0.028667
10 0.817500 0.556333 0.052000 0.088667
1 0.867750 0.576333 0.012500 0.024667
8 0.869500 0.570333 0.010000 0.027333
8 0.887500 0.566667 0.009000 0.024000
1 0.885750 0.570333 0.013500 0.023333
1 0.900000 0.636667 0.018000 0.028000
8 0.902250 0.630333 0.011500 0.022000
7 0.903750 0.616000 0.013500 0.029333
8 0.912500 0.617667 0.011000 0.030000
1 0.991250 0.599667 0.016500 0.018000
1 0.987500 0.590333 0.020000 0.019333
1 0.961750 0.573333 0.019500 0.020000
1 0.958000 0.556000 0.021000 0.017333
1 0.954000 0.552000 0.021000 0.016000
1 0.978750 0.580000 0.022500 0.017333
9 0.929750 0.175000 0.010500 0.011333
2 0.929000 0.157667 0.027000 0.015333
3 0.937000 0.120333 0.004000 0.006000
3 0.944000 0.119667 0.010000 0.006000
3 0.953250 0.118667 0.008500 0.006667
3 0.961750 0.119333 0.008500 0.008000
3 0.884250 0.127000 0.016500 0.007333
3 0.861250 0.116000 0.005500 0.006667
3 0.849250 0.116000 0.009500 0.006667
10 0.827500 0.112333 0.015000 0.008667
3 0.810250 0.149667 0.014500 0.008667
1 0.779000 0.465667 0.010000 0.015333
8 0.778500 0.459333 0.007000 0.017333
3 0.713250 0.559000 0.044500 0.036667
3 0.701750 0.536667 0.048500 0.034667
3 0.699250 0.508000 0.044500 0.034667
3 0.684000 0.477000 0.039000 0.032667
3 0.677500 0.456333 0.038000 0.027333
3 0.667250 0.434333 0.035500 0.027333
3 0.656250 0.418000 0.034500 0.024000
3 0.645750 0.403667 0.035500 0.023333
3 0.638250 0.387667 0.036500 0.023333
3 0.725500 0.470667 0.031000 0.033333
3 0.700500 0.433000 0.028000 0.030000
3 0.686250 0.405667 0.025500 0.023333
3 0.676750 0.374667 0.028500 0.032000
7 0.589000 0.322333 0.006000 0.016667
3 0.600750 0.317000 0.035500 0.016667
4 0.576000 0.293333 0.018000 0.041333
4 0.595750 0.297333 0.017500 0.020000
