3 0.665357 0.416667 0.049286 0.080952
3 0.688571 0.276190 0.042857 0.062857
3 0.645000 0.220952 0.044286 0.057143
3 0.535000 0.475714 0.054286 0.084762
3 0.498571 0.630952 0.057143 0.092381
3 0.461786 0.812857 0.073571 0.122857
3 0.427143 0.758571 0.072857 0.117143
3 0.362143 0.761905 0.075714 0.118095
3 0.339643 0.704286 0.082143 0.120952
3 0.430000 0.554762 0.064286 0.086667
3 0.450714 0.611429 0.062857 0.100952
5 0.215000 0.601429 0.027143 0.031429
5 0.310357 0.611905 0.025000 0.039048
5 0.269286 0.618095 0.027143 0.041905
5 0.257143 0.608095 0.031429 0.042857
5 0.441786 0.447143 0.026429 0.037143
8 0.216429 0.588095 0.017143 0.027619
8 0.311786 0.608095 0.015000 0.035238
8 0.267143 0.611429 0.017143 0.022857
8 0.254286 0.600476 0.018571 0.023810
8 0.442857 0.441905 0.012857 0.020952
