3 0.377500 0.662381 0.046429 0.162857
3 0.448929 0.618095 0.046429 0.140952
3 0.673214 0.592857 0.040714 0.111429
3 0.692857 0.767143 0.047143 0.149524
3 0.653214 0.414286 0.033571 0.087619
3 0.643571 0.255238 0.027143 0.059048
3 0.625000 0.151429 0.022857 0.051429
2 0.617500 0.058095 0.040714 0.099048
5 0.806786 0.831429 0.012143 0.043810
5 0.775714 0.645714 0.014286 0.043810
5 0.804286 0.637619 0.012857 0.037143
5 0.660000 0.019524 0.007143 0.018095
5 0.669643 0.046190 0.007857 0.016190
5 0.690714 0.100000 0.007143 0.020952
3 0.638214 0.033333 0.026429 0.041905
7 0.889643 0.440476 0.009286 0.039048
7 0.874643 0.431429 0.009286 0.034286
8 0.803929 0.627619 0.009286 0.015238
8 0.775000 0.636190 0.012857 0.019048
8 0.806429 0.820952 0.008571 0.019048
8 0.660000 0.014762 0.005714 0.008571
8 0.671786 0.046190 0.005000 0.016190
8 0.691071 0.093810 0.005000 0.008571
