3 0.234864 0.003247 0.017745 0.006494
3 0.164666 0.010668 0.018267 0.013915
3 0.192850 0.023191 0.019311 0.014842
3 0.186587 0.043599 0.020355 0.014842
11 0.164666 0.054731 0.017223 0.016698
3 0.258351 0.028757 0.017745 0.014842
2 0.316023 0.007885 0.013048 0.015770
10 0.298278 0.030612 0.021399 0.031540
10 0.198330 0.101113 0.013570 0.029685
3 0.245303 0.101577 0.010438 0.023191
3 0.262526 0.098794 0.011482 0.023191
3 0.218685 0.144712 0.011482 0.022263
3 0.176148 0.171150 0.026618 0.025046
3 0.124217 0.224954 0.030271 0.025046
11 0.268789 0.193878 0.021921 0.024119
3 0.163883 0.185993 0.027140 0.021336
3 0.110908 0.239332 0.032881 0.024119
3 0.167797 0.301020 0.032881 0.028757
5 0.243998 0.339981 0.010960 0.017625
5 0.260699 0.345083 0.006785 0.020408
10 0.313935 0.254638 0.024530 0.080705
10 0.410491 0.244434 0.036013 0.039889
10 0.419363 0.306586 0.026618 0.060297
3 0.509656 0.288497 0.030793 0.027829
3 0.460073 0.482375 0.042276 0.042672
3 0.573852 0.440167 0.037056 0.032468
3 0.540449 0.381262 0.032881 0.033395
3 0.472077 0.556586 0.046451 0.037106
3 0.535752 0.364100 0.036013 0.026902
3 0.455637 0.451763 0.038622 0.035250
3 0.625783 0.599722 0.048017 0.047310
3 0.646138 0.630334 0.050104 0.049165
3 0.657620 0.666048 0.054280 0.055659
5 0.692589 0.786642 0.008351 0.038961
3 0.210595 0.876160 0.049582 0.089981
3 0.242693 0.903525 0.054280 0.098330
3 0.716597 0.060761 0.025052 0.015770
3 0.782620 0.112709 0.009916 0.025046
3 0.716075 0.096939 0.008351 0.021336
11 0.699896 0.090445 0.007307 0.025046
3 0.686587 0.092301 0.010960 0.019481
3 0.672756 0.088126 0.009395 0.022263
3 0.659186 0.084879 0.010438 0.025046
7 0.344990 0.069109 0.003132 0.013915
5 0.332985 0.050557 0.003132 0.008349
8 0.333246 0.045455 0.001566 0.007421
5 0.417015 0.583952 0.005219 0.017625
8 0.415971 0.572356 0.004175 0.014842
