3 0.439643 0.593909 0.013571 0.032995
3 0.496071 0.722716 0.013571 0.049492
3 0.399286 0.845178 0.015714 0.050761
3 0.491786 0.520939 0.012143 0.036802
3 0.436786 0.372462 0.007857 0.021574
3 0.464286 0.363579 0.007143 0.016497
3 0.469643 0.283629 0.006429 0.016497
3 0.443571 0.270305 0.007143 0.015228
3 0.490000 0.279822 0.007143 0.019036
3 0.470357 0.250000 0.006429 0.012690
3 0.463571 0.126904 0.004286 0.007614
3 0.455714 0.107868 0.004286 0.010152
3 0.452500 0.140863 0.005000 0.010152
3 0.473214 0.157995 0.005000 0.011421
3 0.489643 0.198604 0.006429 0.016497
3 0.510357 0.194162 0.005000 0.015228
3 0.496786 0.123096 0.006429 0.010152
3 0.494643 0.076777 0.005000 0.011421
3 0.467143 0.061548 0.004286 0.008883
3 0.491429 0.006345 0.002857 0.007614
3 0.468929 0.008249 0.005000 0.008883
3 0.428571 0.482234 0.008571 0.032995
3 0.525357 0.918147 0.016429 0.059645
3 0.420357 0.967005 0.017857 0.060914
11 0.468929 0.097716 0.005000 0.012690
11 0.473571 0.059645 0.004286 0.010152
11 0.500714 0.173858 0.005714 0.015228
11 0.500714 0.238579 0.007143 0.020305
3 0.450357 0.169416 0.006429 0.016497
11 0.450357 0.424492 0.009286 0.026650
11 0.519286 0.640228 0.015714 0.049492
11 0.465357 0.684645 0.020714 0.044416
7 0.630000 0.561548 0.002857 0.016497
7 0.556071 0.564721 0.003571 0.015228
3 0.459643 0.215736 0.006429 0.025381
7 0.281429 0.541878 0.004286 0.025381
