3 0.593214 0.805238 0.027857 0.067619
3 0.594643 0.386190 0.013571 0.025714
3 0.398571 0.926667 0.041429 0.102857
3 0.466429 0.922857 0.035714 0.108571
3 0.477500 0.827619 0.033571 0.081905
3 0.487143 0.744762 0.028571 0.076190
3 0.498929 0.677619 0.027857 0.063810
3 0.507857 0.620476 0.021429 0.048571
3 0.510357 0.572381 0.019286 0.040000
3 0.518214 0.540952 0.020714 0.043810
3 0.522857 0.497619 0.018571 0.040952
3 0.536786 0.416667 0.015000 0.027619
3 0.506429 0.362381 0.017143 0.031429
3 0.539643 0.392857 0.010714 0.020000
3 0.543571 0.373810 0.011429 0.023810
3 0.543214 0.354286 0.013571 0.022857
3 0.552143 0.299524 0.011429 0.016190
3 0.554286 0.275238 0.011429 0.019048
3 0.557143 0.256667 0.011429 0.018095
3 0.538214 0.248095 0.015000 0.018095
11 0.528929 0.299524 0.010714 0.023810
3 0.533929 0.445714 0.016429 0.028571
7 0.416429 0.653810 0.005714 0.025714
7 0.461786 0.598571 0.005000 0.023810
7 0.463571 0.520000 0.004286 0.017143
7 0.469643 0.518571 0.005000 0.016190
7 0.432500 0.484762 0.003571 0.013333
5 0.442857 0.554762 0.008571 0.027619
5 0.441786 0.486190 0.009286 0.018095
5 0.491429 0.550000 0.015714 0.018095
5 0.488929 0.574286 0.016429 0.019048
5 0.493929 0.525238 0.015000 0.012381
5 0.498571 0.508095 0.017143 0.012381
5 0.500000 0.491429 0.015714 0.015238
5 0.505357 0.470476 0.015000 0.017143
5 0.514286 0.428095 0.011429 0.012381
5 0.507500 0.458095 0.012143 0.011429
7 0.502500 0.380000 0.005000 0.015238
7 0.482500 0.331905 0.003571 0.014286
10 0.489643 0.336190 0.006429 0.019048
3 0.548571 0.318095 0.012857 0.017143
3 0.573929 0.304286 0.010714 0.025714
3 0.528571 0.338095 0.012857 0.015238
3 0.527143 0.325714 0.021429 0.015238
3 0.560357 0.239048 0.009286 0.015238
3 0.561429 0.223810 0.007143 0.011429
3 0.558929 0.212857 0.006429 0.012381
3 0.561071 0.202381 0.006429 0.010476
3 0.534286 0.161905 0.017143 0.011429
3 0.535000 0.182381 0.011429 0.010476
3 0.535357 0.220000 0.016429 0.013333
3 0.535357 0.208095 0.010714 0.008571
3 0.538214 0.233810 0.013571 0.010476
3 0.507143 0.141905 0.015714 0.009524
7 0.518571 0.302857 0.001429 0.009524
5 0.591071 0.235238 0.005000 0.015238
3 0.564643 0.146190 0.019286 0.010476
3 0.537500 0.057619 0.009286 0.006667
3 0.528214 0.076190 0.006429 0.005714
3 0.532500 0.050000 0.003571 0.004762
11 0.522143 0.077143 0.004286 0.007619
11 0.522500 0.121905 0.005000 0.011429
3 0.575714 0.001429 0.007143 0.002857
3 0.575357 0.005714 0.007857 0.003810
3 0.575357 0.010000 0.009286 0.004762
3 0.574286 0.016190 0.008571 0.005714
3 0.573929 0.019524 0.007857 0.004762
3 0.571071 0.024762 0.007857 0.005714
3 0.570714 0.028095 0.007143 0.006667
3 0.570357 0.031429 0.007857 0.005714
3 0.567857 0.035714 0.010000 0.004762
3 0.566786 0.039524 0.009286 0.004762
3 0.565714 0.045238 0.008571 0.004762
3 0.563929 0.050000 0.006429 0.002857
3 0.562500 0.053810 0.007857 0.002857
3 0.560714 0.059048 0.010000 0.005714
3 0.559286 0.067619 0.011429 0.005714
3 0.556071 0.073333 0.009286 0.005714
3 0.555357 0.078095 0.010714 0.005714
3 0.553571 0.082381 0.008571 0.006667
3 0.553571 0.086667 0.011429 0.007619
3 0.552143 0.090952 0.014286 0.008571
3 0.550357 0.094762 0.015000 0.010476
3 0.548571 0.099048 0.012857 0.007619
3 0.550714 0.100952 0.014286 0.005714
3 0.549286 0.107619 0.014286 0.007619
3 0.547143 0.113333 0.014286 0.005714
3 0.544286 0.115238 0.012857 0.005714
3 0.544286 0.121429 0.014286 0.008571
3 0.553929 0.056190 0.007857 0.005714
3 0.530714 0.059048 0.004286 0.003810
3 0.530357 0.065238 0.003571 0.004762
3 0.528571 0.071905 0.007143 0.004762
3 0.512143 0.122857 0.005714 0.009524
3 0.501786 0.122381 0.006429 0.008571
3 0.502857 0.105714 0.010000 0.005714
3 0.503571 0.098571 0.007143 0.004762
3 0.508214 0.090952 0.007857 0.006667
7 0.591429 0.048571 0.001429 0.003810
7 0.526429 0.101429 0.001429 0.006667
7 0.524286 0.100000 0.001429 0.005714
7 0.539286 0.101905 0.001429 0.005714
7 0.536429 0.101429 0.001429 0.006667
7 0.534643 0.123333 0.002143 0.010476
7 0.532143 0.122857 0.001429 0.005714
7 0.565714 0.103810 0.001429 0.005714
7 0.563571 0.102857 0.001429 0.005714
7 0.540000 0.156190 0.001429 0.007619
7 0.536071 0.154286 0.002143 0.007619
7 0.532857 0.152857 0.001429 0.006667
5 0.505714 0.149524 0.005714 0.003810
5 0.513929 0.083810 0.003571 0.001905
4 0.589286 0.021429 0.005714 0.042857
3 0.586786 0.053810 0.005000 0.004762
3 0.582857 0.061429 0.007143 0.006667
3 0.581786 0.069048 0.006429 0.006667
3 0.579286 0.086190 0.004286 0.004762
3 0.584643 0.105714 0.007857 0.009524
3 0.572500 0.133333 0.012143 0.011429
3 0.594643 0.100000 0.005000 0.009524
3 0.594286 0.115238 0.007143 0.007619
3 0.593929 0.125238 0.005000 0.008571
7 0.588929 0.127619 0.000714 0.003810
3 0.583929 0.114762 0.006429 0.004762
7 0.574286 0.125714 0.001429 0.005714
7 0.525714 0.177619 0.001429 0.004762
7 0.522500 0.238571 0.002143 0.006667
7 0.584286 0.229048 0.001429 0.006667
3 0.607857 0.003333 0.002857 0.004762
3 0.605357 0.022381 0.003571 0.002857
3 0.597143 0.030952 0.005714 0.006667
3 0.596429 0.039048 0.005714 0.003810
3 0.609286 0.029048 0.002857 0.006667
3 0.606429 0.038571 0.004286 0.006667
3 0.606786 0.048571 0.005000 0.005714
3 0.605357 0.074286 0.003571 0.005714
3 0.605000 0.080952 0.004286 0.003810
3 0.606071 0.100476 0.005000 0.004762
3 0.606786 0.055714 0.003571 0.006667
3 0.605357 0.062381 0.005000 0.004762
3 0.604643 0.068095 0.005000 0.004762
3 0.618929 0.090000 0.003571 0.004762
3 0.617500 0.084286 0.003571 0.004762
3 0.617500 0.077619 0.003571 0.004762
3 0.616429 0.071905 0.004286 0.004762
3 0.616786 0.068095 0.003571 0.004762
3 0.616786 0.064286 0.003571 0.004762
3 0.616786 0.058571 0.003571 0.004762
3 0.617500 0.053333 0.005000 0.005714
3 0.616429 0.048095 0.002857 0.002857
3 0.615714 0.008571 0.002857 0.003810
3 0.615357 0.002381 0.003571 0.004762
3 0.615714 0.015238 0.002857 0.003810
3 0.615714 0.020952 0.002857 0.003810
3 0.616786 0.026667 0.003571 0.003810
3 0.616786 0.031905 0.003571 0.002857
3 0.616786 0.037143 0.003571 0.001905
3 0.617143 0.043333 0.004286 0.004762
3 0.634286 0.012381 0.007143 0.003810
3 0.634286 0.009048 0.007143 0.002857
3 0.634643 0.006190 0.007857 0.004762
3 0.635000 0.002857 0.007143 0.003810
3 0.655357 0.006190 0.006429 0.002857
3 0.656429 0.011429 0.005714 0.003810
3 0.642143 0.021429 0.004286 0.002857
3 0.648929 0.022381 0.003571 0.004762
3 0.656071 0.028571 0.005000 0.005714
3 0.631786 0.153333 0.020714 0.011429
3 0.596071 0.150000 0.019286 0.010476
3 0.621786 0.161429 0.023571 0.012381
7 0.646786 0.005238 0.000714 0.002857
7 0.635714 0.052857 0.001429 0.004762
7 0.632857 0.037619 0.001429 0.004762
7 0.652143 0.028571 0.001429 0.003810
7 0.650000 0.047143 0.001429 0.004762
7 0.674643 0.054286 0.000714 0.001905
3 0.655357 0.017619 0.005000 0.004762
3 0.655714 0.024286 0.004286 0.002857
3 0.643929 0.043810 0.007857 0.005714
3 0.643214 0.040952 0.007857 0.005714
7 0.634286 0.105238 0.001429 0.006667
7 0.635714 0.115714 0.001429 0.004762
7 0.644643 0.126190 0.000714 0.004762
7 0.642857 0.109048 0.001429 0.006667
7 0.637143 0.108095 0.001429 0.006667
7 0.640000 0.108571 0.001429 0.005714
5 0.603214 0.133810 0.006429 0.004762
8 0.602500 0.131905 0.002143 0.004762
7 0.627143 0.112857 0.001429 0.002857
7 0.650714 0.188095 0.001429 0.006667
7 0.646429 0.188095 0.001429 0.006667
7 0.666071 0.185714 0.002143 0.007619
7 0.658214 0.205238 0.002143 0.006667
7 0.655357 0.206190 0.002143 0.008571
7 0.665000 0.217143 0.001429 0.009524
7 0.665357 0.234286 0.002143 0.007619
7 0.660714 0.233810 0.001429 0.006667
7 0.672143 0.197143 0.001429 0.007619
7 0.660000 0.183810 0.001429 0.005714
5 0.669286 0.174762 0.004286 0.004762
8 0.668571 0.173810 0.002857 0.002857
7 0.601429 0.232857 0.001429 0.008571
8 0.590714 0.231905 0.004286 0.010476
3 0.595714 0.195714 0.008571 0.010476
3 0.620357 0.248095 0.006429 0.008571
3 0.624286 0.263810 0.008571 0.011429
3 0.657143 0.306190 0.012857 0.023810
3 0.626071 0.328571 0.010714 0.015238
3 0.627500 0.312857 0.010714 0.016190
3 0.626071 0.285714 0.009286 0.013333
7 0.676786 0.297619 0.002143 0.014286
3 0.667500 0.367619 0.013571 0.024762
3 0.627500 0.391905 0.013571 0.023810
3 0.627500 0.420476 0.015000 0.025714
3 0.627857 0.447619 0.017143 0.030476
3 0.629643 0.482857 0.017857 0.034286
3 0.632500 0.521429 0.019286 0.040952
3 0.633214 0.572381 0.022143 0.036190
3 0.637500 0.680476 0.026429 0.058095
3 0.640357 0.744286 0.027857 0.061905
3 0.647500 0.954762 0.029286 0.088571
3 0.726071 0.068095 0.005000 0.008571
3 0.733214 0.069048 0.005000 0.006667
3 0.678571 0.166190 0.018571 0.010476
3 0.673571 0.156190 0.021429 0.009524
5 0.663214 0.197143 0.003571 0.009524
5 0.687143 0.214286 0.002857 0.009524
7 0.682857 0.234762 0.001429 0.004762
7 0.692857 0.219524 0.001429 0.006667
7 0.700357 0.192381 0.000714 0.005714
7 0.712143 0.347619 0.001429 0.009524
5 0.712500 0.370476 0.010714 0.011429
7 0.722143 0.530000 0.002857 0.014286
7 0.717500 0.532381 0.003571 0.013333
3 0.691786 0.660000 0.026429 0.064762
7 0.729643 0.675238 0.003571 0.020952
7 0.724643 0.674762 0.003571 0.018095
7 0.733929 0.674762 0.002143 0.014286
3 0.710000 0.836667 0.028571 0.056190
7 0.761429 0.819524 0.007143 0.033333
7 0.748571 0.770952 0.008571 0.025714
7 0.741786 0.518571 0.005000 0.020000
5 0.739643 0.494286 0.016429 0.013333
7 0.758571 0.126190 0.001429 0.006667
7 0.754286 0.122381 0.001429 0.006667
10 0.737857 0.089048 0.007143 0.008571
3 0.741429 0.068571 0.002857 0.005714
3 0.711786 0.066190 0.003571 0.002857
7 0.871429 0.121429 0.001429 0.006667
5 0.782500 0.675238 0.009286 0.026667
3 0.782857 0.758571 0.027143 0.061905
3 0.884643 0.110476 0.016429 0.007619
7 0.876071 0.122857 0.002143 0.005714
7 0.908929 0.130476 0.002143 0.009524
8 0.687857 0.211905 0.002857 0.002857
8 0.662500 0.195238 0.002143 0.003810
