3 0.136071 0.061905 0.050714 0.099048
7 0.158571 0.113810 0.017143 0.046667
5 0.116071 0.139524 0.020714 0.027619
3 0.200000 0.073333 0.044286 0.102857
3 0.263929 0.052381 0.047857 0.104762
3 0.328571 0.053333 0.041429 0.104762
3 0.380714 0.049048 0.041429 0.098095
3 0.483571 0.024286 0.105714 0.048571
3 0.238571 0.268571 0.060000 0.102857
3 0.175714 0.300952 0.057143 0.123810
3 0.110357 0.318095 0.056429 0.129524
7 0.666071 0.079524 0.012143 0.040952
5 0.681071 0.113333 0.032143 0.028571
7 0.685714 0.102381 0.012857 0.054286
8 0.683571 0.090000 0.007143 0.025714
3 0.716786 0.017619 0.050714 0.035238
3 0.803929 0.045238 0.105000 0.065714
3 0.946071 0.037143 0.102143 0.074286
7 0.921786 0.082857 0.019286 0.051429
3 0.837857 0.244286 0.092857 0.103810
3 0.948571 0.203810 0.098571 0.080000
3 0.813214 0.363333 0.086429 0.143810
3 0.676786 0.790952 0.167857 0.134286
3 0.655000 0.659524 0.155714 0.120952
3 0.605357 0.555238 0.147857 0.106667
11 0.459643 0.647619 0.072143 0.173333
3 0.369643 0.676190 0.072143 0.198095
3 0.262857 0.671905 0.072857 0.199048
3 0.171429 0.804762 0.084286 0.226667
3 0.069643 0.900000 0.080714 0.190476
