3 0.322250 0.619333 0.027500 0.069333
3 0.385500 0.730000 0.027000 0.069333
3 0.555250 0.767333 0.027500 0.074667
3 0.534250 0.641667 0.027500 0.067333
3 0.534000 0.531667 0.022000 0.055333
3 0.527750 0.409667 0.021500 0.047333
3 0.519000 0.338667 0.021000 0.038667
3 0.386750 0.364667 0.019500 0.044000
3 0.773250 0.576333 0.022500 0.062000
3 0.568000 0.363667 0.024000 0.035333
11 0.371000 0.525667 0.019000 0.052667
3 0.887500 0.647667 0.050000 0.031333
3 0.872750 0.610667 0.060500 0.028000
3 0.869250 0.577333 0.051500 0.028000
11 0.946750 0.637333 0.050500 0.029333
3 0.938250 0.608000 0.057500 0.021333
3 0.929500 0.576333 0.050000 0.026000
3 0.707250 0.533667 0.055500 0.043333
3 0.702500 0.498000 0.053000 0.038667
3 0.701500 0.470667 0.046000 0.034667
3 0.745250 0.444667 0.029500 0.033333
3 0.797500 0.429333 0.047000 0.030667
3 0.790000 0.407333 0.038000 0.022667
3 0.669250 0.406333 0.020500 0.043333
3 0.467000 0.228667 0.017000 0.034667
3 0.518500 0.224000 0.015000 0.030667
3 0.556000 0.194667 0.016000 0.029333
3 0.511500 0.153333 0.013000 0.026667
3 0.489500 0.193000 0.016000 0.027333
3 0.404500 0.168000 0.016000 0.029333
3 0.521750 0.106333 0.015500 0.023333
3 0.486000 0.082000 0.014000 0.021333
3 0.465000 0.056333 0.012000 0.018000
3 0.502750 0.049333 0.013500 0.018667
2 0.529250 0.039000 0.024500 0.063333
3 0.489250 0.014000 0.012500 0.020000
3 0.737750 0.047667 0.016500 0.020667
3 0.688250 0.040000 0.023500 0.028000
3 0.719750 0.011667 0.015500 0.019333
3 0.550500 0.081333 0.013000 0.022667
8 0.279750 0.359333 0.006500 0.016000
5 0.279750 0.367667 0.007500 0.012667
3 0.559250 0.148333 0.017500 0.027333
8 0.565250 0.043667 0.003500 0.011333
5 0.564750 0.049667 0.004500 0.010000
3 0.719750 0.123000 0.015500 0.024667
