3 0.091336 0.446197 0.079332 0.076067
3 0.061587 0.516234 0.073069 0.060297
3 0.027401 0.728664 0.051670 0.140074
8 0.229384 0.355288 0.013048 0.020408
8 0.225209 0.356679 0.005741 0.010204
3 0.253392 0.242579 0.042276 0.114100
1 0.354906 0.326531 0.011482 0.037106
5 0.366910 0.328850 0.009395 0.034323
5 0.459029 0.295455 0.008873 0.039889
5 0.440240 0.319109 0.009916 0.038961
5 0.425887 0.359926 0.009395 0.037106
3 0.307150 0.490260 0.064196 0.064007
5 0.601514 0.367811 0.007829 0.036178
5 0.614562 0.368275 0.006785 0.037106
8 0.668580 0.360390 0.018789 0.017625
8 0.668580 0.398887 0.015658 0.025974
3 0.486691 0.337662 0.040188 0.124304
3 0.776357 0.463358 0.041232 0.112245
3 0.854123 0.506494 0.038100 0.113173
3 0.676670 0.694341 0.044363 0.136364
3 0.719990 0.719852 0.041232 0.133581
3 0.758351 0.754638 0.041754 0.134508
3 0.798278 0.784323 0.044363 0.134508
3 0.854645 0.822820 0.043319 0.129870
3 0.898486 0.825603 0.046451 0.133581
