0 0.331071 0.764762 0.030714 0.022857
3 0.491071 0.809048 0.047857 0.058095
3 0.508214 0.768095 0.046429 0.060000
10 0.534643 0.695714 0.043571 0.063810
10 0.561786 0.653333 0.052143 0.095238
5 0.344286 0.670000 0.015714 0.010476
8 0.590000 0.566190 0.005714 0.012381
8 0.587500 0.562857 0.005000 0.011429
5 0.588929 0.566667 0.012143 0.022857
8 0.799643 0.821905 0.006429 0.013333
5 0.798214 0.823333 0.016429 0.020000
3 0.758214 0.737619 0.047857 0.058095
10 0.727500 0.637619 0.047857 0.052381
10 0.660357 0.559048 0.052143 0.060952
7 0.493929 0.509524 0.005000 0.013333
10 0.586429 0.407619 0.020000 0.034286
10 0.542500 0.360000 0.017857 0.043810
5 0.325000 0.335714 0.007143 0.018095
5 0.458571 0.286667 0.012857 0.013333
5 0.458571 0.271429 0.014286 0.013333
3 0.485714 0.270000 0.020000 0.040952
5 0.424643 0.246190 0.006429 0.020000
5 0.514286 0.163333 0.008571 0.018095
5 0.510357 0.125714 0.012143 0.013333
3 0.526786 0.127619 0.017857 0.032381
5 0.631786 0.052857 0.005000 0.016190
