7 0.727500 0.951777 0.010714 0.025381
2 0.949286 0.838198 0.100000 0.206853
2 0.826429 0.930203 0.104286 0.134518
7 0.522143 0.912437 0.007143 0.022843
7 0.495357 0.854695 0.007857 0.029188
6 0.613214 0.986041 0.010714 0.022843
11 0.307143 0.963832 0.024286 0.067259
6 0.182143 0.959391 0.007143 0.030457
8 0.182857 0.964467 0.004286 0.020305
7 0.182857 0.950508 0.007143 0.025381
7 0.175000 0.901650 0.008571 0.029188
7 0.175357 0.805203 0.009286 0.034264
3 0.260000 0.715736 0.021429 0.073604
3 0.288214 0.611675 0.022143 0.055838
2 0.375714 0.620558 0.034286 0.124365
11 0.410714 0.574239 0.021429 0.072335
11 0.431071 0.513325 0.019286 0.059645
11 0.426786 0.443528 0.016429 0.054569
11 0.421786 0.362944 0.017857 0.060914
3 0.385357 0.256980 0.022143 0.041878
7 0.301071 0.033629 0.003571 0.016497
10 0.309286 0.076777 0.027143 0.059645
10 0.330357 0.128173 0.025000 0.055838
3 0.353571 0.170051 0.032857 0.030457
2 0.143571 0.090736 0.035714 0.100254
3 0.190357 0.101523 0.015000 0.027919
3 0.242143 0.242386 0.015714 0.035533
7 0.104286 0.003173 0.004286 0.006345
7 0.106786 0.046320 0.005000 0.016497
7 0.120000 0.076777 0.004286 0.019036
7 0.117857 0.081218 0.004286 0.017766
7 0.117143 0.107868 0.005714 0.020305
7 0.124643 0.104695 0.005000 0.016497
7 0.122143 0.099619 0.005714 0.019036
7 0.133571 0.103426 0.004286 0.021574
7 0.116786 0.107234 0.005000 0.019036
7 0.117500 0.121827 0.006429 0.020305
7 0.122500 0.139594 0.005000 0.017766
7 0.165000 0.296954 0.005714 0.017766
7 0.169643 0.345812 0.006429 0.021574
7 0.196071 0.435914 0.005000 0.021574
7 0.185357 0.479061 0.005000 0.029188
