11 0.182500 0.605238 0.079286 0.060000
10 0.268929 0.568095 0.093571 0.069524
11 0.438929 0.518095 0.053571 0.043810
3 0.517143 0.592381 0.067143 0.049524
3 0.562857 0.480000 0.064286 0.049524
11 0.655714 0.609048 0.068571 0.054286
6 0.506071 0.790000 0.089286 0.084762
3 0.650000 0.748571 0.045714 0.097143
11 0.695714 0.740000 0.044286 0.089524
10 0.742500 0.730476 0.046429 0.104762
3 0.792143 0.696190 0.044286 0.093333
3 0.761786 0.882857 0.055000 0.106667
3 0.878929 0.835238 0.065000 0.106667
3 0.954286 0.808095 0.065714 0.107619
3 0.978571 0.787143 0.041429 0.098095
3 0.843214 0.673333 0.043571 0.089524
11 0.888929 0.660952 0.047857 0.102857
3 0.928571 0.639524 0.037143 0.086667
3 0.977143 0.627143 0.040000 0.086667
3 0.738214 0.580476 0.062143 0.046667
3 0.815000 0.550476 0.068571 0.053333
3 0.764643 0.504286 0.059286 0.046667
3 0.830000 0.479524 0.062857 0.044762
3 0.756429 0.413810 0.061429 0.050476
3 0.875357 0.376190 0.055000 0.049524
3 0.935357 0.356190 0.063571 0.045714
3 0.889286 0.525238 0.068571 0.052381
3 0.956071 0.498571 0.063571 0.044762
11 0.977143 0.425714 0.044286 0.049524
