9 0.064457 0.875232 0.024530 0.062152
3 0.140397 0.890538 0.041754 0.111317
3 0.444676 0.867347 0.060543 0.083488
3 0.568111 0.863636 0.025574 0.105751
3 0.682411 0.862709 0.038100 0.102041
3 0.748695 0.865028 0.038100 0.106679
3 0.989562 0.252319 0.018789 0.029685
3 0.982516 0.222635 0.032881 0.027829
3 0.495564 0.484694 0.014092 0.034323
3 0.485125 0.373377 0.020355 0.058442
3 0.460595 0.366419 0.019311 0.063080
3 0.415449 0.361317 0.019833 0.060297
10 0.397443 0.240260 0.056889 0.044527
3 0.440501 0.183673 0.015658 0.042672
3 0.383351 0.185529 0.015136 0.042672
3 0.435543 0.101577 0.015136 0.041744
3 0.376305 0.074675 0.032359 0.026902
9 0.452766 0.301484 0.027662 0.044527
3 0.299061 0.081169 0.032359 0.028757
3 0.306889 0.066790 0.028184 0.027829
3 0.312370 0.052876 0.023486 0.024119
3 0.328027 0.027365 0.022443 0.021336
3 0.331159 0.012523 0.021399 0.021336
3 0.339248 0.005566 0.020877 0.011132
