7 0.083571 0.971905 0.010000 0.006667
7 0.130357 0.911429 0.006429 0.003810
7 0.234643 0.831905 0.003571 0.004762
7 0.239286 0.832857 0.004286 0.002857
5 0.303571 0.636190 0.007143 0.007619
5 0.307857 0.642857 0.005714 0.007619
5 0.311429 0.647619 0.005714 0.005714
5 0.313571 0.651429 0.008571 0.007619
7 0.323571 0.558571 0.002857 0.004762
9 0.647500 0.957619 0.016429 0.012381
1 0.640714 0.930476 0.008571 0.005714
1 0.636429 0.860952 0.008571 0.003810
1 0.637143 0.879524 0.008571 0.004762
1 0.637857 0.887143 0.007143 0.002857
5 0.644286 0.894762 0.008571 0.002857
5 0.646071 0.915714 0.007857 0.002857
5 0.651786 0.931905 0.007857 0.004762
5 0.651786 0.922857 0.007857 0.003810
1 0.647857 0.883810 0.005714 0.003810
3 0.990714 0.520000 0.017143 0.013333
5 0.885357 0.389524 0.007857 0.003810
5 0.888214 0.396667 0.005000 0.008571
7 0.883571 0.428571 0.004286 0.003810
3 0.901786 0.343333 0.013571 0.027619
3 0.896786 0.311905 0.010714 0.027619
3 0.885714 0.268095 0.012857 0.023810
3 0.881429 0.240476 0.010000 0.025714
3 0.875714 0.215238 0.008571 0.022857
3 0.869643 0.189524 0.010714 0.024762
3 0.861071 0.154762 0.010714 0.021905
11 0.868571 0.085714 0.012857 0.019048
7 0.871071 0.097143 0.003571 0.005714
7 0.880000 0.148571 0.004286 0.007619
3 0.912857 0.267619 0.014286 0.024762
3 0.838214 0.338571 0.013571 0.025714
3 0.817500 0.234762 0.013571 0.027619
3 0.793929 0.107619 0.012143 0.020952
3 0.789286 0.083333 0.011429 0.020000
7 0.781786 0.045714 0.003571 0.005714
7 0.786071 0.035714 0.003571 0.006667
10 0.756786 0.035238 0.016429 0.026667
3 0.756786 0.060952 0.009286 0.019048
3 0.766786 0.107143 0.010714 0.020000
3 0.769643 0.138095 0.012143 0.026667
8 0.498929 0.427619 0.003571 0.003810
8 0.500714 0.432857 0.004286 0.002857
8 0.482500 0.410476 0.003571 0.005714
11 0.821071 0.430952 0.012143 0.018095
3 0.666071 0.449524 0.013571 0.028571
3 0.646071 0.438571 0.012143 0.031429
3 0.632500 0.430476 0.012143 0.028571
3 0.616429 0.418571 0.010000 0.027619
3 0.601786 0.420000 0.013571 0.028571
