3 0.492500 0.545238 0.022143 0.016190
3 0.502500 0.557143 0.017857 0.013333
3 0.511071 0.565714 0.022143 0.017143
3 0.516786 0.575714 0.023571 0.018095
3 0.556786 0.583810 0.019286 0.019048
3 0.522143 0.589048 0.022857 0.018095
3 0.556786 0.560000 0.009286 0.024762
3 0.563571 0.597619 0.024286 0.020000
4 0.373214 0.497619 0.007857 0.018095
4 0.449286 0.417619 0.008571 0.014286
4 0.464643 0.486667 0.009286 0.024762
7 0.038214 0.492381 0.003571 0.005714
7 0.055714 0.426190 0.004286 0.006667
7 0.044643 0.430476 0.002143 0.005714
7 0.053571 0.415714 0.004286 0.006667
7 0.048571 0.413333 0.002857 0.007619
7 0.076786 0.420000 0.003571 0.005714
7 0.084286 0.416667 0.005714 0.006667
7 0.136429 0.398571 0.002857 0.006667
4 0.082857 0.436667 0.017143 0.014286
4 0.204643 0.458571 0.035000 0.023810
