3 0.557250 0.585000 0.038500 0.038000
11 0.710000 0.734000 0.064000 0.066667
11 0.649500 0.675000 0.059000 0.059333
11 0.604000 0.624667 0.045000 0.048000
11 0.532000 0.551000 0.035000 0.039333
3 0.505750 0.531667 0.029500 0.034000
3 0.447250 0.501667 0.027500 0.026000
3 0.460250 0.481667 0.023500 0.022000
3 0.448250 0.467000 0.015500 0.019333
3 0.440250 0.455333 0.017500 0.018667
3 0.429500 0.442000 0.022000 0.018667
11 0.418250 0.427000 0.015500 0.020667
11 0.409000 0.417000 0.014000 0.020667
10 0.389750 0.282000 0.007500 0.009333
3 0.375750 0.302333 0.006500 0.007333
11 0.395250 0.394667 0.012500 0.017333
3 0.390500 0.388333 0.011000 0.014000
10 0.384500 0.372333 0.012000 0.019333
11 0.380250 0.359000 0.009500 0.012667
3 0.379250 0.350667 0.010500 0.009333
3 0.380250 0.329333 0.006500 0.008000
3 0.379750 0.321000 0.010500 0.008667
7 0.370500 0.356667 0.002000 0.010667
9 0.370750 0.358333 0.003500 0.006000
3 0.338000 0.363000 0.010000 0.010000
3 0.343750 0.332000 0.007500 0.009333
3 0.329750 0.307333 0.005500 0.006667
3 0.334000 0.306000 0.005000 0.006667
3 0.301500 0.353667 0.011000 0.011333
7 0.298250 0.326333 0.001500 0.008667
8 0.296250 0.444000 0.007500 0.010667
5 0.296000 0.451333 0.006000 0.017333
3 0.258500 0.385000 0.010000 0.014000
3 0.196250 0.575333 0.061500 0.034667
3 0.173750 0.546000 0.051500 0.029333
3 0.248250 0.520333 0.022500 0.028667
3 0.253500 0.494333 0.031000 0.024667
3 0.253750 0.478000 0.036500 0.026667
3 0.248000 0.463667 0.019000 0.019333
3 0.251750 0.415667 0.019500 0.016667
3 0.253750 0.406000 0.013500 0.014667
7 0.028250 0.405000 0.003500 0.016667
7 0.085000 0.397667 0.003000 0.014000
11 0.171750 0.386333 0.029500 0.019333
3 0.150000 0.380333 0.020000 0.010000
3 0.153750 0.375000 0.020500 0.014000
3 0.157500 0.372667 0.023000 0.013333
3 0.162500 0.368000 0.022000 0.013333
3 0.109750 0.361667 0.010500 0.011333
5 0.089250 0.375333 0.007500 0.008000
5 0.096750 0.366667 0.005500 0.008000
10 0.162000 0.339000 0.043000 0.018000
10 0.120000 0.339333 0.032000 0.016000
4 0.358750 0.281333 0.031500 0.022667
