7 0.031250 0.677000 0.030500 0.015333
7 0.043250 0.661667 0.022500 0.010000
7 0.046250 0.691333 0.023500 0.012000
7 0.050250 0.712667 0.039500 0.022667
8 0.034750 0.733333 0.016500 0.009333
3 0.334000 0.908333 0.059000 0.182000
7 0.237750 0.651667 0.026500 0.022000
5 0.238000 0.574667 0.049000 0.022667
8 0.230750 0.572333 0.027500 0.023333
5 0.345500 0.637667 0.042000 0.023333
8 0.344500 0.637667 0.021000 0.027333
7 0.317250 0.687333 0.022500 0.014667
7 0.286500 0.602667 0.029000 0.026667
9 0.292500 0.592333 0.057000 0.031333
5 0.335000 0.574333 0.031000 0.032667
8 0.328750 0.572333 0.019500 0.028667
3 0.340000 0.520000 0.087000 0.104000
3 0.404250 0.761333 0.052500 0.172000
3 0.483500 0.716667 0.088000 0.157333
3 0.505500 0.912667 0.053000 0.172000
8 0.622250 0.723667 0.017500 0.031333
11 0.637750 0.877000 0.054500 0.188667
7 0.696750 0.603000 0.017500 0.020667
7 0.711250 0.610667 0.023500 0.028000
10 0.939250 0.781333 0.120500 0.148000
10 0.945500 0.382333 0.101000 0.122000
5 0.868500 0.391667 0.030000 0.042000
8 0.889000 0.460333 0.023000 0.023333
7 0.848500 0.474667 0.029000 0.037333
1 0.897250 0.484000 0.049500 0.030667
7 0.787750 0.465333 0.020500 0.036000
7 0.771500 0.438667 0.015000 0.029333
3 0.690250 0.484000 0.099500 0.058667
10 0.695750 0.412000 0.108500 0.050667
11 0.716000 0.556000 0.134000 0.084000
3 0.586000 0.590333 0.108000 0.083333
3 0.454000 0.513333 0.075000 0.126667
7 0.553000 0.448333 0.009000 0.027333
1 0.543750 0.427000 0.033500 0.020667
8 0.547000 0.426000 0.012000 0.022667
9 0.498250 0.373667 0.018500 0.046000
8 0.497500 0.370000 0.016000 0.026667
7 0.572750 0.360667 0.008500 0.020000
10 0.566250 0.275667 0.040500 0.123333
10 0.508000 0.259667 0.045000 0.152667
8 0.511250 0.333667 0.011500 0.026000
7 0.785500 0.625333 0.021000 0.024000
7 0.782000 0.668333 0.021000 0.022000
3 0.463500 0.317333 0.046000 0.096000
3 0.454000 0.197667 0.041000 0.103333
11 0.489750 0.094667 0.034500 0.105333
3 0.450000 0.093667 0.037000 0.084667
5 0.359250 0.120333 0.021500 0.042000
3 0.364750 0.199333 0.038500 0.096000
3 0.411500 0.237333 0.038000 0.097333
11 0.416000 0.362333 0.046000 0.143333
3 0.369000 0.323000 0.041000 0.115333
3 0.344750 0.435667 0.083500 0.083333
5 0.393250 0.620333 0.042500 0.034000
8 0.389000 0.621000 0.025000 0.030000
7 0.758750 0.621333 0.019500 0.026667
4 0.938000 0.645667 0.123000 0.103333
3 0.827250 0.298667 0.085500 0.060000
