3 0.362857 0.095812 0.032857 0.039340
3 0.375000 0.315355 0.021429 0.059645
3 0.396071 0.223350 0.027857 0.055838
3 0.424286 0.373731 0.024286 0.064721
3 0.484286 0.663071 0.025714 0.095178
3 0.877500 0.276015 0.027857 0.077411
3 0.267143 0.067893 0.030000 0.036802
3 0.278214 0.032360 0.030714 0.031726
3 0.380357 0.013325 0.020714 0.026650
3 0.402500 0.013325 0.020714 0.026650
3 0.278929 0.125000 0.032143 0.041878
3 0.308929 0.069797 0.026429 0.043147
11 0.604286 0.743655 0.030000 0.121827
11 0.713214 0.635787 0.043571 0.131980
10 0.703571 0.306472 0.042857 0.156091
2 0.727857 0.079949 0.047143 0.159898
8 0.285714 0.345178 0.010000 0.020305
8 0.270714 0.340102 0.004286 0.012690
7 0.257143 0.243655 0.008571 0.022843
7 0.263571 0.241117 0.007143 0.027919
