3 0.453571 0.621429 0.015714 0.020000
3 0.475714 0.620000 0.012857 0.020952
3 0.570714 0.647143 0.008571 0.025714
3 0.577143 0.693333 0.010000 0.026667
3 0.588214 0.744762 0.015000 0.028571
3 0.598214 0.790952 0.017857 0.023810
3 0.451071 0.756190 0.013571 0.028571
3 0.461429 0.590476 0.017143 0.015238
3 0.447500 0.646190 0.017857 0.018095
3 0.417143 0.981905 0.014286 0.034286
3 0.442857 0.791429 0.010000 0.028571
11 0.455714 0.791429 0.010000 0.026667
3 0.368214 0.732857 0.012143 0.029524
11 0.413571 0.905714 0.022857 0.020952
11 0.377143 0.917143 0.030000 0.022857
11 0.386429 0.649048 0.021429 0.016190
3 0.472143 0.566667 0.010000 0.019048
10 0.492143 0.620952 0.018571 0.045714
10 0.468929 0.642381 0.010714 0.020000
10 0.470357 0.628095 0.012143 0.016190
6 0.465357 0.658571 0.012143 0.023810
10 0.498571 0.561429 0.027143 0.021905
10 0.475357 0.549048 0.015000 0.025714
10 0.475714 0.530000 0.005714 0.014286
3 0.426786 0.568571 0.015000 0.013333
3 0.487500 0.506190 0.007857 0.016190
3 0.483929 0.530476 0.007857 0.017143
11 0.457857 0.463333 0.005714 0.014286
4 0.452143 0.486667 0.012857 0.022857
10 0.534643 0.450476 0.023571 0.015238
10 0.534643 0.427619 0.022143 0.015238
6 0.557857 0.433333 0.008571 0.011429
3 0.342500 0.630000 0.019286 0.016190
3 0.332143 0.740000 0.021429 0.017143
3 0.298214 0.951905 0.025000 0.023810
3 0.286786 0.986190 0.025000 0.014286
10 0.473571 0.913333 0.032857 0.100952
10 0.732500 0.966667 0.019286 0.053333
3 0.727500 0.909048 0.010714 0.037143
10 0.780357 0.749048 0.062143 0.077143
6 0.637143 0.582381 0.011429 0.058095
4 0.685714 0.491905 0.047143 0.056190
3 0.597857 0.499524 0.007143 0.020000
3 0.595357 0.468095 0.006429 0.020000
10 0.604643 0.425238 0.015000 0.039048
10 0.608571 0.367619 0.017143 0.043810
10 0.632857 0.303333 0.012857 0.031429
10 0.732143 0.237619 0.007143 0.014286
10 0.657143 0.166667 0.010000 0.024762
10 0.691429 0.003333 0.005714 0.006667
11 0.686071 0.056667 0.003571 0.006667
4 0.670357 0.090000 0.003571 0.006667
3 0.632143 0.017143 0.008571 0.003810
3 0.632857 0.013333 0.007143 0.003810
4 0.519286 0.714286 0.011429 0.017143
4 0.306786 0.594286 0.007857 0.011429
6 0.668571 0.376667 0.020000 0.037143
3 0.551786 0.299048 0.007857 0.009524
3 0.522857 0.286190 0.014286 0.006667
3 0.566429 0.243333 0.010000 0.008571
3 0.571429 0.230000 0.011429 0.008571
3 0.557500 0.206190 0.005000 0.008571
3 0.548571 0.208095 0.004286 0.008571
3 0.546429 0.311905 0.010000 0.008571
3 0.525000 0.276667 0.011429 0.004762
3 0.557500 0.257143 0.013571 0.005714
3 0.558929 0.250476 0.012143 0.005714
3 0.542857 0.328571 0.014286 0.005714
4 0.793929 0.088095 0.013571 0.021905
