11 0.112857 0.455714 0.034286 0.050476
10 0.230000 0.254762 0.018571 0.027619
11 0.194286 0.125238 0.022857 0.016190
11 0.900000 0.579524 0.045714 0.035238
11 0.515357 0.192857 0.023571 0.020000
10 0.711786 0.266190 0.025000 0.021905
10 0.425000 0.310000 0.021429 0.042857
10 0.438571 0.212381 0.017143 0.036190
3 0.581429 0.372381 0.021429 0.032381
3 0.435000 0.269048 0.012857 0.021905
3 0.643214 0.229524 0.023571 0.015238
3 0.639286 0.219524 0.024286 0.016190
3 0.495714 0.130952 0.011429 0.014286
3 0.461786 0.062381 0.013571 0.010476
3 0.243929 0.105714 0.012143 0.015238
3 0.229286 0.102381 0.012857 0.014286
3 0.193214 0.107619 0.010714 0.011429
3 0.317143 0.066667 0.015714 0.011429
3 0.327857 0.050476 0.015714 0.009524
3 0.329286 0.048571 0.017143 0.009524
3 0.330714 0.043810 0.017143 0.009524
3 0.327500 0.040476 0.017857 0.010476
3 0.337857 0.016190 0.015714 0.009524
3 0.462143 0.006667 0.004286 0.007619
3 0.469643 0.018571 0.007857 0.008571
3 0.466071 0.002857 0.009286 0.005714
5 0.467500 0.563810 0.009286 0.019048
5 0.445357 0.431905 0.006429 0.016190
5 0.456071 0.383810 0.009286 0.015238
8 0.467500 0.562857 0.006429 0.017143
8 0.445357 0.430000 0.005000 0.010476
8 0.456071 0.381905 0.006429 0.011429
