3 0.010714 0.367143 0.021429 0.046667
3 0.037143 0.384286 0.041429 0.052381
3 0.077857 0.388095 0.041429 0.052381
11 0.154286 0.362381 0.030000 0.052381
11 0.204643 0.354286 0.033571 0.047619
11 0.275714 0.352381 0.047143 0.032381
3 0.301071 0.314286 0.047857 0.026667
3 0.407500 0.091429 0.027857 0.017143
5 0.445000 0.104762 0.008571 0.011429
5 0.458571 0.105714 0.012857 0.011429
5 0.467500 0.108571 0.007857 0.013333
1 0.472500 0.110000 0.007857 0.012381
1 0.540000 0.102381 0.010000 0.006667
0 0.545000 0.104762 0.008571 0.011429
7 0.777143 0.016667 0.004286 0.012381
8 0.883214 0.061905 0.005000 0.011429
5 0.882857 0.063333 0.002857 0.012381
11 0.920714 0.056190 0.012857 0.017143
2 0.773214 0.069524 0.022143 0.057143
10 0.950714 0.100476 0.027143 0.050476
2 0.854286 0.223333 0.042857 0.096190
7 0.815000 0.259524 0.007143 0.018095
8 0.807857 0.229524 0.002857 0.015238
8 0.697857 0.322381 0.041429 0.029524
3 0.401071 0.313810 0.043571 0.027619
3 0.397143 0.390952 0.045714 0.029524
3 0.381071 0.450952 0.052143 0.033333
3 0.372500 0.484286 0.052143 0.039048
7 0.265000 0.732381 0.014286 0.020952
3 0.164643 0.635714 0.066429 0.048571
3 0.143571 0.678095 0.064286 0.053333
7 0.769286 0.457143 0.008571 0.017143
7 0.776071 0.468095 0.009286 0.021905
5 0.807857 0.459048 0.012857 0.022857
5 0.982143 0.346667 0.025714 0.034286
9 0.987500 0.130000 0.022143 0.033333
