3 0.226071 0.868095 0.106429 0.136190
7 0.911071 0.716190 0.013571 0.043810
7 0.927857 0.712857 0.011429 0.048571
3 0.884643 0.855238 0.173571 0.089524
3 0.825000 0.790000 0.142857 0.069524
3 0.795357 0.752381 0.115000 0.055238
3 0.753214 0.721429 0.089286 0.046667
3 0.737500 0.698571 0.086429 0.048571
7 0.692143 0.585238 0.005714 0.025714
7 0.795714 0.573810 0.005714 0.020000
7 0.809643 0.565238 0.007857 0.014286
10 0.952857 0.699048 0.092857 0.066667
3 0.880714 0.660952 0.071429 0.043810
3 0.876071 0.633333 0.065000 0.030476
11 0.854286 0.620952 0.064286 0.026667
7 0.859286 0.606667 0.007143 0.020952
3 0.810357 0.618095 0.047857 0.028571
3 0.807143 0.607143 0.047143 0.021905
3 0.771786 0.602381 0.047857 0.021905
3 0.775000 0.584286 0.041429 0.018095
3 0.781071 0.569524 0.017857 0.017143
3 0.772857 0.556667 0.032857 0.012381
3 0.690357 0.686190 0.075000 0.039048
3 0.727500 0.640000 0.046429 0.036190
3 0.747500 0.589048 0.047857 0.023810
3 0.726786 0.586667 0.033571 0.019048
3 0.709643 0.572381 0.016429 0.013333
3 0.738571 0.560000 0.032857 0.013333
3 0.632143 0.716190 0.052857 0.059048
3 0.669643 0.666667 0.075000 0.040000
10 0.673214 0.632857 0.090714 0.058095
10 0.639643 0.627143 0.050714 0.025714
3 0.633929 0.615714 0.049286 0.023810
3 0.620714 0.609048 0.047143 0.025714
3 0.619286 0.600476 0.037143 0.020000
3 0.612857 0.596190 0.031429 0.017143
3 0.619643 0.587143 0.036429 0.018095
3 0.610000 0.586190 0.030000 0.018095
3 0.598571 0.580952 0.032857 0.017143
3 0.622500 0.574286 0.020714 0.017143
3 0.630000 0.567619 0.034286 0.013333
7 0.645714 0.556667 0.002857 0.012381
7 0.623929 0.554286 0.003571 0.011429
3 0.594643 0.645714 0.033571 0.038095
7 0.546071 0.612857 0.005000 0.023810
3 0.561429 0.616190 0.027143 0.026667
3 0.501786 0.591905 0.019286 0.021905
3 0.543214 0.564762 0.030714 0.013333
3 0.420714 0.582857 0.017143 0.019048
3 0.480000 0.576190 0.014286 0.019048
3 0.468214 0.543810 0.009286 0.011429
8 0.423929 0.533810 0.002143 0.004762
5 0.424286 0.537143 0.002857 0.007619
3 0.491429 0.544286 0.011429 0.014286
7 0.519286 0.544286 0.002857 0.010476
7 0.558214 0.542857 0.002143 0.011429
7 0.514643 0.535238 0.002143 0.009524
10 0.510357 0.542381 0.009286 0.014286
3 0.501071 0.534762 0.009286 0.010476
7 0.498571 0.521429 0.001429 0.008571
7 0.497857 0.518571 0.001429 0.006667
3 0.485000 0.529524 0.007143 0.007619
3 0.474286 0.533333 0.008571 0.009524
3 0.470357 0.527619 0.006429 0.007619
3 0.470357 0.522381 0.006429 0.006667
3 0.477500 0.516190 0.005000 0.005714
10 0.450000 0.528095 0.008571 0.016190
3 0.441786 0.516667 0.005000 0.006667
3 0.448929 0.514762 0.005000 0.004762
3 0.456429 0.515714 0.005714 0.006667
3 0.445000 0.505714 0.004286 0.003810
3 0.440714 0.506190 0.002857 0.002857
3 0.470714 0.510952 0.004286 0.004762
3 0.454643 0.504286 0.003571 0.002857
3 0.458571 0.502381 0.002857 0.002857
11 0.466786 0.503333 0.003571 0.002857
11 0.464286 0.499524 0.001429 0.002857
3 0.469286 0.499524 0.001429 0.002857
3 0.530357 0.515714 0.010714 0.006667
3 0.531429 0.510476 0.008571 0.003810
3 0.521786 0.505238 0.007857 0.004762
3 0.505357 0.503333 0.006429 0.004762
10 0.504643 0.511429 0.016429 0.009524
10 0.503214 0.512381 0.009286 0.005714
3 0.486786 0.506667 0.006429 0.003810
3 0.481071 0.505714 0.003571 0.003810
3 0.479286 0.503810 0.002857 0.001905
