8 0.680714 0.696667 0.018571 0.027619
7 0.580000 0.427143 0.012857 0.039048
7 0.584643 0.514762 0.013571 0.037143
8 0.603214 0.579524 0.019286 0.021905
7 0.618929 0.564762 0.013571 0.032381
3 0.509286 0.682857 0.050000 0.133333
3 0.457857 0.461429 0.037143 0.075238
3 0.402143 0.418095 0.047143 0.095238
5 0.518214 0.576667 0.040714 0.042857
5 0.565714 0.613333 0.040000 0.028571
5 0.500000 0.399524 0.031429 0.027619
5 0.505000 0.385238 0.028571 0.023810
0 0.512143 0.360476 0.044286 0.029524
5 0.514643 0.343810 0.030714 0.024762
5 0.508571 0.308095 0.031429 0.029524
3 0.431786 0.131429 0.026429 0.043810
3 0.291429 0.161905 0.031429 0.049524
5 0.511786 0.293333 0.027857 0.019048
5 0.513571 0.272381 0.027143 0.019048
5 0.510000 0.265714 0.027143 0.019048
5 0.512143 0.282381 0.027143 0.023810
8 0.555357 0.123810 0.007857 0.022857
7 0.556429 0.057619 0.007143 0.027619
1 0.537857 0.099524 0.021429 0.020000
5 0.548571 0.114286 0.024286 0.015238
5 0.564286 0.027619 0.007143 0.020952
3 0.101429 0.795714 0.090000 0.160952
3 0.271429 0.687619 0.065714 0.146667
3 0.157500 0.610476 0.066429 0.125714
8 0.341071 0.170952 0.009286 0.031429
5 0.342500 0.175714 0.020714 0.020000
5 0.277143 0.259048 0.024286 0.022857
5 0.263571 0.267619 0.028571 0.020952
5 0.258929 0.270952 0.025000 0.018095
5 0.227857 0.258095 0.028571 0.024762
10 0.322857 0.033810 0.040000 0.067619
