3 0.448500 0.663000 0.055000 0.072667
7 0.379750 0.711667 0.013500 0.038000
3 0.490250 0.578667 0.045500 0.057333
3 0.392000 0.576667 0.050000 0.069333
3 0.340250 0.646667 0.063500 0.077333
3 0.349250 0.845667 0.069500 0.099333
3 0.285500 0.956000 0.104000 0.086667
8 0.452250 0.500667 0.003500 0.013333
8 0.461750 0.509667 0.003500 0.012667
7 0.454000 0.506000 0.006000 0.034667
7 0.463500 0.515667 0.009000 0.032667
7 0.494000 0.526667 0.011000 0.032000
1 0.494750 0.526000 0.020500 0.029333
3 0.547250 0.514667 0.062500 0.036000
3 0.581000 0.463667 0.049000 0.032667
3 0.543500 0.373000 0.031000 0.036667
3 0.567000 0.344333 0.029000 0.035333
3 0.613750 0.385667 0.030500 0.034000
3 0.628750 0.355000 0.029500 0.032667
11 0.650500 0.320333 0.023000 0.030000
11 0.618250 0.292000 0.024500 0.024000
11 0.359750 0.332333 0.022500 0.023333
1 0.461250 0.274333 0.009500 0.014000
1 0.611750 0.454000 0.019500 0.018667
3 0.130750 0.949667 0.089500 0.099333
3 0.760500 0.218667 0.031000 0.012000
3 0.763250 0.213667 0.039500 0.015333
3 0.778500 0.207667 0.031000 0.015333
11 0.780000 0.194333 0.027000 0.016667
3 0.770500 0.192667 0.026000 0.013333
11 0.789250 0.181000 0.031500 0.010000
3 0.783250 0.187667 0.028500 0.011333
3 0.821000 0.101000 0.012000 0.012667
3 0.826750 0.094667 0.010500 0.012000
8 0.865750 0.200000 0.006500 0.012000
1 0.865750 0.208000 0.007500 0.012000
3 0.848000 0.093333 0.010000 0.012000
3 0.865750 0.096667 0.020500 0.020000
3 0.864250 0.080000 0.008500 0.009333
7 0.823750 0.079333 0.002500 0.012000
7 0.826250 0.081000 0.003500 0.010000
3 0.022250 0.163667 0.020500 0.015333
3 0.033250 0.162667 0.017500 0.014667
3 0.046250 0.162667 0.017500 0.017333
3 0.040250 0.181000 0.017500 0.012667
3 0.025750 0.182667 0.020500 0.014667
