3 0.616786 0.946066 0.096429 0.102792
11 0.718214 0.802030 0.090714 0.149746
2 0.531429 0.881980 0.152857 0.230964
3 0.667857 0.711929 0.092857 0.144670
7 0.009286 0.882614 0.018571 0.016497
7 0.015714 0.893401 0.024286 0.020305
7 0.010714 0.862944 0.020000 0.017766
7 0.031071 0.879442 0.023571 0.015228
7 0.058214 0.837563 0.023571 0.025381
7 0.108214 0.762056 0.022143 0.029188
7 0.115714 0.778553 0.020000 0.026650
7 0.142500 0.659264 0.015000 0.039340
7 0.150000 0.647208 0.018571 0.027919
7 0.189643 0.593909 0.023571 0.038071
7 0.195714 0.689086 0.020000 0.032995
7 0.190000 0.674492 0.017143 0.029188
7 0.187857 0.671320 0.018571 0.038071
7 0.203214 0.634518 0.016429 0.030457
7 0.216786 0.657360 0.012143 0.030457
7 0.225714 0.672589 0.017143 0.030457
7 0.231071 0.614213 0.016429 0.030457
7 0.276786 0.624365 0.020714 0.030457
6 0.256429 0.644670 0.027143 0.048223
7 0.247500 0.562183 0.020714 0.035533
7 0.285000 0.555203 0.018571 0.039340
7 0.292857 0.567259 0.020000 0.038071
7 0.295357 0.596447 0.015000 0.038071
7 0.318571 0.614848 0.015714 0.031726
7 0.318571 0.626269 0.011429 0.041878
7 0.328571 0.490482 0.011429 0.034264
7 0.345000 0.586294 0.012857 0.032995
7 0.347143 0.591371 0.012857 0.035533
8 0.362500 0.573604 0.009286 0.015228
6 0.359286 0.578046 0.018571 0.024112
7 0.356071 0.493020 0.012143 0.039340
7 0.359286 0.512056 0.011429 0.034264
7 0.370357 0.495558 0.015000 0.034264
7 0.369643 0.451142 0.012143 0.034264
7 0.375000 0.476523 0.010000 0.029188
7 0.382857 0.512690 0.012857 0.040609
7 0.390714 0.512056 0.010000 0.034264
7 0.401786 0.521574 0.013571 0.032995
7 0.305000 0.464467 0.011429 0.032995
7 0.367500 0.405457 0.007857 0.046954
7 0.393214 0.443528 0.009286 0.034264
7 0.408214 0.451142 0.007857 0.031726
7 0.416429 0.472081 0.014286 0.038071
7 0.434643 0.484137 0.016429 0.041878
6 0.448571 0.473350 0.027143 0.043147
7 0.444286 0.388959 0.011429 0.026650
7 0.447143 0.397843 0.010000 0.036802
7 0.537143 0.421954 0.008571 0.046954
8 0.568214 0.442893 0.009286 0.025381
7 0.555000 0.340736 0.011429 0.026650
7 0.581429 0.348985 0.012857 0.035533
7 0.672143 0.412437 0.010000 0.035533
7 0.640714 0.378807 0.012857 0.041878
7 0.688929 0.405457 0.013571 0.034264
7 0.695714 0.386421 0.012857 0.039340
7 0.706786 0.378173 0.013571 0.032995
7 0.624286 0.242386 0.008571 0.038071
7 0.631786 0.250635 0.010714 0.041878
7 0.675000 0.321066 0.008571 0.030457
7 0.680714 0.321701 0.007143 0.026650
7 0.685714 0.310914 0.008571 0.040609
7 0.688214 0.324239 0.007857 0.024112
7 0.837143 0.072970 0.015714 0.036802
11 0.877857 0.072970 0.068571 0.102792
7 0.727857 0.133249 0.010000 0.035533
7 0.730357 0.336294 0.013571 0.032995
7 0.729643 0.317893 0.015000 0.034264
7 0.732857 0.307741 0.011429 0.034264
8 0.731786 0.257614 0.015000 0.030457
7 0.655714 0.174492 0.012857 0.034264
7 0.667857 0.168782 0.011429 0.035533
7 0.713571 0.107234 0.010000 0.039340
7 0.716429 0.116751 0.008571 0.035533
7 0.704643 0.167513 0.010714 0.048223
7 0.714286 0.175761 0.012857 0.034264
7 0.702857 0.192893 0.012857 0.038071
7 0.885000 0.706218 0.022857 0.034264
7 0.985357 0.864213 0.027857 0.040609
