3 0.360357 0.170685 0.020714 0.057107
3 0.328571 0.336929 0.024286 0.064721
3 0.381429 0.046320 0.017143 0.046954
3 0.364286 0.022843 0.017143 0.045685
3 0.355714 0.073604 0.018571 0.045685
3 0.326071 0.228426 0.025000 0.055838
3 0.308929 0.310914 0.023571 0.060914
3 0.303571 0.606599 0.025714 0.073604
3 0.285000 0.695431 0.027143 0.083756
3 0.317500 0.521574 0.019286 0.058376
3 0.300357 0.481599 0.026429 0.074873
3 0.333571 0.428934 0.018571 0.065990
3 0.343929 0.357868 0.016429 0.055838
3 0.360357 0.285533 0.017857 0.050761
3 0.381429 0.167513 0.017143 0.060914
3 0.402500 0.044416 0.019286 0.053299
11 0.393214 0.092005 0.017857 0.049492
11 0.291429 0.406091 0.025714 0.065990
11 0.336786 0.168782 0.020714 0.055838
7 0.600714 0.600888 0.005714 0.021574
7 0.633571 0.606599 0.010000 0.022843
7 0.660357 0.590736 0.006429 0.024112
7 0.585714 0.553934 0.008571 0.019036
7 0.575357 0.545685 0.005000 0.017766
7 0.413214 0.592005 0.006429 0.019036
7 0.416786 0.564086 0.005000 0.016497
7 0.731786 0.426396 0.005000 0.015228
7 0.746429 0.326142 0.005714 0.017766
7 0.745357 0.305203 0.006429 0.021574
7 0.750357 0.363579 0.005000 0.021574
7 0.756429 0.326777 0.007143 0.019036
7 0.761071 0.331853 0.003571 0.016497
7 0.771429 0.444162 0.004286 0.017766
7 0.768214 0.392766 0.005000 0.026650
7 0.767500 0.312817 0.003571 0.021574
7 0.780714 0.615482 0.011429 0.015228
7 0.779643 0.602157 0.012143 0.011421
7 0.777143 0.446701 0.007143 0.020305
7 0.767857 0.373096 0.005714 0.017766
7 0.754286 0.354061 0.007143 0.015228
7 0.769643 0.330584 0.005000 0.016497
7 0.772500 0.361041 0.005000 0.019036
7 0.772143 0.298223 0.004286 0.020305
7 0.771429 0.308376 0.005714 0.017766
7 0.770000 0.278553 0.007143 0.013959
7 0.768571 0.250635 0.008571 0.013959
7 0.753929 0.177665 0.006429 0.020305
7 0.530357 0.201777 0.006429 0.020305
7 0.585714 0.093909 0.002857 0.012690
7 0.654643 0.087563 0.005000 0.012690
7 0.566429 0.097081 0.004286 0.008883
7 0.565357 0.088198 0.002143 0.011421
7 0.579286 0.088832 0.002857 0.012690
7 0.575357 0.090102 0.003571 0.010152
7 0.571786 0.081218 0.005000 0.012690
7 0.575357 0.075508 0.003571 0.011421
7 0.577143 0.079315 0.004286 0.013959
7 0.581071 0.081218 0.005000 0.015228
7 0.581071 0.077411 0.005000 0.017766
7 0.708214 0.026650 0.005000 0.010152
7 0.622143 0.010787 0.004286 0.021574
7 0.555714 0.814086 0.007143 0.021574
7 0.547143 0.814086 0.005714 0.024112
