3 0.602000 0.935000 0.084000 0.118000
3 0.584750 0.764667 0.052500 0.097333
3 0.678250 0.710667 0.054500 0.076000
3 0.644750 0.631667 0.054500 0.064667
3 0.545250 0.661667 0.043500 0.078000
3 0.505750 0.538667 0.031500 0.050667
3 0.486250 0.488667 0.028500 0.048000
3 0.469000 0.453000 0.028000 0.039333
3 0.451750 0.417333 0.027500 0.034667
3 0.491250 0.332000 0.029500 0.022667
3 0.513750 0.218333 0.030500 0.016667
3 0.469250 0.214000 0.024500 0.014667
11 0.423250 0.205000 0.028500 0.018000
11 0.388250 0.200333 0.027500 0.016667
3 0.357000 0.210000 0.027000 0.013333
7 0.352000 0.196333 0.003000 0.014000
7 0.493000 0.144667 0.002000 0.009333
7 0.497500 0.144333 0.002000 0.008667
3 0.383750 0.115333 0.011500 0.008000
3 0.571500 0.145667 0.019000 0.010000
0 0.582000 0.133667 0.009000 0.010000
3 0.603500 0.153333 0.018000 0.010667
3 0.628750 0.123000 0.010500 0.008667
11 0.643250 0.141667 0.013500 0.012667
3 0.376000 0.487667 0.028000 0.039333
3 0.559500 0.473000 0.034000 0.036667
3 0.538000 0.435000 0.031000 0.032667
7 0.515500 0.396000 0.004000 0.022667
3 0.620500 0.251333 0.025000 0.016000
3 0.099000 0.244667 0.024000 0.014667
3 0.132750 0.233667 0.026500 0.018000
3 0.183250 0.218333 0.026500 0.015333
3 0.227000 0.209000 0.028000 0.015333
3 0.259500 0.182667 0.013000 0.012000
3 0.256000 0.173000 0.010000 0.011333
10 0.254500 0.116000 0.011000 0.010667
7 0.260000 0.198333 0.002000 0.014000
3 0.310500 0.211667 0.020000 0.012667
