3 0.252500 0.221667 0.020000 0.012667
3 0.267250 0.228000 0.011500 0.013333
3 0.257250 0.240667 0.013500 0.013333
3 0.247000 0.255000 0.012000 0.012667
10 0.276250 0.253333 0.032500 0.021333
3 0.287750 0.241000 0.014500 0.011333
7 0.292250 0.307000 0.005500 0.014000
3 0.299750 0.370667 0.015500 0.024000
11 0.303000 0.346000 0.013000 0.024000
3 0.304000 0.329333 0.013000 0.020000
5 0.271000 0.416333 0.014000 0.011333
3 0.291500 0.439667 0.019000 0.032667
3 0.288750 0.515667 0.020500 0.039333
3 0.281500 0.584333 0.021000 0.044667
0 0.330000 0.497333 0.014000 0.036000
8 0.303250 0.709000 0.007500 0.014000
5 0.304000 0.718333 0.009000 0.028667
3 0.046000 0.864667 0.091000 0.066667
3 0.181000 0.809000 0.069000 0.071333
3 0.383250 0.721667 0.059500 0.042000
3 0.412250 0.590333 0.025500 0.048667
3 0.436250 0.584000 0.024500 0.054667
3 0.461750 0.581000 0.025500 0.052667
11 0.615000 0.919333 0.076000 0.073333
3 0.598250 0.816667 0.072500 0.050667
3 0.495750 0.847333 0.072500 0.050667
3 0.672250 0.790667 0.072500 0.050667
3 0.738750 0.770000 0.072500 0.050667
3 0.935000 0.959667 0.067000 0.062000
7 0.907250 0.841000 0.015500 0.026000
11 0.899750 0.811000 0.054500 0.059333
7 0.758000 0.902667 0.010000 0.029333
8 0.704000 0.932667 0.013000 0.021333
8 0.700750 0.910333 0.011500 0.022000
8 0.717750 0.932667 0.007500 0.013333
8 0.726750 0.894333 0.014500 0.027333
8 0.718250 0.909667 0.012500 0.020667
7 0.724500 0.656333 0.010000 0.027333
3 0.663500 0.679667 0.055000 0.038000
3 0.988250 0.656333 0.022500 0.042000
8 0.943500 0.631333 0.008000 0.017333
1 0.941250 0.639333 0.015500 0.017333
3 0.759750 0.509333 0.040500 0.040000
3 0.739500 0.479000 0.043000 0.027333
3 0.724750 0.456000 0.042500 0.020000
3 0.684750 0.473333 0.043500 0.024000
3 0.675250 0.454667 0.038500 0.021333
3 0.666000 0.438333 0.040000 0.023333
3 0.654000 0.423333 0.037000 0.018667
3 0.688250 0.409333 0.033500 0.020000
11 0.644000 0.408667 0.039000 0.028000
10 0.669750 0.389000 0.049500 0.034000
11 0.666000 0.374000 0.034000 0.030667
3 0.651250 0.367333 0.029500 0.022667
3 0.625000 0.380333 0.030000 0.020667
3 0.644250 0.354333 0.026500 0.022000
3 0.630250 0.341000 0.020500 0.018000
10 0.640750 0.315000 0.028500 0.043333
11 0.649250 0.282000 0.022500 0.017333
3 0.612500 0.284667 0.023000 0.017333
7 0.666500 0.275333 0.004000 0.013333
3 0.660750 0.214000 0.011500 0.013333
3 0.671500 0.211000 0.012000 0.012667
3 0.550250 0.193667 0.014500 0.011333
3 0.393750 0.200000 0.020500 0.010667
3 0.386500 0.214667 0.022000 0.012000
11 0.355500 0.297333 0.032000 0.018667
10 0.352750 0.340000 0.043500 0.032000
11 0.358750 0.372333 0.031500 0.019333
3 0.969000 0.435667 0.033000 0.036667
4 0.214250 0.123667 0.113500 0.052667
4 0.444500 0.078667 0.061000 0.132000
4 0.524250 0.052333 0.042500 0.059333
