7 0.886786 0.781429 0.013571 0.029524
7 0.852857 0.754762 0.017143 0.031429
7 0.770357 0.693333 0.017857 0.030476
7 0.781786 0.693810 0.013571 0.031429
7 0.625000 0.588095 0.011429 0.023810
7 0.631071 0.587143 0.009286 0.021905
7 0.636786 0.580952 0.010714 0.024762
7 0.572143 0.545714 0.010000 0.022857
7 0.578571 0.543333 0.008571 0.021905
7 0.528571 0.540952 0.007143 0.026667
7 0.530357 0.533810 0.006429 0.025714
7 0.412857 0.481905 0.005714 0.022857
7 0.421786 0.478571 0.005000 0.023810
7 0.427500 0.480000 0.005000 0.026667
7 0.433214 0.480476 0.006429 0.021905
7 0.422143 0.472857 0.005714 0.021905
7 0.451786 0.470476 0.006429 0.019048
7 0.461786 0.412381 0.006429 0.022857
7 0.206071 0.460000 0.006429 0.019048
7 0.224643 0.442857 0.007857 0.022857
7 0.263929 0.460476 0.005000 0.020000
7 0.261429 0.454762 0.005714 0.020000
7 0.296071 0.453810 0.007857 0.018095
7 0.296429 0.448095 0.010000 0.018095
7 0.292857 0.425714 0.007143 0.017143
7 0.295714 0.423810 0.007143 0.017143
7 0.308929 0.394762 0.006429 0.018095
3 0.200000 0.357619 0.032857 0.020000
7 0.207500 0.300000 0.005000 0.011429
7 0.153929 0.230000 0.003571 0.012381
7 0.191071 0.218571 0.005000 0.010476
7 0.187143 0.216190 0.004286 0.009524
7 0.147143 0.219048 0.002857 0.011429
7 0.100000 0.225238 0.005714 0.010476
7 0.019643 0.215714 0.005000 0.012381
7 0.010000 0.206190 0.005714 0.012381
7 0.020714 0.160952 0.004286 0.007619
7 0.017143 0.161905 0.004286 0.007619
7 0.420714 0.311429 0.004286 0.015238
7 0.428571 0.312381 0.002857 0.011429
7 0.430357 0.305238 0.003571 0.012381
7 0.427143 0.306667 0.002857 0.011429
7 0.422143 0.305238 0.002857 0.014286
7 0.436429 0.296667 0.002857 0.014286
7 0.433214 0.296667 0.003571 0.014286
11 0.347857 0.224286 0.015714 0.016190
3 0.363214 0.190952 0.012143 0.010476
10 0.347500 0.188571 0.016429 0.017143
7 0.431429 0.249048 0.002857 0.008571
