7 0.356786 0.873810 0.036429 0.060000
7 0.681071 0.400000 0.013571 0.043810
7 0.525714 0.418571 0.012857 0.037143
7 0.521429 0.334286 0.015714 0.032381
7 0.494286 0.301429 0.012857 0.031429
7 0.695714 0.022857 0.010000 0.026667
7 0.488929 0.309524 0.007857 0.040000
1 0.412857 0.400476 0.045714 0.039048
8 0.015714 0.320476 0.015714 0.031429
5 0.020714 0.331429 0.037143 0.026667
7 0.243214 0.300000 0.022143 0.041905
7 0.449643 0.575238 0.012143 0.057143
8 0.548571 0.378571 0.012857 0.037143
5 0.549643 0.394762 0.020714 0.044762
8 0.417857 0.344286 0.022857 0.031429
9 0.447500 0.346667 0.042143 0.053333
9 0.488929 0.419524 0.039286 0.082857
8 0.581071 0.253333 0.012143 0.032381
5 0.579643 0.268571 0.015000 0.034286
3 0.606786 0.180000 0.040714 0.059048
8 0.450000 0.310476 0.015714 0.040000
7 0.494643 0.166667 0.010714 0.028571
7 0.499286 0.153810 0.008571 0.031429
7 0.497143 0.093810 0.010000 0.033333
7 0.529286 0.109524 0.011429 0.030476
7 0.537500 0.089048 0.009286 0.023810
8 0.554286 0.076190 0.008571 0.024762
1 0.555714 0.092857 0.008571 0.023810
3 0.528929 0.046190 0.019286 0.037143
11 0.567857 0.045238 0.028571 0.046667
11 0.557143 0.017143 0.025714 0.030476
8 0.720357 0.096190 0.010714 0.019048
5 0.718571 0.105238 0.012857 0.020000
2 0.807500 0.084286 0.039286 0.101905
3 0.792143 0.208571 0.030000 0.060952
3 0.843929 0.255714 0.040714 0.069524
11 0.783571 0.363810 0.044286 0.112381
3 0.897143 0.214286 0.034286 0.070476
3 0.962500 0.262857 0.046429 0.078095
3 0.949286 0.199524 0.038571 0.054286
11 0.949286 0.146190 0.038571 0.046667
3 0.895714 0.140952 0.034286 0.057143
3 0.927500 0.123810 0.025000 0.047619
3 0.939286 0.086667 0.032857 0.041905
3 0.887143 0.082857 0.024286 0.041905
3 0.852143 0.088571 0.027143 0.049524
3 0.851786 0.046667 0.025000 0.038095
3 0.852500 0.015714 0.023571 0.029524
3 0.885000 0.051905 0.030000 0.037143
3 0.883214 0.026667 0.025000 0.028571
3 0.887500 0.008571 0.022143 0.017143
3 0.920714 0.014762 0.030000 0.021905
3 0.921429 0.034762 0.032857 0.037143
3 0.925000 0.059524 0.031429 0.029524
11 0.849643 0.540952 0.066429 0.156190
3 0.964286 0.586190 0.070000 0.140000
