8 0.222500 0.910952 0.007857 0.020000
8 0.202143 0.907143 0.010000 0.021905
1 0.226786 0.910000 0.020714 0.033333
5 0.203571 0.904762 0.018571 0.032381
10 0.047143 0.918571 0.094286 0.128571
4 0.261786 0.991429 0.020714 0.015238
10 0.518214 0.388095 0.052143 0.082857
3 0.574643 0.322381 0.022143 0.033333
8 0.555000 0.623333 0.007143 0.014286
8 0.605000 0.526190 0.002857 0.010476
8 0.531071 0.672381 0.005000 0.013333
5 0.528929 0.680476 0.010714 0.014286
5 0.555357 0.627619 0.012143 0.022857
1 0.601786 0.530952 0.006429 0.012381
5 0.607857 0.445714 0.011429 0.011429
5 0.609286 0.472857 0.010000 0.016190
5 0.660714 0.413333 0.007143 0.009524
8 0.608214 0.442857 0.006429 0.013333
8 0.609286 0.466190 0.005714 0.016190
8 0.662143 0.407143 0.004286 0.014286
8 0.612857 0.526190 0.004286 0.012381
8 0.270714 0.546190 0.004286 0.020000
8 0.280357 0.549524 0.005000 0.019048
8 0.670357 0.337619 0.005000 0.012381
8 0.688929 0.333810 0.005000 0.010476
5 0.687857 0.340952 0.005714 0.013333
5 0.669643 0.344286 0.006429 0.012381
3 0.611071 0.270952 0.016429 0.021905
3 0.645000 0.225238 0.015714 0.018095
10 0.666786 0.202857 0.020714 0.030476
8 0.620000 0.247619 0.004286 0.009524
8 0.680000 0.184286 0.002857 0.006667
8 0.703929 0.158095 0.002143 0.005714
5 0.703929 0.160952 0.003571 0.005714
5 0.678929 0.187619 0.003571 0.007619
5 0.619643 0.252857 0.005000 0.006667
7 0.632500 0.160000 0.002143 0.009524
3 0.644643 0.150952 0.010714 0.014286
3 0.671429 0.139524 0.010000 0.012381
7 0.695357 0.152381 0.003571 0.009524
7 0.691786 0.151905 0.002143 0.010476
7 0.689286 0.157619 0.001429 0.008571
7 0.687143 0.161905 0.002857 0.009524
7 0.680357 0.150476 0.003571 0.009524
3 0.666786 0.129524 0.012143 0.015238
11 0.691786 0.137143 0.010714 0.015238
11 0.717500 0.115238 0.007857 0.013333
3 0.725357 0.109524 0.007857 0.011429
5 0.796071 0.110952 0.003571 0.008571
8 0.795714 0.109048 0.001429 0.004762
7 0.722857 0.089524 0.001429 0.007619
10 0.813571 0.072857 0.008571 0.014286
10 0.835714 0.035238 0.007143 0.011429
3 0.852143 0.117619 0.010000 0.010476
3 0.862500 0.088095 0.013571 0.006667
3 0.865000 0.080476 0.012857 0.004762
11 0.826786 0.035714 0.006429 0.006667
4 0.818929 0.019048 0.020714 0.024762
10 0.775000 0.040000 0.024286 0.013333
4 0.773571 0.057619 0.012857 0.018095
4 0.830357 0.060952 0.002143 0.007619
4 0.850000 0.019048 0.010000 0.022857
7 0.776786 0.183333 0.003571 0.012381
3 0.957143 0.130476 0.020000 0.011429
4 0.362500 0.043333 0.026429 0.020000
