3 0.518571 0.586929 0.010000 0.031726
3 0.558214 0.544416 0.010714 0.027919
3 0.463929 0.645939 0.012143 0.030457
3 0.537857 0.482868 0.010000 0.024112
3 0.518571 0.434645 0.010000 0.019036
3 0.545714 0.401015 0.007143 0.020305
3 0.528214 0.259518 0.006429 0.011421
3 0.518929 0.250635 0.005000 0.013959
3 0.493929 0.272208 0.005000 0.011421
3 0.525714 0.236675 0.007143 0.013959
3 0.518214 0.221447 0.005000 0.016497
3 0.514643 0.196066 0.003571 0.008883
3 0.514286 0.182107 0.004286 0.008883
3 0.522500 0.192259 0.006429 0.013959
3 0.531429 0.178934 0.004286 0.010152
3 0.501786 0.175127 0.003571 0.007614
3 0.515714 0.164975 0.002857 0.010152
3 0.522143 0.162437 0.004286 0.010152
3 0.501786 0.159898 0.003571 0.007614
3 0.494286 0.152919 0.002857 0.006345
3 0.501786 0.149112 0.005000 0.008883
3 0.494286 0.144036 0.002857 0.008883
3 0.511786 0.093274 0.002143 0.006345
3 0.512500 0.100888 0.002143 0.003807
3 0.513929 0.119289 0.003571 0.012690
3 0.513571 0.131980 0.004286 0.012690
3 0.502857 0.118020 0.002857 0.007614
3 0.503571 0.105964 0.002857 0.008883
3 0.497500 0.103426 0.003571 0.006345
4 0.512500 0.046954 0.040714 0.093909
2 0.517857 0.083122 0.004286 0.011421
10 0.498929 0.088198 0.003571 0.013959
10 0.498571 0.072335 0.005714 0.010152
11 0.518214 0.097716 0.003571 0.010152
10 0.490714 0.115482 0.004286 0.015228
3 0.490000 0.126269 0.002857 0.006345
3 0.496786 0.128807 0.003571 0.008883
11 0.498571 0.208756 0.004286 0.011421
11 0.525000 0.279188 0.005714 0.017766
11 0.529643 0.354695 0.007857 0.024112
3 0.507857 0.338198 0.007143 0.013959
3 0.510000 0.326777 0.005714 0.013959
11 0.509286 0.295685 0.007143 0.020305
10 0.472857 0.456218 0.012857 0.039340
11 0.541429 0.549492 0.011429 0.035533
11 0.542500 0.726523 0.013571 0.052030
11 0.485714 0.751904 0.014286 0.049492
11 0.558214 0.901650 0.015000 0.064721
3 0.448929 0.980330 0.019286 0.034264
2 0.567500 0.655457 0.026429 0.125635
11 0.536786 0.419416 0.009286 0.024112
3 0.464286 0.379442 0.007143 0.017766
5 0.509286 0.258249 0.002857 0.013959
7 0.509286 0.255711 0.004286 0.013959
3 0.513929 0.154822 0.003571 0.010152
3 0.520714 0.149746 0.004286 0.012690
3 0.673929 0.407995 0.025000 0.021574
