3 0.462161 0.957328 0.033925 0.081633
3 0.379697 0.937384 0.031837 0.097403
3 0.477557 0.859462 0.029228 0.078850
3 0.469729 0.768553 0.030271 0.071429
5 0.376566 0.795918 0.021399 0.025974
11 0.516962 0.515770 0.032881 0.033395
11 0.378653 0.374304 0.027662 0.028757
3 0.399530 0.390074 0.030793 0.026902
3 0.372651 0.076994 0.016701 0.011132
3 0.477557 0.088126 0.013570 0.009276
3 0.477296 0.069573 0.013048 0.011132
3 0.420668 0.195269 0.015658 0.017625
3 0.685282 0.398887 0.030271 0.024119
3 0.692850 0.411874 0.034969 0.025974
7 0.732255 0.418831 0.004175 0.023191
11 0.657881 0.357143 0.026618 0.025974
3 0.638048 0.332560 0.028706 0.021336
3 0.631263 0.320965 0.028706 0.024119
11 0.621608 0.310297 0.022965 0.023191
3 0.620564 0.292672 0.027140 0.017625
11 0.612735 0.281076 0.022965 0.022263
9 0.682672 0.305195 0.012526 0.024119
3 0.604384 0.271800 0.020877 0.016698
3 0.598121 0.262059 0.021921 0.019481
3 0.557933 0.204082 0.018789 0.018553
11 0.552975 0.191558 0.018267 0.017625
11 0.539927 0.177644 0.019311 0.017625
11 0.526357 0.158627 0.015136 0.012987
3 0.524530 0.149351 0.014614 0.012987
3 0.499478 0.069109 0.012526 0.010204
3 0.522965 0.070037 0.014614 0.010204
3 0.614040 0.145176 0.012004 0.013915
3 0.602557 0.134045 0.013048 0.013915
3 0.592902 0.122449 0.009395 0.011132
3 0.582203 0.113636 0.009916 0.010204
3 0.574113 0.105288 0.010438 0.012059
2 0.606472 0.110390 0.021921 0.033395
2 0.588466 0.094156 0.022443 0.030612
2 0.612213 0.057050 0.032359 0.019481
3 0.583246 0.064471 0.014092 0.010204
3 0.504958 0.043599 0.007829 0.009276
3 0.497129 0.044527 0.006785 0.011132
3 0.491910 0.039425 0.006785 0.012059
3 0.494520 0.032468 0.006785 0.009276
3 0.472077 0.016698 0.005741 0.007421
3 0.600731 0.226809 0.015658 0.021336
7 0.609081 0.224954 0.003132 0.013915
3 0.506785 0.035714 0.007307 0.010204
8 0.528706 0.119202 0.001044 0.006494
8 0.619781 0.090909 0.001566 0.005566
8 0.641701 0.115492 0.001566 0.006494
3 0.860125 0.219388 0.018789 0.017625
8 0.725731 0.186920 0.002610 0.008349
5 0.725209 0.192022 0.005741 0.007421
5 0.640919 0.119202 0.003132 0.004638
5 0.528445 0.122913 0.002610 0.006494
5 0.619520 0.096011 0.004175 0.004638
4 0.629436 0.100186 0.006263 0.014842
4 0.548017 0.044991 0.002088 0.006494
