11 0.875714 0.890476 0.247143 0.201905
3 0.535357 0.827143 0.232143 0.166667
3 0.518214 0.467143 0.113571 0.079048
3 0.113214 0.915714 0.225000 0.166667
3 0.046071 0.667619 0.092143 0.121905
3 0.146429 0.506667 0.140000 0.089524
7 0.530000 0.424762 0.018571 0.038095
7 0.805000 0.296667 0.012857 0.042857
3 0.150714 0.342381 0.082857 0.054286
3 0.263929 0.361429 0.086429 0.056190
8 0.737143 0.371429 0.012857 0.038095
5 0.732500 0.377143 0.037857 0.034286
8 0.749286 0.298095 0.010000 0.024762
9 0.761429 0.311905 0.041429 0.035238
8 0.735357 0.201905 0.006429 0.019048
8 0.764286 0.210952 0.005714 0.016190
1 0.734643 0.208095 0.016429 0.014286
5 0.763929 0.220000 0.012143 0.015238
3 0.708571 0.168095 0.028571 0.039048
8 0.772857 0.130952 0.005714 0.014286
1 0.772857 0.136667 0.010000 0.008571
3 0.958929 0.262857 0.057857 0.059048
3 0.903571 0.235714 0.048571 0.042857
3 0.860000 0.231905 0.041429 0.042857
3 0.865000 0.205238 0.038571 0.039048
3 0.891071 0.194762 0.027857 0.039048
3 0.974286 0.229048 0.050000 0.039048
3 0.817143 0.190952 0.032857 0.031429
11 0.794643 0.173810 0.025000 0.027619
3 0.772500 0.166190 0.022143 0.025714
3 0.752857 0.155238 0.022857 0.022857
3 0.735357 0.149524 0.019286 0.020952
3 0.719643 0.140952 0.020714 0.020952
3 0.726786 0.110952 0.022143 0.018095
7 0.833214 0.130952 0.005000 0.023810
7 0.842143 0.135714 0.005714 0.023810
3 0.693929 0.125238 0.025000 0.027619
10 0.391786 0.353333 0.125000 0.097143
