11 0.229643 0.961905 0.066429 0.074286
10 0.257500 0.801905 0.080714 0.194286
3 0.540357 0.783333 0.050714 0.170476
3 0.598214 0.803333 0.052143 0.168571
0 0.529643 0.582381 0.032143 0.058095
7 0.518571 0.458571 0.017143 0.027619
7 0.533214 0.456667 0.012143 0.031429
7 0.549286 0.499524 0.015714 0.029524
3 0.588929 0.390476 0.043571 0.123810
3 0.600714 0.086667 0.040000 0.100952
7 0.558571 0.010476 0.011429 0.020952
7 0.570714 0.009524 0.011429 0.019048
7 0.547143 0.010952 0.008571 0.021905
7 0.227857 0.510000 0.021429 0.021905
3 0.294286 0.612381 0.061429 0.146667
11 0.314643 0.444762 0.053571 0.123810
10 0.412857 0.558095 0.068571 0.201905
5 0.174286 0.271429 0.040000 0.030476
5 0.176429 0.256190 0.041429 0.034286
3 0.206429 0.200000 0.057143 0.118095
5 0.205000 0.047619 0.031429 0.028571
1 0.123214 0.163810 0.025000 0.041905
