4 0.337750 0.204667 0.085500 0.044000
8 0.070000 0.248000 0.012000 0.026667
11 0.105500 0.379667 0.047000 0.059333
11 0.049750 0.438333 0.079500 0.064667
11 0.062500 0.517333 0.102000 0.064000
3 0.127500 0.460000 0.056000 0.065333
3 0.195000 0.483667 0.045000 0.082000
7 0.245500 0.534000 0.021000 0.038667
3 0.054250 0.583333 0.107500 0.062667
3 0.040500 0.669333 0.079000 0.069333
11 0.017500 0.758333 0.035000 0.079333
3 0.156250 0.560333 0.061500 0.094000
3 0.223250 0.606000 0.105500 0.074667
3 0.155000 0.679333 0.111000 0.082667
3 0.134750 0.774000 0.124500 0.113333
11 0.390250 0.507333 0.068500 0.085333
3 0.345500 0.603333 0.100000 0.061333
11 0.272250 0.737667 0.099500 0.142000
7 0.327250 0.716333 0.018500 0.048667
11 0.390250 0.714333 0.123500 0.143333
3 0.316000 0.939000 0.105000 0.120667
3 0.392000 0.885667 0.121000 0.163333
3 0.519000 0.820667 0.108000 0.158667
11 0.565500 0.740000 0.109000 0.136000
7 0.414500 0.623000 0.017000 0.038000
7 0.454250 0.612667 0.018500 0.041333
7 0.536250 0.628333 0.017500 0.047333
7 0.440500 0.561000 0.017000 0.038000
7 0.507000 0.578667 0.015000 0.038667
7 0.571750 0.461000 0.012500 0.039333
11 0.514750 0.522333 0.076500 0.095333
5 0.368250 0.244333 0.016500 0.023333
5 0.398250 0.234333 0.007500 0.020667
1 0.385500 0.241667 0.012000 0.024667
5 0.387250 0.217667 0.009500 0.020667
9 0.394500 0.193667 0.019000 0.031333
9 0.416250 0.207667 0.023500 0.030000
5 0.409000 0.226000 0.010000 0.014667
5 0.413750 0.230333 0.006500 0.026000
5 0.419750 0.229333 0.007500 0.022667
5 0.431000 0.230000 0.007000 0.022667
5 0.440250 0.229667 0.006500 0.023333
1 0.500750 0.192667 0.010500 0.020000
5 0.449750 0.229000 0.006500 0.023333
5 0.457750 0.229333 0.008500 0.024000
5 0.471750 0.231000 0.011500 0.024667
5 0.483750 0.226667 0.008500 0.024000
7 0.441000 0.214000 0.008000 0.020000
7 0.452250 0.225667 0.006500 0.026000
7 0.443750 0.229000 0.006500 0.023333
11 0.426750 0.292000 0.030500 0.053333
10 0.454500 0.282333 0.033000 0.059333
9 0.471000 0.260333 0.035000 0.027333
11 0.496500 0.271333 0.052000 0.045333
11 0.556750 0.260667 0.049500 0.030667
8 0.679000 0.444333 0.015000 0.035333
8 0.688500 0.442333 0.010000 0.027333
5 0.677500 0.452333 0.024000 0.031333
5 0.605750 0.387000 0.017500 0.028667
7 0.511000 0.365333 0.006000 0.024000
7 0.526000 0.362333 0.009000 0.032667
8 0.602000 0.345667 0.013000 0.027333
8 0.600000 0.334000 0.010000 0.021333
5 0.978250 0.510333 0.025500 0.042000
11 0.985000 0.566333 0.029000 0.056667
1 0.896000 0.524667 0.040000 0.029333
7 0.989750 0.654000 0.019500 0.037333
7 0.737000 0.459000 0.017000 0.035333
7 0.938250 0.315667 0.017500 0.032667
7 0.943500 0.306333 0.016000 0.031333
8 0.959000 0.311333 0.016000 0.018667
7 0.955750 0.293667 0.013500 0.030000
7 0.954750 0.281000 0.015500 0.031333
8 0.964250 0.268000 0.013500 0.022667
8 0.956250 0.256667 0.014500 0.022667
7 0.948250 0.234000 0.015500 0.032000
7 0.908500 0.269333 0.012000 0.026667
7 0.916750 0.274667 0.012500 0.030667
7 0.925000 0.271000 0.011000 0.034000
7 0.993000 0.299667 0.013000 0.035333
7 0.994250 0.286333 0.010500 0.031333
5 0.882500 0.174667 0.009000 0.017333
7 0.909500 0.204333 0.012000 0.023333
7 0.850500 0.385333 0.011000 0.022667
7 0.868250 0.284333 0.013500 0.032667
7 0.827750 0.292667 0.014500 0.029333
3 0.853750 0.317667 0.065500 0.052667
3 0.788250 0.354333 0.080500 0.054000
8 0.808750 0.381667 0.014500 0.022000
5 0.806250 0.387000 0.029500 0.026000
3 0.752750 0.324333 0.078500 0.044667
7 0.626750 0.260333 0.007500 0.028667
5 0.617750 0.273000 0.008500 0.022000
7 0.661250 0.258333 0.010500 0.032667
7 0.672750 0.253667 0.009500 0.027333
7 0.663250 0.242333 0.008500 0.026000
7 0.633500 0.222333 0.012000 0.032667
7 0.640750 0.185000 0.006500 0.028667
7 0.654000 0.192333 0.009000 0.030000
7 0.599500 0.197667 0.008000 0.030000
7 0.593000 0.203667 0.005000 0.018000
7 0.592000 0.190667 0.008000 0.022667
7 0.577500 0.182333 0.007000 0.027333
7 0.582750 0.181667 0.006500 0.028667
7 0.626500 0.170000 0.007000 0.029333
7 0.595000 0.164667 0.008000 0.030667
7 0.598500 0.143667 0.007000 0.024667
7 0.571000 0.148000 0.007000 0.025333
7 0.575500 0.143667 0.005000 0.018000
7 0.579750 0.138333 0.004500 0.020667
8 0.584250 0.134000 0.006500 0.018667
5 0.585000 0.141667 0.008000 0.019333
11 0.638000 0.143000 0.043000 0.028667
11 0.654000 0.128667 0.038000 0.024000
11 0.695000 0.137667 0.041000 0.026000
11 0.727750 0.150333 0.044500 0.031333
11 0.767500 0.137333 0.041000 0.032000
10 0.753750 0.173333 0.040500 0.042667
7 0.776750 0.143333 0.007500 0.014667
7 0.794000 0.144000 0.007000 0.016000
11 0.781000 0.155333 0.043000 0.029333
11 0.784500 0.171000 0.043000 0.036667
8 0.837000 0.149000 0.010000 0.012667
8 0.844500 0.145333 0.008000 0.012000
11 0.800750 0.134000 0.030500 0.033333
7 0.960500 0.229333 0.010000 0.026667
8 0.788500 0.104333 0.006000 0.011333
7 0.768000 0.103000 0.008000 0.023333
7 0.783500 0.089000 0.007000 0.022000
7 0.746250 0.085667 0.007500 0.024667
7 0.655750 0.109000 0.013500 0.015333
11 0.622250 0.105667 0.020500 0.030000
7 0.621250 0.128333 0.004500 0.019333
11 0.603750 0.104667 0.016500 0.029333
7 0.493250 0.133000 0.004500 0.023333
11 0.534250 0.110000 0.046500 0.022667
8 0.561000 0.112000 0.007000 0.017333
3 0.597500 0.086000 0.029000 0.024000
11 0.597750 0.069667 0.027500 0.030000
11 0.594500 0.053000 0.017000 0.023333
7 0.573000 0.069667 0.005000 0.019333
7 0.572000 0.062333 0.005000 0.015333
8 0.564500 0.056333 0.007000 0.012667
5 0.563750 0.062000 0.007500 0.013333
7 0.555750 0.058000 0.004500 0.021333
11 0.543000 0.055333 0.015000 0.022667
10 0.641750 0.054000 0.044500 0.036000
7 0.610750 0.046667 0.006500 0.018667
3 0.667250 0.024000 0.031500 0.018667
11 0.666000 0.014667 0.024000 0.014667
3 0.617500 0.024333 0.029000 0.018000
5 0.605250 0.028333 0.012500 0.014000
3 0.577500 0.036667 0.025000 0.024000
7 0.581750 0.053667 0.006500 0.020667
3 0.516250 0.080333 0.030500 0.019333
11 0.518750 0.065667 0.031500 0.022000
10 0.518000 0.055000 0.037000 0.028667
11 0.516000 0.045333 0.023000 0.016000
11 0.512250 0.045667 0.028500 0.019333
11 0.512000 0.033333 0.032000 0.018667
7 0.528250 0.028000 0.004500 0.017333
3 0.553750 0.024667 0.031500 0.022667
