7 0.119286 0.256345 0.002857 0.010152
7 0.121429 0.254442 0.002857 0.011421
7 0.132857 0.270939 0.002857 0.013959
2 0.014286 0.280457 0.028571 0.040609
2 0.019643 0.217005 0.039286 0.043147
2 0.019286 0.225888 0.038571 0.045685
2 0.028214 0.238579 0.055000 0.053299
2 0.035714 0.237944 0.060000 0.044416
2 0.048571 0.241117 0.065714 0.045685
2 0.055714 0.253807 0.060000 0.043147
2 0.070000 0.259518 0.061429 0.046954
2 0.077500 0.263959 0.062143 0.045685
2 0.082500 0.274112 0.045000 0.032995
11 0.031071 0.428934 0.022143 0.022843
11 0.060357 0.496193 0.017857 0.038071
3 0.062500 0.454315 0.015000 0.027919
3 0.056429 0.547589 0.018571 0.036802
3 0.057143 0.597081 0.021429 0.036802
2 0.034286 0.670685 0.054286 0.143401
3 0.011786 0.812183 0.023571 0.063452
11 0.315714 0.859137 0.021429 0.068528
11 0.385714 0.892766 0.021429 0.067259
11 0.551429 0.786802 0.018571 0.065990
3 0.519286 0.893401 0.022857 0.076142
3 0.593214 0.828680 0.020714 0.073604
11 0.557143 0.889594 0.022857 0.073604
3 0.466429 0.598985 0.018571 0.043147
3 0.503929 0.498731 0.013571 0.040609
11 0.623214 0.547589 0.017857 0.054569
6 0.713571 0.542513 0.021429 0.046954
3 0.747500 0.560279 0.016429 0.044416
10 0.784643 0.565990 0.022143 0.060914
3 0.847500 0.802030 0.026429 0.058376
11 0.811071 0.780457 0.026429 0.058376
11 0.782500 0.767766 0.025000 0.065990
6 0.776429 0.880711 0.035714 0.081218
11 0.784286 0.951142 0.054286 0.079949
11 0.777143 0.980964 0.042857 0.032995
10 0.895714 0.955584 0.047143 0.083756
7 0.937857 0.604695 0.005714 0.021574
8 0.891071 0.486041 0.006429 0.010152
7 0.893929 0.481599 0.005000 0.019036
7 0.893214 0.464467 0.006429 0.017766
11 0.933571 0.411168 0.022857 0.040609
10 0.856071 0.293782 0.017857 0.041878
5 0.607857 0.386421 0.002857 0.019036
8 0.607500 0.381980 0.003571 0.012690
3 0.475357 0.395939 0.013571 0.025381
3 0.490357 0.320431 0.013571 0.019036
11 0.505357 0.387690 0.013571 0.034264
11 0.642143 0.329315 0.011429 0.026650
11 0.602500 0.265228 0.010714 0.022843
11 0.471071 0.301396 0.013571 0.021574
11 0.509286 0.266497 0.011429 0.020305
3 0.626071 0.268401 0.012143 0.016497
3 0.650357 0.259518 0.009286 0.021574
3 0.312500 0.429569 0.015000 0.026650
2 0.311071 0.316624 0.032143 0.074873
10 0.398929 0.249365 0.020714 0.034264
10 0.483214 0.267132 0.019286 0.039340
3 0.580000 0.259518 0.012857 0.019036
3 0.555714 0.258249 0.012857 0.021574
3 0.199643 0.147843 0.019286 0.011421
3 0.224286 0.158629 0.022857 0.012690
3 0.286429 0.147843 0.021429 0.013959
2 0.346071 0.146574 0.057857 0.041878
2 0.428214 0.151015 0.037857 0.022843
11 0.478214 0.173858 0.022143 0.017766
3 0.620357 0.189721 0.025000 0.016497
11 0.714286 0.184645 0.024286 0.021574
3 0.636786 0.176396 0.020714 0.015228
3 0.814643 0.107234 0.006429 0.013959
3 0.810000 0.066624 0.005714 0.008883
3 0.918929 0.090736 0.010714 0.011421
3 0.929286 0.115482 0.011429 0.012690
3 0.941071 0.192893 0.020714 0.017766
2 0.875000 0.206853 0.080000 0.055838
2 0.988929 0.178934 0.020714 0.048223
2 0.946429 0.148477 0.021429 0.043147
3 0.977857 0.227792 0.031429 0.019036
11 0.513571 0.139594 0.014286 0.015228
3 0.573214 0.104061 0.010714 0.010152
11 0.547500 0.164340 0.012143 0.013959
11 0.621429 0.122462 0.010000 0.013959
3 0.591786 0.153553 0.010714 0.012690
3 0.570000 0.159898 0.010000 0.012690
3 0.650357 0.056472 0.007857 0.011421
3 0.640714 0.072335 0.007143 0.007614
3 0.622857 0.077411 0.007143 0.007614
2 0.561786 0.076142 0.026429 0.030457
2 0.586071 0.069162 0.029286 0.031726
2 0.430714 0.103426 0.034286 0.039340
7 0.486429 0.110406 0.001429 0.007614
4 0.498929 0.104061 0.009286 0.012690
4 0.510000 0.098350 0.007143 0.016497
4 0.520714 0.095178 0.010000 0.015228
