3 0.140750 0.962667 0.171500 0.073333
3 0.174750 0.880667 0.133500 0.078667
3 0.201000 0.810667 0.113000 0.070667
11 0.254750 0.731667 0.078500 0.064667
3 0.255000 0.694667 0.113000 0.056000
3 0.282750 0.619000 0.085500 0.046000
11 0.295250 0.581667 0.070500 0.043333
11 0.341500 0.391333 0.013000 0.017333
11 0.362000 0.429667 0.027000 0.018000
3 0.446500 0.595000 0.030000 0.050000
3 0.463750 0.917333 0.062500 0.162667
7 0.601250 0.632333 0.013500 0.038000
3 0.623000 0.482333 0.030000 0.024667
8 0.465500 0.488667 0.007000 0.014667
5 0.465750 0.495667 0.004500 0.014000
3 0.437250 0.459667 0.017500 0.023333
3 0.437250 0.421667 0.013500 0.016667
3 0.598500 0.427667 0.017000 0.016667
3 0.435000 0.389000 0.010000 0.012667
3 0.482750 0.392333 0.009500 0.011333
7 0.527750 0.418333 0.004500 0.015333
8 0.506000 0.396333 0.003000 0.010000
5 0.506500 0.399000 0.003000 0.007333
8 0.446000 0.378667 0.002000 0.009333
5 0.445750 0.381000 0.002500 0.007333
3 0.436250 0.381667 0.010500 0.008667
3 0.433250 0.377333 0.008500 0.009333
3 0.432750 0.372000 0.008500 0.008000
3 0.562250 0.406000 0.026500 0.013333
3 0.555000 0.397667 0.022000 0.011333
3 0.545250 0.395667 0.020500 0.012667
3 0.542000 0.391333 0.021000 0.009333
11 0.540000 0.388000 0.018000 0.010667
3 0.533750 0.386333 0.019500 0.008667
3 0.525000 0.385333 0.020000 0.010667
3 0.507250 0.377667 0.009500 0.011333
3 0.484000 0.366333 0.008000 0.008667
3 0.486500 0.356667 0.017000 0.009333
3 0.433250 0.355000 0.006500 0.007333
3 0.448750 0.338000 0.006500 0.006667
3 0.441000 0.325000 0.004000 0.003333
3 0.448750 0.324333 0.004500 0.004667
3 0.484250 0.343333 0.013500 0.005333
3 0.467750 0.334333 0.004500 0.006000
7 0.462250 0.334333 0.001500 0.007333
3 0.430000 0.347000 0.005000 0.006000
3 0.430750 0.339333 0.004500 0.005333
3 0.430500 0.331667 0.004000 0.006000
7 0.417000 0.371333 0.002000 0.009333
8 0.445250 0.351000 0.001500 0.004667
8 0.429500 0.363667 0.002000 0.006000
5 0.445000 0.353667 0.002000 0.004667
7 0.510250 0.364333 0.002500 0.008667
7 0.532250 0.376333 0.001500 0.011333
11 0.445250 0.312333 0.002500 0.004667
4 0.452250 0.302333 0.007500 0.014000
4 0.460500 0.321333 0.019000 0.016000
4 0.431500 0.320667 0.007000 0.014667
4 0.439250 0.315333 0.003500 0.013333
1 0.774250 0.549667 0.023500 0.015333
8 0.954750 0.657000 0.011500 0.032667
8 0.969250 0.657000 0.011500 0.028667
