3 0.520357 0.272208 0.035000 0.085025
3 0.541071 0.067259 0.029286 0.065990
3 0.656071 0.344543 0.049286 0.057107
3 0.630714 0.439721 0.050000 0.057107
3 0.620000 0.480964 0.048571 0.055838
3 0.603929 0.526015 0.053571 0.069797
3 0.597143 0.576777 0.045714 0.059645
3 0.543929 0.776015 0.055000 0.074873
3 0.504643 0.945431 0.062143 0.083756
3 0.367143 0.399746 0.035714 0.081218
3 0.396786 0.309010 0.032143 0.077411
3 0.447143 0.150381 0.031429 0.072335
3 0.472143 0.080584 0.028571 0.062183
3 0.264286 0.690355 0.040000 0.093909
3 0.227143 0.818528 0.042857 0.096447
3 0.181786 0.942259 0.045000 0.102792
3 0.435000 0.948604 0.042857 0.095178
10 0.296429 0.584391 0.048571 0.123096
11 0.335357 0.483503 0.035000 0.076142
11 0.423929 0.225888 0.026429 0.071066
3 0.495357 0.020939 0.026429 0.041878
5 0.402500 0.373096 0.012143 0.035533
10 0.693571 0.204315 0.060000 0.060914
3 0.805000 0.468274 0.024286 0.088832
3 0.687500 0.564721 0.055000 0.063452
3 0.654643 0.666878 0.053571 0.064721
3 0.648929 0.715736 0.056429 0.073604
3 0.606786 0.925761 0.052143 0.067259
3 0.690357 0.515863 0.052143 0.057107
3 0.697857 0.475254 0.052857 0.054569
3 0.710000 0.441624 0.041429 0.053299
3 0.718571 0.399746 0.051429 0.053299
3 0.728214 0.360406 0.050714 0.055838
3 0.738214 0.322335 0.046429 0.055838
3 0.744286 0.288706 0.048571 0.054569
3 0.762500 0.233503 0.037857 0.045685
3 0.762857 0.192893 0.048571 0.050761
3 0.797500 0.145305 0.043571 0.039340
3 0.782143 0.068528 0.038571 0.038071
3 0.800714 0.014594 0.041429 0.029188
10 0.874286 0.081218 0.030000 0.078680
11 0.741786 0.856599 0.033571 0.088832
7 0.705714 0.951142 0.010000 0.016497
7 0.694286 0.934645 0.008571 0.019036
7 0.877500 0.269670 0.009286 0.016497
8 0.853571 0.427030 0.010000 0.024112
5 0.897857 0.034264 0.012857 0.025381
1 0.888929 0.027919 0.009286 0.027919
5 0.782857 0.666244 0.012857 0.038071
7 0.357857 0.439086 0.010000 0.025381
11 0.622857 0.884518 0.052857 0.073604
3 0.601429 0.972081 0.055714 0.050761
10 0.624643 0.829949 0.077857 0.096447
