3 0.230000 0.992381 0.057143 0.013333
3 0.156786 0.993333 0.049286 0.011429
3 0.230357 0.962381 0.055000 0.040952
3 0.160714 0.957143 0.057143 0.040000
3 0.163929 0.878571 0.055000 0.037143
3 0.231429 0.911429 0.060000 0.041905
3 0.235000 0.864762 0.057143 0.034286
3 0.236429 0.823333 0.057143 0.037143
3 0.242143 0.781429 0.050000 0.035238
3 0.245714 0.732381 0.061429 0.036190
3 0.172500 0.747619 0.055000 0.034286
3 0.170714 0.706667 0.057143 0.032381
3 0.173929 0.668571 0.059286 0.032381
3 0.177857 0.624286 0.055714 0.033333
11 0.246429 0.677619 0.058571 0.033333
7 0.568214 0.652857 0.012143 0.021905
9 0.560000 0.500952 0.014286 0.043810
9 0.440714 0.090000 0.037143 0.029524
11 0.523214 0.359524 0.016429 0.060000
10 0.455714 0.302857 0.038571 0.087619
6 0.797143 0.464762 0.044286 0.049524
5 0.487500 0.490952 0.007857 0.035238
5 0.492857 0.074286 0.008571 0.030476
8 0.492857 0.070000 0.004286 0.020000
8 0.487857 0.489524 0.005714 0.022857
5 0.310000 0.293333 0.015714 0.026667
5 0.290357 0.294762 0.010714 0.027619
5 0.246429 0.296190 0.011429 0.024762
5 0.236429 0.293333 0.005714 0.028571
5 0.226429 0.293810 0.012857 0.027619
5 0.212857 0.293810 0.011429 0.029524
5 0.202500 0.292857 0.010714 0.027619
5 0.191429 0.292381 0.011429 0.026667
5 0.177143 0.294286 0.012857 0.028571
5 0.167500 0.294286 0.010714 0.028571
5 0.159286 0.292857 0.012857 0.029524
5 0.148929 0.291905 0.010714 0.027619
5 0.139643 0.292381 0.010714 0.028571
5 0.037143 0.331905 0.022857 0.031429
5 0.015714 0.332857 0.015714 0.027619
5 0.004643 0.336667 0.009286 0.025714
1 0.125714 0.296190 0.008571 0.028571
5 0.113571 0.294762 0.020000 0.029524
5 0.091786 0.294762 0.010714 0.033333
5 0.078929 0.294286 0.012143 0.032381
5 0.069643 0.293333 0.009286 0.034286
5 0.053571 0.294762 0.017143 0.029524
5 0.035000 0.290952 0.014286 0.033333
5 0.015000 0.296190 0.015714 0.028571
