3 0.165000 0.868571 0.240000 0.165714
3 0.259643 0.676190 0.189286 0.123810
3 0.653214 0.710000 0.187857 0.101905
3 0.622143 0.592857 0.140000 0.077143
3 0.912500 0.680476 0.129286 0.149524
3 0.332143 0.499048 0.111429 0.070476
3 0.557500 0.448571 0.100714 0.045714
7 0.812857 0.719048 0.027143 0.083810
3 0.292143 0.576667 0.165714 0.082857
3 0.235357 0.443333 0.110714 0.054286
3 0.345357 0.470476 0.102143 0.051429
3 0.244286 0.423810 0.084286 0.043810
11 0.337500 0.422381 0.076429 0.046667
3 0.343929 0.401905 0.076429 0.041905
3 0.306429 0.386667 0.081429 0.036190
3 0.333929 0.373333 0.067857 0.032381
3 0.337500 0.361905 0.066429 0.041905
3 0.348929 0.348571 0.063571 0.047619
3 0.357857 0.337619 0.054286 0.039048
3 0.370000 0.327143 0.052857 0.037143
3 0.379286 0.312381 0.050000 0.022857
3 0.387143 0.310476 0.047143 0.036190
3 0.388929 0.298571 0.046429 0.023810
3 0.392500 0.287143 0.050714 0.025714
3 0.389643 0.280476 0.049286 0.031429
3 0.393214 0.272381 0.043571 0.030476
3 0.401071 0.266190 0.029286 0.021905
3 0.403214 0.260476 0.037857 0.021905
11 0.415357 0.250952 0.042143 0.025714
11 0.455000 0.243810 0.015714 0.030476
11 0.437857 0.238095 0.030000 0.019048
3 0.419286 0.235238 0.022857 0.013333
3 0.412143 0.228571 0.014286 0.015238
3 0.433214 0.225238 0.010714 0.014286
3 0.457143 0.225714 0.025714 0.013333
7 0.451786 0.292381 0.007857 0.024762
5 0.472143 0.291429 0.020000 0.015238
7 0.511786 0.280476 0.005000 0.021905
7 0.522500 0.202381 0.003571 0.010476
7 0.530714 0.200952 0.002857 0.009524
3 0.428214 0.193810 0.007857 0.010476
3 0.446071 0.198571 0.023571 0.008571
3 0.515714 0.194286 0.008571 0.011429
7 0.361071 0.260476 0.006429 0.020000
4 0.521071 0.173333 0.022143 0.032381
3 0.438214 0.192857 0.007857 0.008571
3 0.561786 0.194286 0.009286 0.009524
3 0.557143 0.187619 0.005714 0.007619
3 0.555357 0.184762 0.005000 0.005714
3 0.553214 0.183810 0.006429 0.005714
3 0.553929 0.181429 0.003571 0.006667
4 0.544643 0.191429 0.006429 0.017143
4 0.612857 0.189048 0.015714 0.037143
3 0.589643 0.226190 0.020714 0.016190
11 0.605000 0.244762 0.014286 0.028571
3 0.577857 0.275714 0.015714 0.023810
3 0.624643 0.277619 0.023571 0.027619
3 0.623214 0.297143 0.037857 0.026667
11 0.601786 0.312381 0.020714 0.036190
7 0.618214 0.312381 0.006429 0.026667
7 0.625357 0.313333 0.006429 0.026667
3 0.562857 0.424762 0.094286 0.040000
3 0.552857 0.397143 0.081429 0.032381
3 0.568571 0.378095 0.075714 0.036190
3 0.559286 0.369048 0.077143 0.029524
3 0.555714 0.348095 0.064286 0.027619
3 0.559286 0.336667 0.061429 0.023810
3 0.552500 0.328095 0.057857 0.021905
3 0.547857 0.318095 0.057143 0.024762
3 0.548571 0.310000 0.054286 0.021905
