3 0.236169 0.783395 0.024530 0.060297
3 0.266962 0.763915 0.028706 0.064007
3 0.296190 0.752319 0.027662 0.055659
3 0.324374 0.731911 0.029749 0.061224
3 0.432672 0.678571 0.033403 0.049165
3 0.455115 0.668367 0.033403 0.049165
3 0.536273 0.622449 0.031837 0.050093
3 0.615344 0.583488 0.030271 0.035250
11 0.649791 0.564935 0.028184 0.037106
0 0.593685 0.557514 0.025574 0.025974
3 0.707724 0.529221 0.024008 0.032468
3 0.732255 0.519481 0.033403 0.035250
3 0.741388 0.505102 0.031837 0.030612
3 0.758090 0.497681 0.027662 0.028757
3 0.954854 0.304267 0.021399 0.022263
3 0.965814 0.301484 0.019311 0.016698
3 0.972338 0.295918 0.018789 0.016698
3 0.977035 0.290353 0.020877 0.016698
3 0.987735 0.286642 0.015136 0.016698
3 0.992171 0.280148 0.013570 0.016698
4 0.935021 0.316327 0.013048 0.022263
3 0.088987 0.267161 0.012004 0.016698
3 0.093946 0.275510 0.009395 0.012987
3 0.097077 0.285714 0.010438 0.018553
3 0.095251 0.316790 0.014092 0.019481
3 0.040188 0.404453 0.025052 0.018553
3 0.038883 0.397959 0.020355 0.018553
3 0.077766 0.627087 0.016701 0.038961
