3 0.687109 0.957328 0.033925 0.081633
3 0.792797 0.890538 0.041754 0.103896
3 0.805324 0.972171 0.041754 0.051948
3 0.976253 0.820501 0.045407 0.067718
7 0.934238 0.870130 0.010438 0.038961
3 0.932150 0.789889 0.051148 0.062152
11 0.896660 0.752319 0.060543 0.053803
3 0.863779 0.720779 0.059499 0.048237
3 0.829854 0.689239 0.057411 0.046382
3 0.808455 0.653525 0.046973 0.045455
11 0.759134 0.566790 0.041232 0.044527
3 0.741127 0.542672 0.040710 0.038961
3 0.732777 0.509276 0.039666 0.044527
3 0.731211 0.480056 0.039666 0.034323
3 0.727296 0.444805 0.031837 0.036178
3 0.714248 0.421614 0.030793 0.032468
3 0.697025 0.397959 0.033925 0.031540
3 0.693372 0.375696 0.036013 0.027829
3 0.687370 0.307978 0.030271 0.024119
3 0.633351 0.547774 0.046451 0.043599
3 0.640397 0.525974 0.045929 0.038961
3 0.627610 0.480983 0.041232 0.032468
3 0.626566 0.459184 0.040188 0.027829
3 0.631524 0.422542 0.037578 0.030612
3 0.627088 0.340445 0.032881 0.027829
11 0.627088 0.301948 0.025574 0.026902
7 0.625261 0.374304 0.004175 0.021336
1 0.618215 0.375696 0.012004 0.011132
7 0.662839 0.350186 0.005219 0.021336
5 0.712683 0.349722 0.009916 0.016698
4 0.690240 0.329314 0.014092 0.029685
4 0.727557 0.358071 0.012526 0.018553
11 0.702244 0.269017 0.025574 0.025974
3 0.629697 0.279221 0.030793 0.024119
3 0.520877 0.393321 0.016701 0.033395
11 0.551409 0.316790 0.013048 0.032468
7 0.522182 0.153989 0.003653 0.018553
10 0.514614 0.219388 0.030271 0.095547
8 0.548278 0.090909 0.001566 0.007421
8 0.559238 0.049629 0.001566 0.008349
5 0.548539 0.096011 0.007307 0.008349
5 0.559238 0.052412 0.004697 0.008349
7 0.569415 0.054731 0.002088 0.012987
3 0.591597 0.059833 0.006785 0.013915
11 0.609342 0.077922 0.016180 0.014842
