10 0.097857 0.730952 0.047143 0.075238
10 0.462143 0.531429 0.022857 0.060952
10 0.476786 0.358571 0.016429 0.039048
10 0.482143 0.054762 0.005714 0.016190
10 0.485714 0.084762 0.005714 0.013333
10 0.461071 0.058095 0.006429 0.013333
3 0.855357 0.656190 0.045000 0.026667
3 0.839643 0.625714 0.047857 0.030476
11 0.611429 0.548571 0.038571 0.026667
3 0.471429 0.427143 0.012857 0.025714
3 0.563929 0.389048 0.013571 0.023810
3 0.505357 0.249048 0.010714 0.016190
3 0.512857 0.184286 0.007143 0.010476
3 0.503571 0.164286 0.007143 0.010476
3 0.505357 0.157619 0.012143 0.008571
3 0.515000 0.109524 0.010000 0.007619
3 0.524286 0.071905 0.008571 0.006667
3 0.526786 0.078095 0.010714 0.005714
3 0.527857 0.081429 0.008571 0.006667
3 0.542500 0.074286 0.005000 0.005714
3 0.538929 0.065238 0.005000 0.006667
3 0.528214 0.047619 0.003571 0.005714
10 0.503214 0.091905 0.015000 0.012381
3 0.480000 0.095238 0.004286 0.007619
11 0.350357 0.179524 0.016429 0.010476
3 0.315357 0.262857 0.019286 0.013333
3 0.332143 0.236190 0.020000 0.013333
3 0.334643 0.230000 0.022143 0.010476
3 0.336786 0.222857 0.022143 0.011429
3 0.332500 0.217143 0.022143 0.009524
3 0.338214 0.211905 0.019286 0.008571
3 0.205000 0.336667 0.020000 0.023810
3 0.184286 0.330476 0.020000 0.017143
3 0.124643 0.317619 0.023571 0.014286
3 0.133214 0.339048 0.013571 0.019048
3 0.071429 0.445238 0.038571 0.018095
3 0.090714 0.414286 0.031429 0.015238
3 0.082143 0.427143 0.037143 0.016190
11 0.124643 0.378095 0.036429 0.019048
7 0.166786 0.360952 0.006429 0.015238
8 0.475357 0.639524 0.006429 0.010476
8 0.492857 0.623333 0.005714 0.008571
8 0.513571 0.830476 0.010000 0.013333
5 0.513929 0.835238 0.010714 0.030476
5 0.474643 0.641905 0.005000 0.022857
5 0.492857 0.627143 0.008571 0.020000
7 0.458929 0.104286 0.002143 0.006667
7 0.467500 0.122381 0.003571 0.008571
7 0.480000 0.080000 0.002857 0.005714
2 0.471429 0.075714 0.007143 0.018095
2 0.389286 0.110000 0.011429 0.020000
10 0.799643 0.810000 0.046429 0.031429
