1 0.965750 0.600000 0.041500 0.018667
5 0.920250 0.600667 0.046500 0.022667
5 0.902500 0.624667 0.048000 0.024000
5 0.842250 0.631333 0.035500 0.013333
3 0.817000 0.596667 0.111000 0.076000
5 0.720000 0.560667 0.036000 0.014667
5 0.718750 0.590000 0.042500 0.025333
7 0.737000 0.543667 0.023000 0.014000
11 0.727250 0.469667 0.061500 0.131333
11 0.788750 0.466000 0.067500 0.133333
5 0.714750 0.349333 0.019500 0.049333
7 0.876250 0.268667 0.030500 0.022667
7 0.888000 0.217333 0.030000 0.040000
8 0.879250 0.181667 0.028500 0.036667
7 0.894000 0.180000 0.031000 0.029333
7 0.821250 0.243333 0.030500 0.024000
8 0.818500 0.096000 0.015000 0.022667
8 0.821750 0.063333 0.021500 0.025333
8 0.820750 0.069000 0.016500 0.010000
7 0.479250 0.022333 0.009500 0.036667
7 0.480250 0.050333 0.005500 0.020667
7 0.475500 0.066000 0.010000 0.045333
7 0.482500 0.173333 0.010000 0.026667
7 0.505500 0.198000 0.013000 0.028000
7 0.495250 0.202000 0.010500 0.020000
5 0.543500 0.203000 0.018000 0.059333
8 0.543250 0.196000 0.015500 0.026667
7 0.468000 0.326000 0.015000 0.028000
8 0.392000 0.320667 0.017000 0.028000
7 0.366500 0.289333 0.009000 0.014667
8 0.391000 0.346667 0.017000 0.018667
9 0.336750 0.339333 0.066500 0.045333
5 0.318500 0.362333 0.030000 0.032667
5 0.359500 0.369333 0.033000 0.025333
5 0.547500 0.461667 0.019000 0.046000
8 0.545750 0.458333 0.020500 0.023333
8 0.407000 0.412667 0.011000 0.016000
8 0.418500 0.385333 0.015000 0.026667
7 0.431500 0.404000 0.015000 0.020000
7 0.439000 0.526000 0.012000 0.022667
8 0.442500 0.504000 0.007000 0.010667
5 0.474250 0.541333 0.017500 0.049333
8 0.473750 0.543667 0.016500 0.020667
7 0.521750 0.710667 0.012500 0.026667
8 0.522750 0.712333 0.007500 0.012667
7 0.461250 0.605667 0.007500 0.016667
7 0.468250 0.616000 0.012500 0.014667
0 0.499500 0.654000 0.020000 0.072000
8 0.500750 0.652000 0.016500 0.029333
8 0.680250 0.850333 0.016500 0.020667
7 0.479750 0.829333 0.014500 0.032000
7 0.546250 0.914333 0.015500 0.034000
5 0.455750 0.805000 0.015500 0.055333
8 0.456500 0.810333 0.017000 0.026000
1 0.417750 0.832667 0.023500 0.045333
7 0.419250 0.839000 0.023500 0.036667
8 0.394750 0.811000 0.016500 0.031333
7 0.258500 0.828333 0.025000 0.030000
1 0.330000 0.824000 0.038000 0.026667
7 0.353750 0.827000 0.017500 0.027333
3 0.941250 0.932333 0.115500 0.087333
7 0.796000 0.886667 0.020000 0.020000
7 0.822750 0.893667 0.022500 0.028667
5 0.823000 0.904000 0.036000 0.038667
7 0.789750 0.899333 0.017500 0.020000
7 0.804750 0.863000 0.012500 0.016667
7 0.591750 0.919667 0.016500 0.032667
7 0.585250 0.937333 0.013500 0.032000
7 0.543500 0.870333 0.010000 0.030000
7 0.531000 0.878333 0.011000 0.034000
7 0.519500 0.886000 0.010000 0.032000
7 0.517500 0.898667 0.009000 0.037333
4 0.567750 0.922333 0.018500 0.040667
7 0.365500 0.954000 0.017000 0.034667
7 0.376500 0.980667 0.017000 0.037333
8 0.377500 0.987000 0.007000 0.016667
7 0.338750 0.975667 0.017500 0.038000
7 0.285750 0.962333 0.025500 0.038000
7 0.260250 0.983333 0.022500 0.030667
7 0.229500 0.980000 0.026000 0.029333
7 0.136000 0.896000 0.038000 0.028000
7 0.156250 0.864000 0.024500 0.036000
1 0.169500 0.864000 0.044000 0.020000
7 0.097750 0.810667 0.039500 0.037333
5 0.030750 0.884333 0.039500 0.030000
8 0.015750 0.892000 0.031500 0.028000
8 0.013500 0.886333 0.027000 0.030000
