3 0.734250 0.544000 0.159500 0.101333
3 0.790250 0.420667 0.132500 0.065333
3 0.924750 0.437000 0.135500 0.078000
3 0.632750 0.421333 0.116500 0.073333
1 0.450250 0.474333 0.049500 0.040667
7 0.449500 0.462667 0.018000 0.057333
7 0.416500 0.434333 0.016000 0.060667
11 0.507500 0.424000 0.107000 0.072000
7 0.121500 0.459333 0.021000 0.064000
3 0.323500 0.433000 0.108000 0.082000
7 0.372000 0.451000 0.014000 0.060667
7 0.370250 0.438000 0.023500 0.060000
8 0.311750 0.264000 0.013500 0.036000
9 0.307750 0.274000 0.023500 0.034667
8 0.182000 0.355667 0.025000 0.039333
5 0.183250 0.363333 0.027500 0.038667
11 0.369500 0.319000 0.047000 0.068667
3 0.418500 0.331000 0.048000 0.060667
11 0.474250 0.328000 0.037500 0.080000
3 0.529500 0.330333 0.046000 0.059333
11 0.591250 0.317000 0.047500 0.082000
11 0.651000 0.322667 0.042000 0.080000
3 0.716750 0.331333 0.058500 0.056000
7 0.773750 0.282000 0.014500 0.044000
11 0.824750 0.319667 0.067500 0.087333
3 0.877750 0.330000 0.063500 0.064000
3 0.926250 0.331667 0.069500 0.063333
3 0.972250 0.330000 0.054500 0.057333
3 0.957000 0.249000 0.066000 0.060667
11 0.865000 0.245667 0.046000 0.067333
7 0.884000 0.270333 0.018000 0.044667
10 0.674000 0.243333 0.036000 0.057333
11 0.626250 0.238333 0.030500 0.059333
7 0.517500 0.245000 0.013000 0.040667
8 0.368000 0.186333 0.008000 0.030000
1 0.368000 0.193333 0.011000 0.020000
6 0.495250 0.240333 0.021500 0.058000
7 0.385000 0.131000 0.008000 0.024667
1 0.416000 0.133000 0.019000 0.015333
3 0.413500 0.117000 0.046000 0.024667
3 0.436750 0.106333 0.034500 0.016667
3 0.461500 0.084667 0.031000 0.017333
11 0.464250 0.075000 0.032500 0.019333
3 0.478250 0.072000 0.029500 0.016000
11 0.488250 0.056000 0.035500 0.024000
3 0.503000 0.071333 0.017000 0.017333
3 0.501250 0.051333 0.030500 0.014667
3 0.507500 0.044667 0.024000 0.013333
3 0.515750 0.042667 0.029500 0.013333
3 0.516500 0.037333 0.026000 0.009333
11 0.516250 0.032333 0.025500 0.012667
10 0.533000 0.023333 0.033000 0.025333
11 0.534500 0.102667 0.032000 0.020000
11 0.526000 0.093000 0.022000 0.012667
11 0.570000 0.097000 0.050000 0.024667
11 0.578250 0.077667 0.034500 0.016667
3 0.552500 0.062333 0.015000 0.016667
3 0.535250 0.081667 0.019500 0.011333
3 0.570000 0.046000 0.015000 0.013333
11 0.577000 0.037000 0.011000 0.019333
11 0.588750 0.067000 0.026500 0.014000
11 0.585000 0.060333 0.026000 0.011333
11 0.591750 0.057000 0.018500 0.010000
3 0.593750 0.051000 0.030500 0.012667
11 0.596750 0.043667 0.024500 0.011333
4 0.590250 0.017000 0.075500 0.032667
1 0.901500 0.222667 0.029000 0.022667
1 0.732750 0.233000 0.018500 0.026000
1 0.750000 0.234333 0.009000 0.030000
5 0.703250 0.238333 0.012500 0.030000
