2 0.338571 0.928934 0.062857 0.048223
3 0.399286 0.718909 0.042857 0.029188
3 0.398929 0.671954 0.039286 0.031726
3 0.380714 0.625635 0.041429 0.030457
3 0.337143 0.668782 0.042857 0.030457
3 0.306786 0.711294 0.043571 0.029188
2 0.270357 0.665609 0.056429 0.039340
3 0.208929 0.664975 0.042143 0.030457
3 0.149286 0.657360 0.041429 0.032995
2 0.164643 0.616117 0.065000 0.041878
10 0.251071 0.605330 0.100714 0.060914
10 0.384286 0.574873 0.071429 0.045685
3 0.056071 0.663706 0.045000 0.030457
2 0.060000 0.602792 0.117143 0.065990
2 0.518929 0.772843 0.047857 0.096447
2 0.914286 0.825508 0.131429 0.067259
3 0.979286 0.760787 0.040000 0.036802
3 0.923214 0.765863 0.043571 0.036802
11 0.860357 0.769670 0.052143 0.036802
3 0.788214 0.769670 0.043571 0.036802
3 0.735000 0.771574 0.045714 0.032995
3 0.690714 0.601523 0.041429 0.038071
3 0.570714 0.600888 0.022857 0.074873
3 0.624643 0.527919 0.033571 0.068528
3 0.598214 0.392132 0.019286 0.063452
3 0.531071 0.447970 0.020714 0.065990
3 0.541071 0.280457 0.016429 0.060914
3 0.588214 0.276650 0.017857 0.063452
3 0.543214 0.192259 0.015000 0.046954
3 0.581429 0.136421 0.014286 0.054569
3 0.540357 0.041244 0.015000 0.052030
10 0.516071 0.157360 0.025000 0.121827
