3 0.465714 0.977792 0.018571 0.039340
3 0.497500 0.978426 0.017857 0.038071
3 0.528929 0.986675 0.015000 0.021574
3 0.488571 0.792513 0.017143 0.049492
3 0.513571 0.761421 0.017143 0.050761
3 0.541071 0.710025 0.015000 0.046954
3 0.499643 0.666878 0.015000 0.049492
3 0.527143 0.626269 0.012857 0.036802
3 0.511786 0.560279 0.012143 0.034264
3 0.532857 0.538706 0.011429 0.034264
3 0.519286 0.487310 0.011429 0.030457
3 0.536429 0.468274 0.011429 0.027919
3 0.522143 0.432741 0.010000 0.027919
3 0.525714 0.375635 0.010000 0.025381
3 0.540000 0.387690 0.010000 0.026650
3 0.468929 0.329315 0.010714 0.021574
11 0.447143 0.302030 0.008571 0.022843
3 0.461786 0.144670 0.007857 0.010152
10 0.437143 0.064721 0.012857 0.025381
11 0.457857 0.006345 0.008571 0.012690
10 0.507857 0.063452 0.012857 0.025381
3 0.507143 0.050127 0.008571 0.008883
3 0.520357 0.031091 0.007857 0.011421
3 0.537500 0.092005 0.010714 0.013959
3 0.560714 0.094543 0.010000 0.013959
3 0.642143 0.237310 0.015714 0.020305
11 0.593571 0.114848 0.011429 0.019036
4 0.671071 0.112310 0.050714 0.079949
3 0.697143 0.163706 0.014286 0.015228
3 0.692857 0.156726 0.014286 0.013959
3 0.780714 0.235406 0.018571 0.016497
11 0.805000 0.240482 0.017143 0.019036
3 0.843929 0.252538 0.017857 0.015228
2 0.862500 0.265863 0.030714 0.026650
3 0.871786 0.273477 0.022143 0.016497
3 0.877857 0.279822 0.018571 0.016497
3 0.884286 0.284898 0.018571 0.019036
11 0.893214 0.289975 0.020714 0.016497
2 0.899643 0.296954 0.032143 0.027919
3 0.910714 0.305838 0.020000 0.017766
3 0.918571 0.313452 0.022857 0.017766
3 0.933214 0.328046 0.019286 0.016497
10 0.950714 0.334391 0.038571 0.039340
3 0.962857 0.347716 0.024286 0.022843
10 0.863214 0.310279 0.045000 0.046954
10 0.790714 0.276650 0.040000 0.032995
10 0.800357 0.285533 0.043571 0.035533
10 0.810357 0.295685 0.035000 0.030457
10 0.817857 0.307107 0.045714 0.043147
2 0.823571 0.324239 0.035714 0.034264
2 0.831786 0.329949 0.033571 0.035533
10 0.847143 0.336294 0.050000 0.045685
10 0.858214 0.348350 0.050714 0.041878
10 0.867500 0.359137 0.046429 0.038071
11 0.930357 0.406726 0.029286 0.026650
3 0.746071 0.410533 0.023571 0.029188
10 0.446429 0.534898 0.020000 0.054569
