3 0.963571 0.112857 0.004286 0.004762
3 0.992857 0.118095 0.008571 0.011429
3 0.962857 0.175238 0.008571 0.009524
3 0.933214 0.282381 0.015000 0.023810
3 0.963929 0.265714 0.017857 0.020952
3 0.989286 0.246190 0.017143 0.023810
3 0.982500 0.265714 0.017857 0.020952
3 0.957500 0.289524 0.016429 0.026667
3 0.934643 0.310476 0.019286 0.024762
8 0.991429 0.288571 0.007143 0.009524
5 0.990714 0.293810 0.017143 0.016190
2 0.945714 0.330000 0.102857 0.100000
11 0.885000 0.428571 0.041429 0.036190
3 0.824286 0.498571 0.035714 0.029524
3 0.791786 0.488095 0.027857 0.025714
3 0.769643 0.515714 0.026429 0.025714
3 0.756786 0.514286 0.023571 0.020952
3 0.732857 0.532381 0.021429 0.020952
3 0.700000 0.571905 0.021429 0.021905
10 0.686429 0.546667 0.017143 0.017143
3 0.682143 0.558571 0.014286 0.018095
2 0.598571 0.641905 0.027143 0.026667
3 0.646429 0.574762 0.011429 0.012381
3 0.633929 0.616667 0.013571 0.012381
3 0.625000 0.602381 0.010000 0.012381
3 0.616071 0.614286 0.012143 0.011429
3 0.601071 0.620476 0.010714 0.012381
3 0.610000 0.610476 0.008571 0.009524
3 0.601071 0.603333 0.009286 0.010476
2 0.587143 0.623810 0.020000 0.022857
3 0.588929 0.633810 0.007857 0.010476
0 0.467500 0.844762 0.009286 0.013333
0 0.559286 0.858095 0.027143 0.032381
0 0.551786 0.851429 0.016429 0.024762
0 0.547143 0.844286 0.021429 0.031429
3 0.468571 0.975238 0.027143 0.047619
3 0.389643 0.986667 0.025000 0.024762
3 0.375357 0.986190 0.019286 0.025714
3 0.419643 0.962857 0.026429 0.038095
3 0.483929 0.929048 0.020714 0.037143
3 0.483929 0.900476 0.016429 0.020000
3 0.451786 0.926190 0.029286 0.040952
3 0.446071 0.910952 0.017857 0.031429
3 0.417500 0.926667 0.020714 0.030476
3 0.426071 0.905714 0.019286 0.020952
3 0.430000 0.893810 0.021429 0.023810
3 0.421786 0.888095 0.015000 0.023810
2 0.411786 0.867143 0.023571 0.040952
3 0.419286 0.850476 0.010000 0.009524
10 0.454643 0.807143 0.015000 0.018095
2 0.436071 0.814286 0.016429 0.017143
2 0.437500 0.806190 0.023571 0.031429
3 0.425714 0.822381 0.010000 0.014286
3 0.409643 0.830952 0.006429 0.006667
