3 0.504286 0.539524 0.057143 0.103810
3 0.415000 0.186190 0.034286 0.058095
3 0.374643 0.209048 0.026429 0.056190
3 0.334286 0.080476 0.030000 0.037143
3 0.398214 0.035714 0.026429 0.035238
3 0.894643 0.618095 0.107857 0.131429
3 0.742857 0.114762 0.054286 0.044762
3 0.606071 0.185714 0.046429 0.053333
10 0.774286 0.437143 0.074286 0.093333
3 0.087500 0.151429 0.029286 0.051429
3 0.689286 0.066667 0.047143 0.030476
3 0.716786 0.097619 0.053571 0.035238
3 0.709643 0.300476 0.046429 0.063810
11 0.076429 0.250000 0.040000 0.073333
3 0.497143 0.020476 0.034286 0.040952
3 0.971786 0.772857 0.055000 0.103810
8 0.492143 0.079048 0.007143 0.013333
8 0.509643 0.114762 0.007857 0.016190
8 0.537143 0.124762 0.007143 0.017143
5 0.492500 0.088571 0.012143 0.024762
5 0.510000 0.120476 0.010000 0.025714
5 0.535357 0.132857 0.009286 0.023810
7 0.773929 0.490952 0.010714 0.035238
8 0.632857 0.296667 0.010000 0.020000
5 0.631071 0.306190 0.015000 0.031429
5 0.952857 0.313810 0.027143 0.025714
5 0.930357 0.294286 0.026429 0.022857
3 0.950357 0.379524 0.080714 0.065714
8 0.904643 0.800000 0.012143 0.028571
5 0.901429 0.812857 0.038571 0.060000
