2 0.381071 0.545714 0.120714 0.415238
3 0.865000 0.434286 0.118571 0.074286
10 0.930357 0.510952 0.137857 0.191429
2 0.911786 0.622857 0.175000 0.165714
10 0.916786 0.778571 0.165000 0.122857
3 0.776429 0.150000 0.078571 0.050476
1 0.682143 0.126667 0.032857 0.022857
8 0.692143 0.119524 0.008571 0.021905
7 0.718214 0.095238 0.010714 0.028571
1 0.695357 0.098095 0.023571 0.030476
7 0.246429 0.096190 0.014286 0.040000
5 0.472857 0.676190 0.022857 0.062857
8 0.473571 0.669524 0.018571 0.024762
8 0.472857 0.662381 0.011429 0.010476
5 0.476786 0.535714 0.026429 0.075238
5 0.481071 0.458571 0.026429 0.065714
5 0.483929 0.398571 0.025000 0.050476
5 0.503214 0.370000 0.043571 0.060000
7 0.452857 0.372381 0.014286 0.045714
8 0.491071 0.377143 0.016429 0.034286
