7 0.334643 0.810000 0.020714 0.088571
7 0.395357 0.821905 0.027857 0.102857
7 0.410714 0.770952 0.024286 0.080952
7 0.291786 0.719048 0.020714 0.087619
7 0.328571 0.704286 0.027143 0.079048
7 0.039286 0.640952 0.040000 0.070476
1 0.268214 0.576190 0.043571 0.040000
1 0.196429 0.600952 0.044286 0.066667
1 0.242857 0.532381 0.042857 0.034286
5 0.556429 0.438571 0.017143 0.039048
1 0.495357 0.428095 0.022143 0.042857
7 0.548929 0.378095 0.009286 0.028571
7 0.563929 0.379524 0.009286 0.033333
7 0.589286 0.376190 0.010000 0.034286
5 0.817500 0.375238 0.023571 0.017143
2 0.719643 0.368095 0.186429 0.077143
5 0.884643 0.340000 0.012143 0.026667
6 0.667857 0.337619 0.080000 0.060000
3 0.591429 0.292857 0.035714 0.021905
3 0.380714 0.374762 0.065714 0.037143
3 0.137143 0.339524 0.072857 0.031429
3 0.066071 0.276190 0.049286 0.030476
3 0.109286 0.273810 0.044286 0.025714
3 0.191786 0.277143 0.039286 0.020952
3 0.133929 0.271429 0.030714 0.019048
3 0.156071 0.268095 0.020714 0.016190
11 0.193929 0.252857 0.055000 0.033333
3 0.229286 0.248571 0.027143 0.019048
4 0.377143 0.213810 0.031429 0.020000
4 0.403929 0.220000 0.025000 0.020952
4 0.428571 0.221905 0.022857 0.017143
4 0.459643 0.227619 0.027857 0.019048
4 0.492500 0.241905 0.023571 0.019048
3 0.539643 0.249524 0.026429 0.020952
7 0.557857 0.260000 0.007143 0.022857
5 0.566429 0.274286 0.008571 0.015238
7 0.400000 0.283333 0.008571 0.023810
7 0.422857 0.284286 0.007143 0.021905
7 0.409643 0.330000 0.005000 0.025714
7 0.420357 0.330000 0.006429 0.029524
7 0.465357 0.322381 0.006429 0.027619
3 0.713929 0.267143 0.012143 0.016190
11 0.773214 0.240000 0.029286 0.015238
7 0.795357 0.240952 0.003571 0.009524
8 0.556786 0.438571 0.015000 0.040952
8 0.495000 0.425714 0.014286 0.036190
8 0.886071 0.339048 0.010714 0.024762
8 0.813929 0.366667 0.010714 0.030476
8 0.822500 0.364286 0.007857 0.025714
8 0.567143 0.272381 0.005714 0.013333
