3 0.175000 0.893333 0.114286 0.211429
3 0.318929 0.887143 0.102143 0.223810
3 0.455714 0.871429 0.114286 0.255238
3 0.584643 0.870476 0.116429 0.257143
3 0.043929 0.800000 0.087857 0.135238
3 0.037857 0.448571 0.075714 0.118095
3 0.229643 0.234286 0.083571 0.205714
3 0.376429 0.275714 0.094286 0.233333
3 0.636429 0.054286 0.171429 0.104762
3 0.666429 0.166190 0.168571 0.122857
3 0.701429 0.260952 0.165714 0.114286
3 0.687500 0.383333 0.173571 0.122857
11 0.860357 0.675238 0.240714 0.173333
11 0.715357 0.890000 0.129286 0.218095
10 0.038571 0.594286 0.077143 0.171429
11 0.365714 0.074286 0.084286 0.146667
