3 0.504286 0.376269 0.010000 0.021574
3 0.524286 0.309010 0.008571 0.019036
3 0.592500 0.308376 0.007857 0.017766
3 0.584286 0.437183 0.011429 0.029188
3 0.603571 0.496827 0.014286 0.031726
3 0.537143 0.201777 0.005714 0.010152
3 0.542143 0.145305 0.005714 0.011421
3 0.541071 0.159264 0.005000 0.008883
3 0.541429 0.185279 0.005714 0.010152
3 0.581071 0.194162 0.005000 0.012690
4 0.563571 0.079949 0.025714 0.076142
11 0.610357 0.369289 0.012143 0.030457
11 0.590357 0.600888 0.015000 0.046954
11 0.510714 0.301396 0.008571 0.016497
11 0.580357 0.173223 0.006429 0.013959
3 0.587857 0.238579 0.007143 0.017766
2 0.553571 0.282995 0.008571 0.038071
10 0.581071 0.156091 0.005000 0.022843
10 0.579643 0.135787 0.007857 0.022843
2 0.585000 0.211929 0.008571 0.022843
7 0.693214 0.781726 0.006429 0.025381
7 0.681429 0.784264 0.007143 0.025381
7 0.685714 0.787437 0.005714 0.024112
7 0.696429 0.766497 0.007143 0.025381
7 0.698571 0.907995 0.007143 0.034264
7 0.676429 0.663706 0.005714 0.022843
7 0.668929 0.659264 0.005000 0.019036
7 0.693214 0.288706 0.003571 0.013959
7 0.705357 0.328680 0.003571 0.015228
7 0.683929 0.265863 0.002143 0.008883
7 0.687143 0.258249 0.004286 0.013959
3 0.690714 0.246193 0.024286 0.015228
7 0.427143 0.627538 0.005714 0.024112
7 0.420357 0.623096 0.006429 0.025381
7 0.447500 0.500000 0.005000 0.017766
7 0.448214 0.491751 0.003571 0.016497
7 0.752857 0.828046 0.007143 0.024112
7 0.043571 0.928299 0.008571 0.026650
7 0.053929 0.937183 0.006429 0.029188
4 0.507143 0.209391 0.040000 0.032995
4 0.607143 0.198604 0.010000 0.036802
4 0.602500 0.125000 0.010714 0.024112
5 0.540714 0.223985 0.002857 0.008883
7 0.541071 0.222716 0.002143 0.006345
7 0.552500 0.307107 0.002143 0.010152
5 0.552143 0.310914 0.002857 0.012690
