3 0.407620 0.913265 0.073069 0.062152
3 0.383351 0.981911 0.086117 0.032468
3 0.519572 0.704545 0.031837 0.095547
3 0.467380 0.555659 0.050626 0.042672
11 0.481472 0.501855 0.041232 0.040816
11 0.488779 0.435993 0.048539 0.046382
11 0.506263 0.360853 0.031315 0.033395
5 0.459551 0.336271 0.013048 0.012059
3 0.517745 0.332560 0.038622 0.025046
3 0.502349 0.265770 0.020355 0.025046
11 0.512265 0.212894 0.023486 0.025046
3 0.581681 0.120130 0.025574 0.015770
3 0.606733 0.110853 0.023486 0.019481
3 0.588987 0.103432 0.020355 0.012059
11 0.646921 0.101577 0.028706 0.021336
3 0.739040 0.128479 0.024008 0.019481
3 0.808194 0.134508 0.024530 0.016698
3 0.644572 0.051948 0.009395 0.018553
3 0.655010 0.059833 0.007307 0.019481
3 0.653445 0.017161 0.007307 0.019481
3 0.641441 0.005566 0.006263 0.011132
3 0.730689 0.220779 0.015658 0.024119
7 0.527140 0.521336 0.004175 0.024119
7 0.536273 0.504174 0.003653 0.025046
7 0.533403 0.492579 0.005219 0.025974
5 0.344207 0.723562 0.021399 0.024119
5 0.365866 0.637755 0.017745 0.023191
5 0.376566 0.596011 0.017223 0.019481
5 0.431367 0.433210 0.017223 0.016698
5 0.925887 0.604360 0.009395 0.017625
8 0.926409 0.588590 0.007307 0.017625
8 0.796451 0.105288 0.003132 0.013915
5 0.795146 0.110390 0.008873 0.009276
8 0.887526 0.108534 0.003653 0.009276
5 0.886482 0.113636 0.009916 0.008349
4 0.903184 0.115955 0.006785 0.012987
8 0.796712 0.219852 0.002610 0.011132
5 0.795668 0.224490 0.006785 0.011132
5 0.285752 0.887755 0.026618 0.029685
1 0.428497 0.470779 0.011482 0.019481
7 0.449113 0.365955 0.003653 0.021336
1 0.465031 0.205473 0.012526 0.012059
