3 0.448571 0.845238 0.034286 0.084762
3 0.541429 0.684762 0.030000 0.060952
3 0.432143 0.407619 0.015714 0.032381
3 0.791786 0.597143 0.050714 0.030476
3 0.423929 0.229524 0.015000 0.017143
3 0.164643 0.267619 0.019286 0.017143
3 0.182500 0.268571 0.016429 0.019048
11 0.435714 0.482381 0.017143 0.035238
11 0.437143 0.329048 0.011429 0.027619
11 0.063571 0.347619 0.045714 0.049524
5 0.849286 0.715238 0.024286 0.022857
5 0.805000 0.677619 0.014286 0.025714
8 0.805357 0.670000 0.006429 0.014286
5 0.800714 0.562381 0.011429 0.010476
5 0.793214 0.556190 0.006429 0.019048
5 0.753929 0.479524 0.013571 0.010476
8 0.757143 0.474762 0.004286 0.010476
11 0.815714 0.652857 0.058571 0.077143
5 0.787857 0.531905 0.007143 0.010476
3 0.786071 0.473810 0.030714 0.020000
7 0.432143 0.247143 0.002857 0.008571
10 0.501786 0.190476 0.010714 0.020952
3 0.328571 0.153333 0.010000 0.009524
6 0.149286 0.248095 0.017143 0.018095
11 0.094286 0.260952 0.027143 0.024762
8 0.150000 0.246667 0.005714 0.007619
3 0.788929 0.087619 0.009286 0.007619
3 0.767500 0.091429 0.013571 0.005714
3 0.765357 0.077143 0.007857 0.005714
3 0.551429 0.084286 0.010000 0.004762
3 0.549643 0.082857 0.009286 0.005714
3 0.584643 0.089524 0.010714 0.005714
3 0.595000 0.087143 0.010000 0.006667
3 0.588929 0.086190 0.009286 0.004762
3 0.589643 0.083810 0.010714 0.007619
3 0.588571 0.079048 0.010000 0.007619
3 0.610714 0.089048 0.008571 0.008571
3 0.612143 0.082381 0.010000 0.004762
3 0.611429 0.080000 0.010000 0.005714
3 0.609286 0.077143 0.008571 0.005714
3 0.611071 0.071429 0.009286 0.005714
11 0.553929 0.040000 0.002143 0.005714
3 0.589643 0.071429 0.009286 0.005714
3 0.591429 0.066667 0.010000 0.005714
5 0.558214 0.070476 0.002143 0.005714
5 0.552143 0.070000 0.001429 0.004762
0 0.541429 0.057619 0.004286 0.004762
11 0.535000 0.032381 0.007143 0.011429
3 0.076786 0.227143 0.019286 0.012381
3 0.065714 0.225238 0.015714 0.012381
3 0.127857 0.197143 0.017143 0.011429
11 0.115357 0.194286 0.016429 0.019048
3 0.179286 0.150952 0.017143 0.008571
3 0.198571 0.146190 0.017143 0.008571
3 0.256786 0.120952 0.007857 0.009524
3 0.257500 0.109048 0.012143 0.008571
11 0.221429 0.161905 0.021429 0.019048
11 0.233929 0.157143 0.023571 0.015238
11 0.165357 0.173810 0.036429 0.020000
3 0.174643 0.183810 0.012143 0.009524
11 0.149643 0.169048 0.030714 0.018095
11 0.151429 0.147143 0.025714 0.016190
3 0.167500 0.147143 0.009286 0.008571
11 0.220714 0.144286 0.015714 0.010476
2 0.257500 0.156190 0.030714 0.028571
11 0.291429 0.154762 0.017143 0.020000
11 0.296786 0.136667 0.006429 0.006667
11 0.300357 0.146190 0.022143 0.020000
3 0.205714 0.121905 0.008571 0.009524
3 0.227143 0.121429 0.007143 0.008571
3 0.254286 0.088095 0.010000 0.006667
3 0.240714 0.086667 0.011429 0.007619
3 0.233929 0.083333 0.007857 0.006667
6 0.256071 0.140000 0.010714 0.015238
6 0.358929 0.088095 0.005000 0.008571
11 0.379286 0.070952 0.007143 0.010476
11 0.374286 0.052381 0.014286 0.009524
11 0.373929 0.036667 0.006429 0.004762
3 0.368214 0.038571 0.007857 0.004762
3 0.361429 0.070952 0.005714 0.004762
3 0.325714 0.086190 0.004286 0.006667
3 0.320000 0.085238 0.004286 0.004762
3 0.255000 0.077619 0.010000 0.004762
3 0.260357 0.075714 0.009286 0.006667
3 0.266786 0.071905 0.007857 0.006667
3 0.270714 0.070952 0.010000 0.008571
3 0.278929 0.069524 0.010714 0.005714
3 0.305000 0.077619 0.011429 0.006667
3 0.310357 0.075714 0.009286 0.004762
3 0.301786 0.073810 0.012143 0.006667
3 0.313214 0.072381 0.013571 0.005714
3 0.317857 0.073333 0.010000 0.007619
3 0.321786 0.070000 0.010714 0.004762
3 0.321429 0.066667 0.011429 0.007619
3 0.312857 0.069048 0.010000 0.004762
3 0.327500 0.078571 0.007857 0.006667
3 0.325000 0.054286 0.010000 0.007619
3 0.354286 0.044762 0.008571 0.003810
3 0.390000 0.041429 0.007143 0.004762
4 0.316429 0.044762 0.017143 0.013333
11 0.305714 0.109524 0.007143 0.007619
3 0.295000 0.111905 0.007143 0.012381
4 0.460714 0.009524 0.011429 0.011429
3 0.429286 0.036667 0.010000 0.004762
3 0.433929 0.034286 0.006429 0.003810
3 0.420357 0.027619 0.007857 0.003810
3 0.412857 0.031429 0.005714 0.003810
3 0.426071 0.025238 0.006429 0.004762
3 0.431786 0.025238 0.006429 0.004762
3 0.446071 0.018095 0.006429 0.005714
