5 0.317857 0.076667 0.021429 0.020000
5 0.306429 0.102857 0.017143 0.017143
5 0.272857 0.202857 0.021429 0.019048
5 0.261786 0.321905 0.022143 0.017143
5 0.232857 0.333333 0.018571 0.022857
5 0.179286 0.414286 0.028571 0.013333
5 0.171071 0.430952 0.023571 0.014286
7 0.439643 0.046667 0.003571 0.020952
7 0.435357 0.077143 0.005000 0.017143
8 0.420357 0.089524 0.009286 0.017143
8 0.417143 0.106190 0.007143 0.012381
7 0.401071 0.128095 0.007857 0.025714
7 0.321429 0.179524 0.007143 0.023810
5 0.350357 0.169524 0.017857 0.017143
1 0.398214 0.098095 0.017857 0.017143
0 0.404286 0.090476 0.030000 0.020952
7 0.429643 0.133333 0.007857 0.022857
7 0.413929 0.193810 0.007857 0.020000
7 0.398929 0.174762 0.007857 0.023810
7 0.390000 0.178095 0.008571 0.020952
7 0.385000 0.186190 0.007143 0.021905
7 0.397143 0.209524 0.005714 0.022857
7 0.388214 0.206667 0.007857 0.022857
5 0.415714 0.171905 0.011429 0.025714
7 0.363929 0.258095 0.006429 0.019048
7 0.363929 0.242857 0.006429 0.024762
7 0.468929 0.083810 0.007857 0.024762
5 0.443571 0.110000 0.011429 0.025714
11 0.466429 0.128095 0.032857 0.050476
3 0.503929 0.122381 0.029286 0.060000
7 0.528214 0.101429 0.006429 0.021905
0 0.450714 0.054762 0.014286 0.031429
6 0.437857 0.009524 0.014286 0.019048
7 0.425714 0.006667 0.007143 0.013333
5 0.468214 0.008095 0.012143 0.010476
5 0.533571 0.010000 0.015714 0.018095
8 0.534286 0.007619 0.005714 0.015238
8 0.564643 0.023333 0.007857 0.016190
8 0.576786 0.025714 0.005000 0.009524
0 0.554643 0.020476 0.022143 0.025714
0 0.579643 0.020476 0.023571 0.029524
0 0.613571 0.026190 0.025714 0.031429
0 0.771429 0.055238 0.031429 0.022857
0 0.734286 0.049524 0.027143 0.026667
0 0.691429 0.042857 0.032857 0.024762
7 0.606786 0.022857 0.009286 0.017143
7 0.610714 0.011429 0.005714 0.019048
7 0.617857 0.011429 0.005714 0.017143
7 0.769286 0.017619 0.008571 0.023810
7 0.839286 0.053333 0.007143 0.022857
5 0.827857 0.016667 0.017143 0.020000
5 0.835714 0.010476 0.017143 0.019048
3 0.781429 0.010952 0.050000 0.020000
8 0.653571 0.068571 0.005714 0.017143
8 0.645357 0.041905 0.006429 0.015238
7 0.637500 0.035714 0.006429 0.021905
7 0.645714 0.037143 0.005714 0.020952
0 0.539643 0.056190 0.035000 0.020952
7 0.547857 0.044762 0.005714 0.017143
7 0.523214 0.165238 0.005000 0.023810
8 0.577143 0.100952 0.007143 0.017143
7 0.592857 0.163810 0.005714 0.022857
11 0.408929 0.958571 0.083571 0.052381
11 0.449643 0.778571 0.059286 0.077143
3 0.422143 0.887619 0.085714 0.066667
3 0.311429 0.948571 0.054286 0.099048
7 0.515000 0.974762 0.014286 0.021905
5 0.554286 0.865714 0.027143 0.019048
5 0.551071 0.752857 0.025000 0.021905
5 0.101071 0.860000 0.032143 0.013333
5 0.272500 0.847143 0.015000 0.037143
8 0.272500 0.846190 0.013571 0.016190
1 0.233571 0.860952 0.012857 0.038095
7 0.251429 0.870476 0.015714 0.017143
7 0.235357 0.864762 0.017857 0.011429
7 0.155000 0.822381 0.017143 0.010476
7 0.142857 0.782857 0.018571 0.011429
7 0.122500 0.779524 0.019286 0.012381
7 0.125714 0.747143 0.018571 0.014286
7 0.148571 0.728095 0.021429 0.014286
7 0.153214 0.670476 0.016429 0.022857
5 0.172857 0.676667 0.028571 0.016190
5 0.170357 0.664762 0.027857 0.015238
8 0.165000 0.666190 0.010000 0.027619
7 0.153929 0.641429 0.016429 0.012381
7 0.235714 0.582857 0.012857 0.015238
3 0.269643 0.544286 0.056429 0.077143
6 0.215357 0.642857 0.043571 0.047619
1 0.344643 0.333333 0.023571 0.017143
0 0.383929 0.311429 0.023571 0.026667
5 0.365000 0.366190 0.014286 0.031429
8 0.366429 0.440000 0.008571 0.011429
10 0.376071 0.468095 0.050714 0.115238
3 0.452857 0.308095 0.028571 0.065714
3 0.439286 0.386667 0.034286 0.068571
3 0.417500 0.485714 0.037857 0.081905
3 0.473571 0.577619 0.071429 0.050476
3 0.488571 0.521905 0.070000 0.045714
1 0.554286 0.179524 0.015714 0.020000
5 0.546071 0.188571 0.013571 0.026667
5 0.531786 0.247143 0.019286 0.020000
5 0.538571 0.268571 0.008571 0.028571
5 0.523929 0.276190 0.019286 0.019048
5 0.507143 0.287143 0.020000 0.023810
5 0.527857 0.313333 0.021429 0.019048
5 0.534643 0.301905 0.019286 0.020952
5 0.519286 0.348095 0.024286 0.020000
5 0.522500 0.338571 0.022143 0.020000
5 0.504286 0.410476 0.020000 0.020952
1 0.496429 0.399524 0.020000 0.014286
1 0.511071 0.445714 0.017857 0.028571
5 0.493214 0.443333 0.020714 0.025714
0 0.535000 0.449048 0.021429 0.048571
7 0.527143 0.449524 0.005714 0.020952
7 0.478929 0.430000 0.007857 0.018095
8 0.490357 0.440000 0.007857 0.022857
7 0.597857 0.222381 0.007143 0.023810
7 0.585357 0.226667 0.010714 0.026667
7 0.570357 0.239048 0.007857 0.024762
7 0.566429 0.316667 0.008571 0.025714
7 0.521071 0.492857 0.007857 0.018095
5 0.522143 0.501429 0.024286 0.025714
7 0.550357 0.536190 0.007857 0.020952
7 0.502143 0.611905 0.007143 0.018095
7 0.536071 0.639048 0.009286 0.013333
5 0.539286 0.703810 0.025714 0.017143
5 0.551071 0.719048 0.026429 0.011429
5 0.573214 0.736667 0.013571 0.035238
1 0.584286 0.950952 0.028571 0.016190
3 0.447500 0.673333 0.065000 0.047619
0 0.357143 0.796667 0.022857 0.067619
11 0.331071 0.696190 0.046429 0.097143
11 0.294286 0.671429 0.047143 0.100952
7 0.246786 0.731429 0.012143 0.017143
7 0.245357 0.711429 0.015000 0.019048
3 0.885000 0.077143 0.050000 0.028571
11 0.953214 0.088571 0.052143 0.036190
7 0.988214 0.037619 0.009286 0.021905
7 0.967500 0.056190 0.015000 0.020952
