5 0.537143 0.048571 0.008571 0.007619
3 0.569286 0.020476 0.010000 0.014286
3 0.561786 0.028095 0.010714 0.016190
3 0.555000 0.043333 0.012857 0.016190
8 0.568214 0.033810 0.003571 0.004762
8 0.559643 0.050476 0.002143 0.005714
8 0.583929 0.033810 0.002143 0.006667
8 0.584286 0.054762 0.002857 0.006667
8 0.566786 0.073333 0.003571 0.005714
8 0.618929 0.100476 0.003571 0.008571
7 0.648214 0.098571 0.003571 0.012381
7 0.645714 0.086667 0.004286 0.013333
7 0.650714 0.196190 0.002857 0.013333
7 0.650000 0.184762 0.002857 0.011429
8 0.661429 0.186190 0.002857 0.008571
8 0.524286 0.262857 0.004286 0.011429
8 0.590357 0.281905 0.003571 0.009524
8 0.571786 0.410952 0.005000 0.012381
8 0.550714 0.447143 0.007143 0.010476
7 0.663929 0.446190 0.005000 0.018095
8 0.565714 0.531429 0.004286 0.011429
8 0.546786 0.533810 0.005000 0.012381
8 0.495714 0.518095 0.007143 0.011429
8 0.528214 0.571905 0.005000 0.012381
8 0.545714 0.591429 0.005714 0.011429
8 0.593214 0.685238 0.009286 0.016190
8 0.593214 0.679524 0.007857 0.012381
8 0.568214 0.836190 0.009286 0.017143
8 0.550714 0.816190 0.010000 0.015238
8 0.524643 0.835238 0.007857 0.009524
8 0.524643 0.827143 0.009286 0.012381
7 0.453214 0.372381 0.005000 0.019048
5 0.321786 0.940952 0.030714 0.020952
5 0.524286 0.833810 0.010000 0.035238
5 0.550000 0.822381 0.010000 0.033333
5 0.568929 0.842381 0.009286 0.031429
5 0.761429 0.955238 0.017143 0.011429
5 0.760714 0.941905 0.017143 0.013333
5 0.759643 0.930476 0.017857 0.013333
5 0.757143 0.915714 0.020000 0.020000
5 0.751429 0.843810 0.020000 0.015238
5 0.750000 0.826667 0.020000 0.015238
5 0.747857 0.809524 0.020000 0.015238
5 0.747857 0.796190 0.020000 0.013333
5 0.745357 0.780000 0.020714 0.019048
5 0.654643 0.826667 0.025000 0.019048
5 0.657857 0.845238 0.027143 0.014286
5 0.655000 0.858571 0.028571 0.014286
5 0.655714 0.870952 0.025714 0.012381
5 0.708929 0.734286 0.022143 0.017143
5 0.706071 0.710476 0.022143 0.020952
5 0.706786 0.692857 0.020714 0.010476
5 0.740357 0.737143 0.020714 0.015238
5 0.740000 0.724762 0.022857 0.013333
5 0.738571 0.714286 0.022857 0.015238
5 0.705000 0.684286 0.017143 0.012381
5 0.701786 0.667619 0.022143 0.011429
5 0.702143 0.655238 0.020000 0.011429
5 0.700357 0.644286 0.019286 0.016190
5 0.700714 0.631429 0.020000 0.013333
5 0.701429 0.621905 0.021429 0.015238
5 0.699286 0.613810 0.021429 0.014286
5 0.697500 0.600952 0.022143 0.013333
5 0.695714 0.592857 0.021429 0.010476
5 0.696429 0.588095 0.020000 0.012381
5 0.695714 0.580000 0.018571 0.017143
5 0.694286 0.566190 0.017143 0.014286
5 0.717500 0.568571 0.017857 0.015238
5 0.718929 0.559524 0.020714 0.014286
5 0.708571 0.540952 0.017143 0.017143
5 0.697857 0.530476 0.020000 0.015238
5 0.592857 0.690000 0.008571 0.031429
5 0.544643 0.596667 0.007857 0.020000
5 0.527857 0.578095 0.005714 0.019048
5 0.547143 0.540000 0.007143 0.020952
5 0.565357 0.538095 0.006429 0.022857
5 0.495714 0.522381 0.007143 0.027619
5 0.402143 0.584762 0.021429 0.019048
5 0.411071 0.554286 0.019286 0.015238
5 0.413214 0.545714 0.015000 0.011429
5 0.457857 0.326190 0.015714 0.014286
5 0.464643 0.305238 0.013571 0.012381
5 0.466429 0.292857 0.014286 0.010476
5 0.476786 0.244762 0.013571 0.009524
5 0.477857 0.237619 0.012857 0.006667
5 0.477500 0.230476 0.012143 0.007619
5 0.478929 0.225238 0.013571 0.008571
5 0.480714 0.218571 0.011429 0.008571
5 0.482143 0.212857 0.010000 0.006667
5 0.482500 0.206190 0.012143 0.010476
5 0.483929 0.196190 0.009286 0.009524
5 0.487143 0.191905 0.010000 0.010476
5 0.487143 0.185238 0.011429 0.008571
5 0.488214 0.181429 0.010714 0.008571
5 0.491071 0.175238 0.010714 0.007619
5 0.490357 0.169048 0.012143 0.010476
5 0.495714 0.157619 0.010000 0.012381
5 0.496786 0.149524 0.010714 0.009524
5 0.498214 0.146190 0.009286 0.012381
5 0.502857 0.134286 0.010000 0.009524
5 0.503929 0.125238 0.010714 0.008571
5 0.518571 0.137619 0.007143 0.012381
5 0.478214 0.129048 0.009286 0.010476
5 0.476429 0.116667 0.008571 0.006667
5 0.567857 0.037143 0.004286 0.009524
5 0.584286 0.037143 0.004286 0.011429
5 0.583929 0.056667 0.005000 0.010476
5 0.558929 0.052857 0.003571 0.010476
5 0.566429 0.076667 0.004286 0.014286
5 0.619643 0.102857 0.006429 0.011429
5 0.523929 0.265714 0.005000 0.019048
1 0.590714 0.284286 0.004286 0.014286
5 0.571071 0.415714 0.005000 0.018095
5 0.549643 0.452857 0.006429 0.018095
5 0.660357 0.189524 0.003571 0.013333
5 0.658929 0.174762 0.009286 0.008571
5 0.630714 0.202381 0.011429 0.008571
5 0.631071 0.194762 0.010714 0.006667
5 0.632143 0.188571 0.011429 0.005714
5 0.630357 0.183333 0.010714 0.006667
5 0.632500 0.176190 0.010714 0.005714
5 0.636429 0.170476 0.008571 0.007619
5 0.626786 0.161429 0.010714 0.018095
3 0.635000 0.057619 0.011429 0.014286
7 0.667143 0.071905 0.002857 0.012381
9 0.632500 0.070000 0.009286 0.014286
11 0.536429 0.073333 0.015714 0.022857
3 0.605357 0.078095 0.012143 0.015238
10 0.587143 0.116667 0.012857 0.020000
3 0.613214 0.172381 0.012143 0.020952
8 0.592500 0.182857 0.003571 0.007619
5 0.591786 0.186667 0.005000 0.013333
3 0.502857 0.085238 0.024286 0.014286
3 0.471071 0.081429 0.019286 0.018095
3 0.487500 0.101429 0.022143 0.014286
11 0.512857 0.153333 0.012857 0.024762
3 0.521786 0.175238 0.015000 0.024762
3 0.506071 0.172857 0.013571 0.021905
3 0.503929 0.195238 0.015000 0.022857
3 0.497500 0.221429 0.013571 0.025714
11 0.495000 0.244762 0.012857 0.026667
0 0.491786 0.268095 0.016429 0.012381
3 0.486071 0.294762 0.016429 0.031429
3 0.481429 0.322381 0.015714 0.027619
10 0.459643 0.426667 0.015000 0.024762
10 0.452857 0.466190 0.024286 0.060000
3 0.448571 0.530476 0.031429 0.047619
3 0.432857 0.585714 0.025714 0.059048
3 0.400714 0.755238 0.035714 0.078095
3 0.382500 0.848095 0.037857 0.088571
1 0.347143 0.864762 0.024286 0.017143
5 0.355357 0.829524 0.015000 0.011429
3 0.363929 0.952857 0.045000 0.092381
3 0.616071 0.949048 0.029286 0.084762
9 0.697857 0.970000 0.032857 0.035238
9 0.698571 0.990000 0.034286 0.018095
3 0.617857 0.844286 0.027143 0.082857
3 0.617500 0.757143 0.025000 0.068571
3 0.585000 0.470000 0.020000 0.046667
3 0.613214 0.420476 0.017857 0.037143
3 0.614643 0.344762 0.019286 0.032381
0 0.613929 0.306190 0.012143 0.025714
3 0.615000 0.278571 0.015714 0.027619
11 0.613214 0.251905 0.012143 0.027619
0 0.666429 0.229048 0.018571 0.020000
3 0.655000 0.214286 0.032857 0.017143
0 0.663214 0.125238 0.023571 0.018095
