11 0.111429 0.371905 0.097143 0.122857
5 0.178571 0.432857 0.047143 0.040952
5 0.344286 0.204286 0.035714 0.048571
3 0.398571 0.421905 0.105714 0.154286
8 0.239643 0.635714 0.023571 0.027619
1 0.242143 0.634762 0.025714 0.054286
5 0.127143 0.505238 0.044286 0.052381
5 0.157857 0.462857 0.042857 0.045714
5 0.199643 0.395238 0.033571 0.053333
5 0.101786 0.540476 0.045000 0.044762
5 0.072500 0.564762 0.046429 0.060952
5 0.046429 0.599048 0.038571 0.055238
5 0.028214 0.611905 0.036429 0.052381
5 0.010357 0.773333 0.020714 0.040000
5 0.011786 0.638571 0.023571 0.046667
8 0.016071 0.604286 0.032143 0.025714
8 0.219286 0.339048 0.022857 0.022857
7 0.226071 0.309048 0.023571 0.029524
7 0.191071 0.352857 0.026429 0.025714
7 0.214643 0.356667 0.027857 0.027619
5 0.225000 0.344286 0.044286 0.054286
7 0.196429 0.314286 0.028571 0.024762
7 0.183571 0.325238 0.022857 0.033333
7 0.194286 0.339524 0.025714 0.031429
7 0.190000 0.293810 0.024286 0.035238
7 0.207857 0.294286 0.027143 0.024762
7 0.035714 0.272381 0.032857 0.034286
8 0.689286 0.273333 0.022857 0.030476
5 0.687500 0.276190 0.039286 0.066667
5 0.402143 0.951905 0.047143 0.050476
5 0.391429 0.975714 0.044286 0.046667
5 0.431786 0.925714 0.045000 0.060952
7 0.451429 0.803333 0.018571 0.027619
7 0.450357 0.767619 0.017857 0.020952
7 0.469643 0.735238 0.017857 0.026667
7 0.548571 0.553333 0.018571 0.028571
1 0.548214 0.554286 0.026429 0.041905
3 0.884286 0.126667 0.101429 0.091429
3 0.481429 0.033333 0.082857 0.066667
3 0.056071 0.322381 0.109286 0.147619
