3 0.053000 0.608667 0.035000 0.037333
11 0.087750 0.614667 0.030500 0.032000
3 0.102250 0.623000 0.033500 0.034000
3 0.020500 0.697667 0.026000 0.019333
3 0.036250 0.714000 0.028500 0.029333
3 0.049750 0.723667 0.039500 0.040667
3 0.066500 0.736333 0.032000 0.035333
3 0.148250 0.767667 0.032500 0.042000
3 0.108500 0.821000 0.042000 0.052667
3 0.064500 0.880667 0.048000 0.056000
3 0.034250 0.991000 0.030500 0.016667
3 0.082750 0.931000 0.041500 0.052667
11 0.146750 0.977667 0.038500 0.043333
11 0.175000 0.916667 0.031000 0.052000
3 0.207250 0.865333 0.034500 0.044000
3 0.360750 0.495333 0.020500 0.028000
3 0.375000 0.472667 0.016000 0.018667
3 0.391750 0.454333 0.016500 0.020667
3 0.440500 0.401333 0.014000 0.018667
3 0.411750 0.364667 0.013500 0.017333
3 0.448250 0.365000 0.012500 0.016667
11 0.467250 0.369333 0.014500 0.018667
3 0.477750 0.358667 0.012500 0.013333
3 0.480250 0.303000 0.011500 0.015333
11 0.491750 0.340000 0.014500 0.021333
3 0.505000 0.332667 0.011000 0.013333
3 0.512500 0.305000 0.013000 0.014000
3 0.527750 0.305667 0.009500 0.012667
3 0.535750 0.294000 0.011500 0.010667
3 0.543500 0.287000 0.011000 0.012667
3 0.544250 0.276333 0.009500 0.010000
3 0.552250 0.278000 0.008500 0.012000
3 0.548000 0.263000 0.010000 0.011333
3 0.566250 0.263333 0.010500 0.010667
3 0.572500 0.257000 0.009000 0.010000
3 0.578500 0.250667 0.008000 0.010667
3 0.583750 0.243333 0.008500 0.010667
3 0.600750 0.223667 0.007500 0.010000
3 0.604750 0.217333 0.007500 0.008000
11 0.615500 0.213667 0.009000 0.012667
3 0.617750 0.195000 0.005500 0.008667
3 0.613250 0.190667 0.005500 0.008000
3 0.623250 0.185000 0.005500 0.010000
3 0.631000 0.185000 0.005000 0.008667
3 0.641500 0.176000 0.005000 0.008000
3 0.625000 0.181000 0.007000 0.006000
3 0.627500 0.177667 0.005000 0.007333
10 0.632250 0.171000 0.008500 0.014000
3 0.634750 0.162000 0.005500 0.006667
3 0.639000 0.156000 0.004000 0.005333
3 0.641250 0.151000 0.005500 0.006000
11 0.644750 0.142333 0.005500 0.008667
3 0.651500 0.132000 0.005000 0.006667
3 0.645750 0.127000 0.005500 0.007333
11 0.645500 0.120667 0.008000 0.006667
11 0.656250 0.125000 0.007500 0.008667
3 0.664750 0.117667 0.009500 0.004667
3 0.644250 0.111333 0.006500 0.005333
3 0.652500 0.108333 0.004000 0.004667
3 0.672500 0.107667 0.004000 0.004667
3 0.684250 0.110000 0.005500 0.004000
3 0.677750 0.103000 0.004500 0.007333
3 0.678250 0.098000 0.004500 0.004000
3 0.680000 0.096333 0.005000 0.003333
3 0.668250 0.093333 0.004500 0.005333
3 0.687000 0.089000 0.003000 0.004667
11 0.693000 0.074667 0.004000 0.006667
3 0.703750 0.785667 0.047500 0.031333
3 0.705750 0.765333 0.036500 0.029333
3 0.648000 0.772000 0.045000 0.028000
3 0.652500 0.754000 0.040000 0.030667
3 0.652000 0.733667 0.040000 0.026000
3 0.545000 0.746333 0.045000 0.026000
3 0.658000 0.694667 0.043000 0.026667
3 0.706250 0.722000 0.050500 0.036000
3 0.715000 0.704667 0.045000 0.028000
3 0.711500 0.685000 0.040000 0.028667
3 0.710250 0.667000 0.039500 0.026000
3 0.713000 0.650333 0.041000 0.024667
3 0.666750 0.660333 0.039500 0.023333
3 0.667250 0.642333 0.045500 0.026000
3 0.602000 0.683667 0.024000 0.038000
3 0.787750 0.621333 0.044500 0.025333
3 0.730500 0.610000 0.037000 0.026667
11 0.680500 0.600000 0.030000 0.025333
11 0.692500 0.548667 0.038000 0.030667
3 0.687250 0.523667 0.029500 0.019333
3 0.692000 0.513333 0.031000 0.020000
11 0.639000 0.505333 0.015000 0.028000
3 0.692500 0.492333 0.025000 0.016667
3 0.699000 0.482667 0.027000 0.013333
3 0.698500 0.473000 0.027000 0.014000
3 0.705500 0.459333 0.022000 0.014667
3 0.708250 0.427667 0.011500 0.020667
3 0.719250 0.414000 0.017500 0.013333
3 0.720750 0.406000 0.020500 0.014667
3 0.720250 0.400667 0.018500 0.012000
3 0.720000 0.394000 0.019000 0.010667
3 0.715500 0.381333 0.009000 0.016000
3 0.668250 0.436333 0.014500 0.020667
3 0.672000 0.418333 0.020000 0.015333
3 0.691000 0.383000 0.012000 0.019333
11 0.711750 0.314333 0.010500 0.019333
3 0.945500 0.941000 0.052000 0.064667
3 0.949500 0.977667 0.043000 0.043333
