3 0.560000 0.891905 0.208571 0.214286
10 0.423214 0.626667 0.166429 0.257143
3 0.329286 0.473810 0.098571 0.105714
3 0.277500 0.372857 0.070714 0.080952
3 0.249643 0.294762 0.075000 0.069524
3 0.213929 0.233333 0.056429 0.059048
3 0.207143 0.185714 0.051429 0.047619
7 0.191786 0.449048 0.020714 0.060000
7 0.207857 0.441429 0.025714 0.060000
8 0.230357 0.443810 0.036429 0.062857
5 0.240714 0.448095 0.032857 0.054286
11 0.187857 0.143333 0.067143 0.065714
3 0.182857 0.103810 0.032857 0.038095
3 0.174286 0.081429 0.028571 0.025714
3 0.156429 0.067143 0.055714 0.037143
3 0.232857 0.065714 0.070000 0.030476
3 0.201429 0.042857 0.052857 0.026667
3 0.175714 0.032381 0.025714 0.024762
3 0.173929 0.018095 0.025000 0.024762
3 0.118214 0.029524 0.027857 0.034286
3 0.031429 0.058095 0.051429 0.026667
3 0.058929 0.047619 0.046429 0.028571
3 0.068571 0.040476 0.042857 0.023810
3 0.075000 0.025238 0.032857 0.025714
3 0.082143 0.015714 0.028571 0.020000
3 0.018929 0.102857 0.036429 0.055238
3 0.583214 0.167619 0.070714 0.045714
