10 0.311429 0.862381 0.028571 0.088571
3 0.163929 0.982857 0.055000 0.032381
3 0.238929 0.875238 0.030714 0.070476
3 0.237143 0.809524 0.050000 0.047619
3 0.221429 0.775238 0.055714 0.034286
3 0.242143 0.727619 0.050000 0.036190
3 0.223929 0.688095 0.055000 0.037143
3 0.210714 0.565714 0.044286 0.030476
3 0.202857 0.435238 0.047143 0.028571
3 0.257143 0.373810 0.017143 0.044762
3 0.213214 0.310000 0.036429 0.025714
3 0.243929 0.162381 0.016429 0.033333
3 0.241786 0.111429 0.015000 0.036190
3 0.248214 0.198095 0.015000 0.030476
3 0.228214 0.180476 0.017857 0.040952
3 0.332500 0.212381 0.016429 0.041905
3 0.267857 0.230000 0.017143 0.042857
3 0.315357 0.016667 0.015000 0.033333
3 0.192857 0.011905 0.034286 0.020000
10 0.263929 0.144762 0.019286 0.053333
3 0.264286 0.110952 0.015714 0.035238
11 0.268214 0.191905 0.016429 0.039048
11 0.248214 0.229524 0.015000 0.036190
11 0.250357 0.646667 0.046429 0.036190
11 0.318929 0.644286 0.030714 0.065714
3 0.412857 0.655238 0.021429 0.055238
3 0.261071 0.425238 0.020714 0.044762
3 0.251786 0.464762 0.045000 0.026667
3 0.237500 0.409048 0.019286 0.054286
3 0.205357 0.539048 0.043571 0.032381
3 0.204643 0.468571 0.043571 0.030476
3 0.212857 0.335238 0.041429 0.028571
3 0.202857 0.399048 0.035714 0.040000
3 0.200000 0.370000 0.037143 0.044762
11 0.282857 0.414762 0.021429 0.056190
11 0.276786 0.366667 0.019286 0.045714
3 0.764643 0.191905 0.033571 0.023810
11 0.914643 0.518571 0.040714 0.027619
3 0.562500 0.640476 0.045000 0.033333
5 0.518929 0.723333 0.010714 0.027619
5 0.507857 0.710476 0.008571 0.032381
8 0.530000 0.755714 0.007143 0.014286
7 0.498214 0.775238 0.005000 0.013333
8 0.331786 0.502857 0.007857 0.009524
5 0.332143 0.506190 0.008571 0.020000
5 0.528929 0.757143 0.017857 0.013333
5 0.613929 0.841429 0.020714 0.012381
1 0.521071 0.690000 0.013571 0.014286
3 0.474643 0.981905 0.019286 0.034286
1 0.572143 0.713810 0.015714 0.014286
11 0.437857 0.300000 0.017143 0.038095
3 0.411786 0.128095 0.015000 0.033333
3 0.193571 0.287619 0.037143 0.026667
11 0.190714 0.266667 0.031429 0.026667
0 0.183929 0.214762 0.015000 0.012381
7 0.275357 0.334286 0.007857 0.017143
8 0.367857 0.979048 0.010000 0.013333
0 0.370000 0.983333 0.017143 0.031429
8 0.309286 0.200952 0.005714 0.009524
8 0.310357 0.273810 0.007857 0.012381
5 0.310357 0.203333 0.005000 0.016190
5 0.311429 0.278571 0.007143 0.020000
