11 0.347000 0.912333 0.094000 0.128667
3 0.565250 0.911333 0.058500 0.136000
7 0.439500 0.588000 0.008000 0.026667
7 0.833500 0.580667 0.009000 0.024000
7 0.754000 0.432333 0.004000 0.014000
7 0.770000 0.446000 0.006000 0.017333
7 0.767750 0.445333 0.006500 0.016000
8 0.802250 0.439667 0.007500 0.015333
8 0.854500 0.439667 0.009000 0.015333
8 0.849000 0.432000 0.008000 0.014667
3 0.970250 0.366667 0.034500 0.018667
3 0.882500 0.343333 0.033000 0.014667
3 0.917500 0.337667 0.031000 0.014000
3 0.969750 0.331000 0.031500 0.014000
11 0.966250 0.322667 0.025500 0.013333
3 0.982500 0.325000 0.025000 0.014000
3 0.983500 0.321000 0.020000 0.012667
3 0.817250 0.346667 0.018500 0.016000
3 0.788250 0.340000 0.014500 0.014667
3 0.769750 0.341333 0.016500 0.014667
3 0.757000 0.343333 0.021000 0.014667
7 0.719750 0.435667 0.005500 0.020667
1 0.721500 0.406667 0.006000 0.013333
8 0.723750 0.405000 0.004500 0.010000
8 0.722250 0.403000 0.006500 0.014000
3 0.719000 0.361333 0.014000 0.017333
3 0.698250 0.357000 0.015500 0.018000
5 0.743250 0.339333 0.004500 0.013333
3 0.733750 0.338000 0.010500 0.013333
3 0.717750 0.337000 0.012500 0.014000
11 0.701750 0.334667 0.014500 0.017333
3 0.663000 0.331667 0.012000 0.014000
3 0.647250 0.329667 0.011500 0.012667
5 0.622500 0.337667 0.010000 0.008667
8 0.623000 0.334333 0.005000 0.010000
3 0.604000 0.325000 0.022000 0.012667
3 0.540750 0.353667 0.027500 0.015333
3 0.584250 0.316667 0.021500 0.012000
3 0.549250 0.329333 0.022500 0.016000
3 0.539250 0.323333 0.022500 0.013333
3 0.521750 0.314333 0.021500 0.012667
3 0.556000 0.302667 0.021000 0.012000
3 0.547500 0.301000 0.015000 0.010000
3 0.496750 0.301333 0.022500 0.010667
3 0.488500 0.296000 0.020000 0.012000
3 0.522750 0.288000 0.018500 0.010667
3 0.515750 0.286000 0.016500 0.010667
3 0.503000 0.279333 0.017000 0.009333
3 0.474750 0.289667 0.019500 0.010000
3 0.479250 0.355000 0.018500 0.019333
3 0.446000 0.355000 0.016000 0.015333
10 0.352750 0.386333 0.033500 0.028667
10 0.398000 0.382000 0.020000 0.036000
10 0.358000 0.298667 0.029000 0.041333
10 0.388250 0.297667 0.020500 0.024667
10 0.373000 0.287333 0.014000 0.014667
10 0.323750 0.285667 0.023500 0.032667
3 0.337500 0.282333 0.011000 0.010000
3 0.327000 0.259667 0.008000 0.008667
3 0.349500 0.267667 0.009000 0.008667
3 0.274500 0.255333 0.012000 0.009333
3 0.273750 0.251667 0.012500 0.008667
8 0.275750 0.347000 0.005500 0.007333
7 0.264500 0.344333 0.006000 0.012667
7 0.237500 0.392667 0.006000 0.017333
6 0.141000 0.347667 0.039000 0.030000
7 0.165250 0.331000 0.005500 0.012667
6 0.252250 0.306667 0.047500 0.041333
10 0.216500 0.296333 0.025000 0.015333
6 0.236500 0.282667 0.046000 0.041333
6 0.196500 0.251333 0.033000 0.028000
3 0.530250 0.429667 0.026500 0.023333
3 0.555250 0.451333 0.030500 0.025333
3 0.580000 0.474667 0.033000 0.028000
3 0.614500 0.509333 0.042000 0.033333
3 0.488250 0.272667 0.017500 0.010667
3 0.459750 0.281667 0.016500 0.008667
3 0.450000 0.276000 0.018000 0.009333
3 0.437000 0.267000 0.012000 0.011333
3 0.462750 0.261000 0.015500 0.008667
3 0.454250 0.257000 0.014500 0.007333
3 0.445250 0.253667 0.014500 0.008667
3 0.441250 0.251000 0.015500 0.008667
3 0.418000 0.251333 0.009000 0.008000
3 0.433750 0.247667 0.012500 0.007333
3 0.427750 0.245333 0.011500 0.006667
3 0.442250 0.236667 0.012500 0.008000
3 0.398250 0.248667 0.009500 0.008000
3 0.400500 0.245000 0.012000 0.007333
4 0.367250 0.220667 0.107500 0.042667
3 0.290750 0.228333 0.007500 0.007333
