3 0.800000 0.695667 0.074000 0.082000
10 0.532500 0.473333 0.069000 0.129333
10 0.616750 0.394333 0.043500 0.052667
0 0.604500 0.337333 0.015000 0.028000
10 0.496500 0.313333 0.036000 0.056000
3 0.600750 0.269000 0.035500 0.016667
3 0.532750 0.241000 0.014500 0.014000
3 0.510000 0.224000 0.011000 0.012000
11 0.494000 0.210000 0.010000 0.016000
3 0.455250 0.198333 0.010500 0.012667
10 0.500750 0.195000 0.011500 0.016667
5 0.512000 0.199000 0.002000 0.007333
8 0.512250 0.197333 0.002500 0.008000
3 0.884000 0.397667 0.050000 0.027333
3 0.914000 0.413000 0.040000 0.024667
3 0.934250 0.431000 0.042500 0.023333
5 0.904000 0.338333 0.011000 0.012667
5 0.854750 0.316000 0.026500 0.024000
11 0.843250 0.287333 0.037500 0.021333
11 0.809250 0.280667 0.014500 0.021333
3 0.809500 0.351333 0.027000 0.022667
3 0.779500 0.325000 0.026000 0.018000
3 0.771000 0.313000 0.031000 0.016667
3 0.794250 0.267333 0.034500 0.014667
5 0.837000 0.272333 0.005000 0.010000
5 0.828750 0.270667 0.003500 0.012000
7 0.828250 0.264333 0.003500 0.014000
5 0.821500 0.272000 0.007000 0.012000
11 0.666250 0.234333 0.027500 0.014000
11 0.669500 0.241000 0.023000 0.012667
5 0.713000 0.226667 0.006000 0.008000
0 0.694250 0.219000 0.013500 0.010000
5 0.701750 0.222000 0.004500 0.006667
3 0.478000 0.174667 0.007000 0.009333
3 0.471500 0.163667 0.007000 0.007333
11 0.481000 0.160667 0.006000 0.009333
3 0.442500 0.157333 0.006000 0.006667
3 0.491500 0.148333 0.015000 0.006000
3 0.475000 0.151667 0.006000 0.006000
3 0.466000 0.153000 0.006000 0.007333
3 0.446500 0.148667 0.006000 0.006667
11 0.461750 0.146000 0.004500 0.008000
10 0.470750 0.142333 0.005500 0.012667
3 0.437000 0.141333 0.005000 0.006667
10 0.435750 0.131333 0.007500 0.010667
10 0.443250 0.128667 0.005500 0.009333
3 0.457500 0.127333 0.004000 0.004000
11 0.453000 0.124333 0.004000 0.006000
1 0.427500 0.146667 0.001000 0.005333
1 0.423250 0.146333 0.001500 0.004667
8 0.427250 0.145000 0.001500 0.004667
8 0.423250 0.145000 0.001500 0.004667
1 0.455000 0.135000 0.001000 0.003333
8 0.455000 0.133333 0.001000 0.004000
5 0.465500 0.129667 0.001000 0.003333
8 0.465500 0.128333 0.001000 0.003333
