3 0.018214 0.158095 0.036429 0.076190
3 0.026429 0.284286 0.051429 0.092381
3 0.073929 0.021429 0.053571 0.042857
3 0.120357 0.022381 0.039286 0.044762
3 0.162143 0.022857 0.041429 0.043810
11 0.203929 0.017143 0.035000 0.034286
3 0.271071 0.015238 0.036429 0.030476
3 0.046786 0.161429 0.063571 0.079048
3 0.113214 0.178095 0.060714 0.083810
3 0.183214 0.166667 0.050714 0.080000
3 0.232857 0.156190 0.050000 0.087619
3 0.279286 0.174286 0.041429 0.089524
3 0.327143 0.164762 0.042857 0.074286
3 0.242857 0.278571 0.054286 0.088571
11 0.126786 0.286190 0.077857 0.109524
11 0.296071 0.274762 0.045000 0.101905
11 0.347500 0.278571 0.046429 0.126667
11 0.502143 0.048095 0.080000 0.063810
10 0.463214 0.202857 0.053571 0.106667
7 0.540714 0.056667 0.008571 0.031429
7 0.517857 0.112857 0.011429 0.039048
7 0.538571 0.116667 0.010000 0.037143
10 0.502143 0.420476 0.071429 0.170476
7 0.605357 0.447619 0.017857 0.032381
10 0.678214 0.293810 0.056429 0.174286
7 0.646071 0.482857 0.016429 0.028571
7 0.673571 0.472381 0.015714 0.017143
5 0.668571 0.537619 0.014286 0.037143
9 0.701429 0.451905 0.041429 0.109524
3 0.704643 0.652381 0.059286 0.165714
3 0.968571 0.838095 0.061429 0.179048
3 0.876786 0.454286 0.072143 0.106667
10 0.765000 0.910476 0.108571 0.177143
3 0.844286 0.356190 0.072857 0.095238
5 0.821429 0.126190 0.018571 0.042857
1 0.807500 0.051429 0.012143 0.036190
9 0.785357 0.036667 0.020714 0.044762
3 0.196429 0.553810 0.067143 0.120952
11 0.053571 0.540952 0.082857 0.127619
10 0.148571 0.727619 0.100000 0.186667
10 0.056429 0.697143 0.112857 0.257143
