3 0.845357 0.821429 0.135000 0.197143
3 0.746429 0.550476 0.101429 0.142857
3 0.591786 0.539048 0.086429 0.144762
3 0.673571 0.297143 0.057143 0.095238
3 0.752143 0.227619 0.062857 0.081905
3 0.518571 0.317143 0.045714 0.089524
3 0.470714 0.230952 0.061429 0.090476
3 0.587500 0.231905 0.055000 0.088571
3 0.609643 0.137143 0.052143 0.074286
3 0.431786 0.118571 0.045000 0.065714
3 0.530714 0.096190 0.051429 0.057143
3 0.573214 0.074762 0.052143 0.052381
3 0.458214 0.070952 0.042143 0.054286
3 0.405000 0.060000 0.037143 0.049524
3 0.932143 0.176667 0.082857 0.096190
3 0.787143 0.040952 0.061429 0.076190
3 0.716429 0.057143 0.062857 0.072381
11 0.558571 0.156667 0.055714 0.073333
11 0.492857 0.030476 0.052857 0.059048
11 0.436786 0.020476 0.039286 0.040952
3 0.541071 0.024286 0.045000 0.048571
3 0.576429 0.018095 0.047143 0.036190
3 0.229286 0.365714 0.062857 0.112381
3 0.128214 0.173333 0.102143 0.051429
10 0.918571 0.043810 0.074286 0.064762
10 0.816071 0.146667 0.096429 0.127619
5 0.871429 0.178571 0.025714 0.037143
8 0.876786 0.163810 0.016429 0.030476
7 0.769643 0.468571 0.017857 0.053333
7 0.755714 0.445238 0.015714 0.054286
7 0.768929 0.428571 0.016429 0.053333
7 0.795714 0.481905 0.020000 0.053333
7 0.982857 0.550000 0.031429 0.060000
7 0.067857 0.141429 0.021429 0.048571
3 0.127857 0.549048 0.117143 0.100000
3 0.080714 0.638095 0.128571 0.133333
3 0.100714 0.411905 0.111429 0.098095
3 0.116429 0.337143 0.108571 0.078095
3 0.044643 0.816667 0.083571 0.197143
1 0.173571 0.637143 0.038571 0.070476
3 0.138929 0.134762 0.093571 0.050476
3 0.128929 0.108095 0.092143 0.042857
3 0.132857 0.080476 0.080000 0.042857
3 0.131071 0.051429 0.079286 0.047619
