3 0.467500 0.530000 0.052143 0.126667
11 0.285000 0.115238 0.058571 0.047619
3 0.314286 0.028095 0.057143 0.039048
3 0.178929 0.028571 0.062143 0.034286
3 0.101786 0.024762 0.065000 0.040000
2 0.121429 0.097619 0.217143 0.088571
7 0.428929 0.027619 0.007857 0.030476
7 0.417143 0.097143 0.008571 0.036190
3 0.445000 0.092857 0.057143 0.046667
3 0.249286 0.030952 0.062857 0.035238
3 0.147857 0.012381 0.065714 0.024762
3 0.028214 0.066190 0.056429 0.046667
3 0.024643 0.037619 0.049286 0.042857
8 0.690714 0.209048 0.011429 0.037143
0 0.681786 0.215714 0.035000 0.033333
3 0.877500 0.694762 0.103571 0.172381
3 0.808214 0.492381 0.070714 0.116190
7 0.973214 0.609524 0.032143 0.053333
7 0.812857 0.609048 0.021429 0.048571
7 0.737143 0.827619 0.024286 0.045714
7 0.684286 0.814286 0.022857 0.043810
8 0.823929 0.835238 0.029286 0.038095
7 0.783571 0.612381 0.025714 0.045714
7 0.836429 0.552857 0.021429 0.042857
1 0.818929 0.845238 0.026429 0.075238
1 0.983571 0.838571 0.031429 0.056190
8 0.965714 0.527619 0.025714 0.047619
8 0.592857 0.571429 0.021429 0.034286
5 0.591429 0.581905 0.017143 0.068571
1 0.787857 0.622381 0.015714 0.058095
5 0.961429 0.535714 0.031429 0.060000
7 0.960714 0.279048 0.014286 0.024762
7 0.917143 0.264762 0.018571 0.040000
8 0.927857 0.257143 0.007143 0.017143
7 0.976429 0.440476 0.032857 0.044762
7 0.967857 0.421429 0.030000 0.035238
7 0.982500 0.404286 0.015000 0.027619
3 0.946071 0.098571 0.069286 0.044762
3 0.897857 0.074762 0.070000 0.039048
3 0.973571 0.042381 0.051429 0.035238
3 0.976071 0.019048 0.046429 0.024762
7 0.793571 0.017143 0.010000 0.026667
7 0.990714 0.261429 0.017143 0.031429
3 0.394643 0.014762 0.039286 0.029524
