1 0.581250 0.408667 0.006500 0.028000
1 0.592000 0.410333 0.009000 0.030000
6 0.488000 0.470000 0.011000 0.028000
6 0.522000 0.465667 0.015000 0.018000
1 0.653500 0.490667 0.029000 0.026667
6 0.502500 0.577000 0.017000 0.026000
7 0.469500 0.498667 0.010000 0.029333
1 0.460500 0.497667 0.014000 0.016667
8 0.460250 0.492333 0.007500 0.016667
7 0.403750 0.493333 0.009500 0.025333
7 0.398000 0.500333 0.006000 0.015333
7 0.444000 0.555667 0.010000 0.030000
7 0.413500 0.530667 0.011000 0.030667
7 0.427250 0.582000 0.010500 0.037333
6 0.417000 0.554000 0.013000 0.013333
3 0.509750 0.644667 0.011500 0.021333
7 0.464000 0.562000 0.014000 0.017333
6 0.480000 0.624667 0.007000 0.020000
7 0.489500 0.615333 0.007000 0.030667
6 0.512750 0.614667 0.012500 0.018667
7 0.501500 0.605000 0.009000 0.027333
7 0.498750 0.626000 0.008500 0.026667
7 0.439250 0.581000 0.004500 0.015333
7 0.445000 0.602667 0.006000 0.017333
7 0.449500 0.592667 0.010000 0.024000
6 0.461250 0.599333 0.014500 0.022667
7 0.469500 0.576667 0.017000 0.021333
1 0.737250 0.525333 0.029500 0.025333
8 0.380000 0.507333 0.005000 0.009333
6 0.380250 0.512000 0.010500 0.016000
7 0.390750 0.506667 0.009500 0.022667
7 0.393500 0.528333 0.011000 0.032667
6 0.367000 0.550333 0.012000 0.028667
7 0.384000 0.546000 0.009000 0.018667
7 0.392250 0.552667 0.007500 0.012000
7 0.189750 0.099667 0.010500 0.028667
