7 0.086786 0.182107 0.009286 0.024112
2 0.106071 0.392132 0.146429 0.220812
2 0.235357 0.208122 0.080714 0.124365
2 0.325714 0.078046 0.065714 0.105330
7 0.142857 0.270305 0.008571 0.030457
7 0.151071 0.275381 0.012143 0.027919
7 0.231071 0.480330 0.010714 0.034264
7 0.288571 0.397208 0.008571 0.035533
7 0.359643 0.280457 0.005000 0.030457
7 0.393571 0.241751 0.007143 0.039340
7 0.169286 0.968909 0.010000 0.024112
7 0.213571 0.843274 0.012857 0.029188
7 0.306429 0.755711 0.007143 0.031726
5 0.287143 0.532360 0.015714 0.036802
7 0.320000 0.717640 0.011429 0.026650
7 0.337857 0.730330 0.007143 0.024112
7 0.442500 0.830584 0.009286 0.021574
7 0.402500 0.744289 0.010714 0.026650
7 0.406429 0.736675 0.010000 0.024112
11 0.687143 0.944797 0.065714 0.105330
2 0.792500 0.781726 0.160714 0.248731
2 0.904286 0.576142 0.091429 0.187817
3 0.990357 0.484137 0.017857 0.074873
11 0.942857 0.494924 0.032857 0.063452
7 0.928929 0.453680 0.012143 0.024112
7 0.921071 0.360406 0.009286 0.022843
7 0.926429 0.364848 0.008571 0.021574
7 0.840357 0.447335 0.007857 0.024112
7 0.875000 0.413706 0.008571 0.022843
7 0.878929 0.423858 0.007857 0.020305
7 0.885357 0.407995 0.009286 0.019036
7 0.888214 0.413706 0.007857 0.022843
8 0.511786 0.567259 0.013571 0.022843
5 0.486786 0.675127 0.017857 0.043147
5 0.466429 0.636421 0.014286 0.036802
5 0.400000 0.669416 0.015714 0.031726
5 0.424286 0.643401 0.018571 0.040609
7 0.377500 0.585025 0.006429 0.022843
7 0.038571 0.880711 0.021429 0.032995
7 0.060000 0.805203 0.017143 0.029188
7 0.165714 0.657995 0.010000 0.031726
7 0.316429 0.035533 0.008571 0.025381
7 0.338929 0.010152 0.005000 0.020305
7 0.333929 0.008883 0.005000 0.017766
5 0.380000 0.681472 0.021429 0.045685
5 0.389286 0.673223 0.015714 0.049492
6 0.600000 0.774112 0.090000 0.137056
