10 0.506438 0.837786 0.175966 0.253817
11 0.675966 0.796756 0.140200 0.137405
3 0.638054 0.974714 0.151645 0.044847
7 0.732833 0.867844 0.032189 0.020038
7 0.721745 0.845897 0.038627 0.029580
7 0.698856 0.499046 0.024320 0.036260
7 0.486767 0.424618 0.019313 0.038168
7 0.420601 0.595420 0.022890 0.040076
7 0.434192 0.566794 0.017167 0.038168
7 0.549356 0.326336 0.014306 0.041985
3 0.976395 0.121660 0.044349 0.090649
6 0.836195 0.323473 0.040057 0.091603
7 0.836552 0.275286 0.013591 0.027672
7 0.593348 0.332538 0.015021 0.029580
7 0.610157 0.272901 0.011445 0.041985
7 0.559728 0.144561 0.015021 0.037214
7 0.577611 0.167939 0.012160 0.034351
7 0.575465 0.147901 0.015021 0.036260
7 0.595494 0.163645 0.016452 0.039122
7 0.522890 0.124523 0.010014 0.041031
7 0.542561 0.153626 0.010730 0.041985
0 0.577969 0.358779 0.027182 0.066794
0 0.444206 0.413168 0.045780 0.055344
3 0.079041 0.956584 0.090844 0.079198
11 0.232117 0.963740 0.179542 0.068702
3 0.241416 0.863550 0.159514 0.114504
3 0.270744 0.749523 0.145207 0.094466
3 0.291488 0.656011 0.129471 0.094466
3 0.232475 0.491412 0.071531 0.158397
3 0.330830 0.568225 0.120887 0.084924
3 0.354793 0.484733 0.121602 0.085878
3 0.360157 0.414122 0.118026 0.072519
11 0.170601 0.251908 0.103720 0.074427
11 0.072246 0.235687 0.095851 0.072519
3 0.087625 0.355916 0.092275 0.076336
5 0.433476 0.747137 0.027182 0.070611
8 0.429185 0.744752 0.018598 0.031489
8 0.434549 0.726622 0.022175 0.023855
1 0.441345 0.162214 0.031474 0.032443
1 0.484979 0.073950 0.010014 0.029580
0 0.100858 0.194179 0.062947 0.025763
7 0.095851 0.179866 0.015737 0.023855
7 0.454936 0.063931 0.017167 0.041985
3 0.646280 0.083969 0.037911 0.076336
7 0.518956 0.023378 0.007868 0.035305
7 0.535050 0.012882 0.012876 0.025763
7 0.483190 0.015267 0.009299 0.030534
