3 0.629750 0.549333 0.077500 0.058667
3 0.782750 0.588333 0.090500 0.064667
3 0.908500 0.643000 0.112000 0.071333
3 0.603500 0.458000 0.059000 0.048000
3 0.520250 0.389667 0.038500 0.034000
3 0.422750 0.328667 0.022500 0.037333
3 0.241000 0.211333 0.013000 0.013333
3 0.260750 0.292667 0.021500 0.022667
3 0.202500 0.203333 0.013000 0.014667
3 0.206500 0.187667 0.013000 0.012667
3 0.350250 0.765333 0.048500 0.118667
3 0.289000 0.925000 0.121000 0.148667
1 0.406000 0.738333 0.014000 0.042000
8 0.403500 0.713333 0.015000 0.045333
3 0.338500 0.656333 0.058000 0.100667
