11 0.418571 0.578095 0.081429 0.114286
3 0.017500 0.450476 0.035000 0.045714
7 0.168929 0.540476 0.013571 0.035238
7 0.150357 0.497143 0.015000 0.030476
1 0.152143 0.519524 0.018571 0.035238
4 0.231786 0.595714 0.047857 0.056190
8 0.492857 0.829524 0.018571 0.026667
1 0.493571 0.843333 0.025714 0.048571
7 0.757500 0.463333 0.009286 0.027619
7 0.740714 0.479524 0.014286 0.029524
7 0.735000 0.412857 0.008571 0.033333
7 0.722143 0.390952 0.010000 0.023810
7 0.716786 0.416667 0.007857 0.025714
8 0.725714 0.408571 0.007143 0.019048
1 0.713571 0.553333 0.027143 0.022857
11 0.735357 0.215714 0.039286 0.031429
2 0.774643 0.232857 0.072143 0.096190
2 0.814643 0.271905 0.066429 0.120952
2 0.852857 0.196667 0.102857 0.069524
2 0.910357 0.250476 0.096429 0.099048
2 0.922143 0.415238 0.154286 0.120000
2 0.961071 0.285714 0.076429 0.118095
