3 0.517143 0.545685 0.024286 0.083756
3 0.511786 0.419416 0.023571 0.079949
3 0.472857 0.408629 0.022857 0.083756
3 0.506786 0.310279 0.019286 0.079949
3 0.566429 0.174492 0.020000 0.069797
3 0.511429 0.111675 0.017143 0.071066
3 0.473214 0.123731 0.020714 0.072335
3 0.518571 0.767766 0.027143 0.111675
3 0.477500 0.928934 0.030714 0.121827
3 0.820714 0.678299 0.038571 0.082487
3 0.686429 0.621193 0.027143 0.110406
3 0.324286 0.115482 0.040000 0.058376
3 0.180000 0.146574 0.027143 0.072335
3 0.038929 0.159898 0.023571 0.065990
11 0.083214 0.143401 0.030714 0.065990
11 0.146786 0.126904 0.025000 0.058376
10 0.117857 0.132614 0.022857 0.077411
3 0.011429 0.193528 0.022857 0.067259
10 0.409286 0.774746 0.042857 0.214467
11 0.212143 0.133883 0.025714 0.074873
3 0.057143 0.018401 0.024286 0.036802
3 0.083571 0.017766 0.024286 0.035533
3 0.110714 0.015228 0.020000 0.030457
3 0.162500 0.016497 0.025000 0.032995
3 0.189643 0.012056 0.019286 0.024112
11 0.508214 0.204949 0.022143 0.074873
7 0.371786 0.255711 0.009286 0.026650
7 0.357857 0.253173 0.007143 0.021574
11 0.473214 0.574239 0.022143 0.090102
