3 0.778214 0.010000 0.016429 0.020000
2 0.626071 0.117143 0.037857 0.089524
3 0.114643 0.315714 0.047857 0.040952
3 0.225357 0.438571 0.046429 0.040952
3 0.138214 0.949524 0.087857 0.081905
7 0.716429 0.752857 0.011429 0.021905
5 0.242143 0.260000 0.015714 0.013333
5 0.178929 0.331905 0.016429 0.020000
5 0.200357 0.324762 0.023571 0.024762
1 0.222857 0.328571 0.012857 0.022857
1 0.215714 0.329048 0.011429 0.025714
1 0.325714 0.276667 0.015714 0.018095
0 0.332143 0.279524 0.017143 0.018095
8 0.715357 0.648095 0.010714 0.016190
7 0.816786 0.644286 0.013571 0.021905
7 0.773929 0.468095 0.009286 0.020000
