7 0.358929 0.928095 0.019286 0.037143
7 0.350357 0.713810 0.020714 0.046667
7 0.407857 0.580476 0.012857 0.050476
7 0.433214 0.329048 0.015000 0.040952
7 0.421071 0.278095 0.010714 0.040000
7 0.415714 0.356667 0.014286 0.042857
2 0.469286 0.338095 0.071429 0.266667
2 0.430714 0.745714 0.122857 0.485714
11 0.313214 0.702381 0.070714 0.168571
7 0.354286 0.252857 0.014286 0.040952
8 0.387143 0.203810 0.012857 0.022857
8 0.372857 0.203810 0.011429 0.022857
8 0.376429 0.195238 0.010000 0.022857
3 0.412143 0.140952 0.032857 0.060952
3 0.415000 0.090476 0.027143 0.059048
5 0.264643 0.180000 0.030714 0.026667
3 0.753214 0.874762 0.093571 0.195238
11 0.761429 0.490000 0.077143 0.120952
3 0.941429 0.506667 0.115714 0.078095
3 0.957143 0.440000 0.084286 0.072381
3 0.846429 0.220476 0.062857 0.080952
3 0.873929 0.282857 0.090714 0.059048
3 0.923571 0.321905 0.108571 0.057143
3 0.907857 0.372381 0.105714 0.076190
3 0.925000 0.096667 0.035714 0.046667
3 0.972857 0.095238 0.038571 0.043810
3 0.862857 0.083333 0.038571 0.048571
3 0.729643 0.073810 0.036429 0.046667
3 0.812500 0.079524 0.029286 0.040952
3 0.751071 0.040952 0.057857 0.040000
3 0.705714 0.013333 0.057143 0.026667
3 0.567143 0.047619 0.024286 0.038095
3 0.781786 0.209524 0.039286 0.059048
10 0.726429 0.218571 0.054286 0.092381
11 0.768214 0.077619 0.036429 0.060000
3 0.685714 0.063333 0.034286 0.040952
11 0.701786 0.103333 0.036429 0.052381
10 0.937500 0.051905 0.097857 0.052381
5 0.920714 0.180000 0.032857 0.026667
1 0.927143 0.255714 0.028571 0.027619
1 0.954643 0.253810 0.029286 0.023810
5 0.934643 0.203810 0.012143 0.038095
7 0.942500 0.210000 0.023571 0.042857
7 0.769286 0.363810 0.018571 0.043810
7 0.972143 0.334762 0.015714 0.046667
7 0.975000 0.561905 0.027143 0.047619
8 0.922857 0.544286 0.017143 0.029524
