3 0.176786 0.594543 0.036429 0.077411
3 0.219286 0.586929 0.035714 0.079949
3 0.266429 0.576777 0.035714 0.074873
3 0.310357 0.562817 0.037857 0.079949
3 0.176786 0.670051 0.033571 0.071066
3 0.316429 0.635787 0.032857 0.068528
3 0.360000 0.622462 0.035714 0.077411
3 0.185357 0.739848 0.033571 0.071066
3 0.189643 0.803299 0.033571 0.063452
3 0.247857 0.784898 0.031429 0.062183
3 0.278571 0.710660 0.030000 0.065990
3 0.288214 0.833756 0.029286 0.060914
3 0.318571 0.760152 0.032857 0.060914
3 0.365714 0.876269 0.030000 0.057107
3 0.430357 0.846447 0.037857 0.058376
3 0.365357 0.748731 0.035000 0.058376
3 0.402143 0.738579 0.028571 0.058376
3 0.436071 0.726523 0.032143 0.054569
3 0.432857 0.670051 0.035714 0.063452
3 0.399286 0.613579 0.031429 0.067259
3 0.434286 0.602157 0.031429 0.059645
3 0.480357 0.593274 0.033571 0.062183
3 0.480000 0.651650 0.034286 0.059645
3 0.473929 0.715736 0.035000 0.058376
3 0.436786 0.779188 0.029286 0.058376
3 0.470714 0.763959 0.031429 0.058376
3 0.512500 0.585660 0.032143 0.054569
3 0.545357 0.577411 0.036429 0.053299
3 0.511786 0.646574 0.030714 0.052030
3 0.510357 0.706218 0.030714 0.049492
3 0.542857 0.696066 0.032857 0.049492
3 0.538929 0.747462 0.029286 0.043147
3 0.472857 0.524112 0.037143 0.063452
3 0.579643 0.681472 0.033571 0.053299
3 0.496786 0.829949 0.033571 0.050761
3 0.527857 0.821066 0.030000 0.048223
3 0.610000 0.671320 0.035714 0.053299
3 0.607857 0.731599 0.030000 0.046954
3 0.636071 0.720178 0.029286 0.049492
3 0.580357 0.499365 0.043571 0.064721
3 0.651786 0.487944 0.045000 0.054569
3 0.584286 0.564721 0.035714 0.050761
3 0.618571 0.559645 0.038571 0.050761
3 0.682143 0.539975 0.041429 0.057107
3 0.714286 0.530457 0.041429 0.058376
3 0.744643 0.528553 0.029286 0.052030
3 0.775357 0.515228 0.037857 0.055838
3 0.834643 0.439086 0.052143 0.055838
3 0.861786 0.430838 0.050714 0.057107
11 0.850000 0.535533 0.040000 0.058376
3 0.793571 0.564086 0.037143 0.046954
3 0.707143 0.594543 0.034286 0.049492
3 0.674643 0.597081 0.033571 0.052030
3 0.673214 0.654188 0.035000 0.054569
3 0.642143 0.607868 0.028571 0.048223
3 0.612857 0.618020 0.031429 0.043147
3 0.705357 0.643401 0.030714 0.050761
3 0.761429 0.625635 0.040000 0.055838
3 0.789643 0.616751 0.036429 0.050761
3 0.670357 0.704315 0.035000 0.048223
3 0.696786 0.696066 0.030714 0.049492
3 0.725714 0.686548 0.032857 0.048223
3 0.759643 0.677665 0.033571 0.048223
3 0.786786 0.668782 0.030714 0.048223
3 0.831786 0.642766 0.030714 0.044416
3 0.436429 0.407360 0.031429 0.063452
3 0.467500 0.404188 0.029286 0.057107
11 0.501071 0.294416 0.025000 0.048223
3 0.548571 0.290609 0.030000 0.040609
3 0.571429 0.283629 0.027143 0.039340
3 0.395714 0.308376 0.022857 0.043147
11 0.340357 0.317259 0.022143 0.053299
3 0.313214 0.321066 0.025000 0.053299
11 0.220714 0.335660 0.022857 0.054569
11 0.187857 0.347716 0.024286 0.048223
