11 0.453571 0.918782 0.020000 0.068528
11 0.559286 0.613579 0.015714 0.041878
11 0.445714 0.517766 0.015714 0.038071
3 0.545714 0.395305 0.010000 0.024112
11 0.510000 0.470178 0.011429 0.039340
11 0.486071 0.350254 0.010714 0.017766
3 0.543929 0.331853 0.010714 0.024112
11 0.461786 0.312817 0.010714 0.021574
3 0.511786 0.290609 0.007857 0.017766
3 0.477500 0.281726 0.007857 0.015228
3 0.540357 0.282995 0.007857 0.020305
3 0.491071 0.245558 0.009286 0.013959
3 0.526786 0.251269 0.007857 0.017766
3 0.539286 0.226523 0.007143 0.013959
3 0.525714 0.211929 0.007143 0.017766
3 0.538571 0.197970 0.008571 0.012690
3 0.526071 0.187183 0.006429 0.013959
4 0.513214 0.082487 0.059286 0.164975
10 0.118571 0.328680 0.030000 0.043147
7 0.595714 0.540609 0.005714 0.020305
7 0.599643 0.570431 0.003571 0.019036
7 0.628929 0.574873 0.005000 0.017766
