3 0.437143 0.880000 0.018571 0.030476
3 0.397143 0.799524 0.015714 0.027619
3 0.303214 0.719048 0.012143 0.017143
11 0.437143 0.713810 0.020000 0.014286
3 0.403571 0.681905 0.008571 0.013333
11 0.387857 0.682857 0.007143 0.015238
11 0.372143 0.666190 0.010000 0.018095
3 0.364286 0.610952 0.005714 0.008571
11 0.384286 0.629048 0.007143 0.010476
3 0.401429 0.611905 0.005714 0.008571
3 0.415714 0.615714 0.005714 0.008571
3 0.390357 0.603333 0.006429 0.008571
3 0.366786 0.578095 0.005000 0.007619
3 0.375000 0.566190 0.004286 0.004762
11 0.372857 0.560952 0.004286 0.007619
3 0.396071 0.570000 0.005000 0.006667
3 0.397857 0.562857 0.004286 0.005714
3 0.407500 0.561429 0.003571 0.004762
11 0.408571 0.551429 0.002857 0.005714
3 0.400357 0.549524 0.003571 0.003810
3 0.379643 0.547143 0.003571 0.004762
3 0.420714 0.546667 0.004286 0.003810
3 0.409643 0.543810 0.003571 0.003810
3 0.403929 0.536190 0.002143 0.003810
10 0.411071 0.535238 0.005000 0.007619
3 0.406071 0.530000 0.002143 0.002857
11 0.410714 0.525714 0.002857 0.003810
3 0.405000 0.522381 0.002857 0.002857
3 0.391429 0.527143 0.002857 0.002857
3 0.396786 0.510000 0.002143 0.002857
3 0.390357 0.505714 0.002143 0.001905
3 0.391071 0.502857 0.002143 0.001905
3 0.781071 0.550952 0.010714 0.004762
