7 0.515357 0.977619 0.013571 0.018095
7 0.502500 0.933333 0.012143 0.034286
1 0.485357 0.761905 0.015000 0.060952
8 0.485000 0.757143 0.014286 0.038095
1 0.461429 0.742381 0.012857 0.073333
1 0.433214 0.719524 0.013571 0.056190
8 0.432500 0.717619 0.015000 0.029524
9 0.492857 0.653810 0.025714 0.084762
8 0.492143 0.634762 0.017143 0.029524
7 0.497500 0.525714 0.016429 0.024762
11 0.510000 0.446667 0.037143 0.097143
5 0.466429 0.431905 0.020000 0.065714
8 0.467857 0.431429 0.017143 0.040000
5 0.444286 0.452381 0.012857 0.043810
8 0.445357 0.445714 0.015000 0.030476
7 0.496786 0.270952 0.015000 0.037143
7 0.500357 0.132857 0.013571 0.035238
