3 0.209750 0.291000 0.114500 0.110000
3 0.346250 0.354333 0.127500 0.083333
3 0.498500 0.423667 0.130000 0.119333
3 0.663750 0.508333 0.124500 0.106000
3 0.814500 0.583000 0.116000 0.104667
3 0.359500 0.628000 0.132000 0.117333
3 0.311750 0.720000 0.121500 0.133333
3 0.518750 0.725667 0.130500 0.119333
11 0.705750 0.828000 0.130500 0.120000
3 0.871250 0.896667 0.150500 0.132000
11 0.095500 0.223000 0.096000 0.090000
3 0.029000 0.468000 0.058000 0.082667
3 0.963750 0.683333 0.071500 0.092000
3 0.972750 0.958000 0.053500 0.082667
9 0.670000 0.238667 0.076000 0.069333
7 0.139000 0.649333 0.051000 0.020000
7 0.146500 0.684333 0.027000 0.020667
7 0.397000 0.577667 0.016000 0.024667
7 0.420250 0.556667 0.019500 0.026667
7 0.476750 0.588667 0.020500 0.025333
7 0.514500 0.619000 0.012000 0.027333
7 0.535750 0.653333 0.021500 0.029333
7 0.603000 0.347333 0.023000 0.037333
7 0.495250 0.251000 0.019500 0.038000
7 0.582250 0.284000 0.020500 0.020000
7 0.623250 0.307667 0.013500 0.022000
7 0.622500 0.051333 0.017000 0.058667
8 0.533500 0.063667 0.020000 0.034000
