3 0.256071 0.658629 0.025000 0.088832
3 0.312500 0.683376 0.022143 0.082487
3 0.351429 0.672589 0.024286 0.086294
3 0.384643 0.667513 0.032143 0.101523
3 0.435000 0.656726 0.031429 0.090102
3 0.468571 0.670051 0.032857 0.088832
3 0.505000 0.669416 0.025714 0.079949
11 0.535357 0.674492 0.022143 0.077411
11 0.559643 0.677030 0.019286 0.077411
11 0.760714 0.682741 0.054286 0.073604
11 0.837500 0.652919 0.035000 0.077411
11 0.862857 0.665609 0.034286 0.072335
11 0.121786 0.472081 0.049286 0.035533
3 0.322500 0.461929 0.049286 0.035533
3 0.560000 0.463832 0.052857 0.034264
3 0.627857 0.460025 0.050000 0.036802
11 0.857143 0.452411 0.051429 0.034264
3 0.788929 0.453680 0.052143 0.041878
3 0.803929 0.656726 0.019286 0.069797
3 0.941071 0.440990 0.050714 0.074873
3 0.979286 0.413071 0.040000 0.077411
3 0.988929 0.645939 0.020714 0.081218
11 0.171429 0.651015 0.032857 0.101523
10 0.210357 0.659898 0.040714 0.121827
10 0.475357 0.459391 0.070714 0.043147
10 0.940000 0.694162 0.075714 0.048223
5 0.949286 0.737944 0.015714 0.041878
3 0.692143 0.461294 0.054286 0.041878
3 0.724286 0.665609 0.038571 0.079949
3 0.688929 0.663706 0.030714 0.086294
11 0.655714 0.667513 0.020000 0.078680
3 0.623929 0.664340 0.030714 0.100254
3 0.590000 0.665609 0.027143 0.082487
3 0.398571 0.464467 0.052857 0.035533
7 0.960714 0.914340 0.014286 0.016497
7 0.967857 0.896574 0.014286 0.016497
7 0.971071 0.869924 0.015000 0.016497
