7 0.240250 0.941667 0.022500 0.092667
7 0.257250 0.951000 0.027500 0.096667
1 0.282000 0.901000 0.027000 0.062000
5 0.318000 0.876667 0.022000 0.070667
5 0.345000 0.882667 0.019000 0.076000
7 0.317750 0.830667 0.016500 0.072000
5 0.333750 0.843333 0.021500 0.049333
5 0.369250 0.819333 0.021500 0.056000
5 0.336500 0.809000 0.022000 0.042000
1 0.382000 0.715667 0.025000 0.031333
7 0.413000 0.700000 0.009000 0.038667
9 0.419250 0.762000 0.030500 0.054667
7 0.451000 0.762000 0.010000 0.052000
7 0.493500 0.782000 0.015000 0.064000
7 0.445750 0.739000 0.009500 0.048667
8 0.460750 0.726000 0.013500 0.038667
5 0.460250 0.733667 0.013500 0.036667
7 0.474000 0.747333 0.012000 0.050667
7 0.498000 0.748667 0.014000 0.053333
7 0.523250 0.867333 0.025500 0.084000
7 0.605250 0.978667 0.025500 0.041333
7 0.722750 0.983667 0.029500 0.031333
5 0.690500 0.967667 0.061000 0.063333
1 0.705500 0.931333 0.046000 0.061333
11 0.714250 0.849000 0.148500 0.110000
5 0.809750 0.890333 0.061500 0.048667
7 0.847750 0.848333 0.013500 0.043333
7 0.867500 0.844000 0.017000 0.054667
7 0.791000 0.780333 0.020000 0.074000
5 0.827500 0.799000 0.034000 0.048667
7 0.762250 0.779667 0.009500 0.050000
5 0.669250 0.806667 0.036500 0.048000
5 0.725750 0.814000 0.029500 0.044000
1 0.639500 0.815667 0.016000 0.051333
5 0.621750 0.822667 0.017500 0.056000
5 0.603250 0.827667 0.023500 0.054000
7 0.533500 0.804333 0.018000 0.063333
7 0.550500 0.798333 0.015000 0.052667
7 0.545250 0.781667 0.012500 0.055333
7 0.537000 0.769000 0.009000 0.047333
7 0.568250 0.768667 0.019500 0.045333
7 0.580500 0.766000 0.017000 0.038667
7 0.554000 0.744667 0.026000 0.040000
7 0.511000 0.713000 0.008000 0.043333
7 0.515500 0.708333 0.007000 0.042000
7 0.528750 0.700667 0.010500 0.041333
7 0.529500 0.709000 0.005000 0.019333
8 0.535750 0.710333 0.009500 0.019333
7 0.555500 0.721333 0.011000 0.040000
7 0.567750 0.718000 0.010500 0.038667
7 0.573000 0.722667 0.010000 0.038667
7 0.565250 0.689667 0.009500 0.035333
7 0.535750 0.689667 0.008500 0.032667
7 0.546250 0.676000 0.009500 0.038667
7 0.560500 0.672667 0.010000 0.036000
7 0.527750 0.683667 0.006500 0.032667
7 0.513250 0.681333 0.010500 0.041333
7 0.520250 0.671000 0.007500 0.032667
7 0.532750 0.673000 0.007500 0.024667
7 0.534000 0.671333 0.004000 0.025333
7 0.536000 0.670667 0.004000 0.017333
7 0.542750 0.656667 0.011500 0.026667
7 0.558750 0.655000 0.009500 0.027333
7 0.528500 0.655000 0.004000 0.016667
7 0.525250 0.646333 0.005500 0.028667
7 0.545250 0.637333 0.008500 0.025333
7 0.554500 0.638000 0.005000 0.024000
7 0.525000 0.635333 0.004000 0.022667
7 0.546250 0.624667 0.003500 0.018667
7 0.490750 0.667000 0.008500 0.036667
7 0.448250 0.665333 0.008500 0.033333
7 0.455000 0.667000 0.008000 0.024667
7 0.462750 0.660333 0.007500 0.035333
7 0.394500 0.682000 0.009000 0.033333
8 0.414500 0.638000 0.009000 0.013333
7 0.428250 0.634000 0.005500 0.024000
7 0.435500 0.642333 0.010000 0.020667
5 0.437750 0.643000 0.005500 0.022000
7 0.406750 0.611000 0.005500 0.023333
7 0.451500 0.624667 0.008000 0.026667
7 0.454500 0.641000 0.008000 0.027333
7 0.467500 0.644333 0.011000 0.027333
7 0.476500 0.645333 0.007000 0.028000
1 0.465500 0.649333 0.007000 0.020000
7 0.490250 0.639667 0.010500 0.030000
1 0.492000 0.644333 0.009000 0.022000
7 0.469500 0.614333 0.007000 0.023333
7 0.472000 0.612333 0.006000 0.022000
7 0.479500 0.614667 0.006000 0.024000
7 0.488500 0.617333 0.006000 0.022667
7 0.447250 0.613667 0.004500 0.022000
9 0.456000 0.611333 0.010000 0.018667
7 0.512750 0.620000 0.006500 0.025333
7 0.524750 0.623667 0.005500 0.020667
7 0.538250 0.611000 0.005500 0.024667
7 0.505750 0.599000 0.004500 0.020667
7 0.509250 0.600000 0.003500 0.017333
7 0.513500 0.601333 0.004000 0.020000
7 0.531250 0.602333 0.004500 0.015333
7 0.519000 0.602000 0.004000 0.018667
7 0.523750 0.595333 0.005500 0.018667
7 0.503250 0.595000 0.005500 0.022000
7 0.508750 0.595667 0.003500 0.019333
7 0.517500 0.592000 0.004000 0.016000
7 0.521000 0.591000 0.005000 0.011333
7 0.526500 0.591000 0.003000 0.014000
7 0.535750 0.593000 0.004500 0.016667
5 0.513000 0.592000 0.005000 0.012000
1 0.519500 0.606000 0.006000 0.016000
3 0.474250 0.582000 0.014500 0.016000
7 0.496750 0.579333 0.003500 0.014667
7 0.504500 0.577333 0.006000 0.016000
5 0.505250 0.581000 0.004500 0.011333
11 0.525000 0.577333 0.013000 0.018667
11 0.522500 0.568000 0.012000 0.016000
11 0.522000 0.564667 0.010000 0.017333
6 0.497250 0.569667 0.032500 0.018000
3 0.516250 0.558667 0.010500 0.012000
11 0.466750 0.560667 0.020500 0.012000
3 0.484000 0.553000 0.010000 0.011333
7 0.490250 0.544000 0.001500 0.008000
7 0.493250 0.543667 0.002500 0.008667
7 0.497000 0.540000 0.002000 0.008000
7 0.501500 0.539000 0.002000 0.008667
7 0.506500 0.545667 0.003000 0.010000
8 0.511500 0.544667 0.003000 0.008000
8 0.511500 0.543667 0.003000 0.007333
1 0.511250 0.546000 0.002500 0.005333
11 0.513250 0.542000 0.007500 0.009333
11 0.509000 0.535000 0.007000 0.010000
3 0.489000 0.542333 0.006000 0.006000
3 0.490000 0.536667 0.007000 0.006667
11 0.501000 0.532333 0.006000 0.006000
3 0.520000 0.536000 0.007000 0.008000
11 0.527500 0.533000 0.007000 0.006000
11 0.492750 0.533333 0.005500 0.006667
3 0.498500 0.535333 0.011000 0.005333
