3 0.386071 0.679524 0.139286 0.128571
3 0.049286 0.737619 0.097143 0.147619
3 0.556786 0.576667 0.083571 0.079048
3 0.678214 0.552381 0.057857 0.070476
3 0.628929 0.489048 0.053571 0.050476
3 0.743929 0.459048 0.057857 0.038095
3 0.625357 0.439048 0.039286 0.040000
3 0.706071 0.397143 0.027857 0.026667
3 0.724286 0.367619 0.022857 0.022857
3 0.712500 0.351905 0.017857 0.018095
3 0.786071 0.356667 0.017857 0.018095
3 0.763214 0.323333 0.009286 0.010476
3 0.752857 0.314286 0.010000 0.009524
4 0.791071 0.269048 0.043571 0.025714
4 0.770357 0.305238 0.020714 0.020000
3 0.751429 0.294286 0.010000 0.007619
4 0.758929 0.280952 0.007857 0.015238
4 0.762500 0.265238 0.006429 0.010476
4 0.712143 0.290952 0.015714 0.008571
7 0.685357 0.295714 0.003571 0.014286
4 0.737857 0.285238 0.008571 0.016190
8 0.792143 0.417143 0.008571 0.024762
8 0.797143 0.442857 0.011429 0.020952
5 0.789286 0.424762 0.005714 0.015238
5 0.793214 0.452381 0.010714 0.020952
4 0.806786 0.357619 0.013571 0.031429
4 0.801071 0.313810 0.009286 0.029524
7 0.862143 0.412857 0.008571 0.031429
7 0.870357 0.414286 0.007857 0.034286
8 0.520000 0.365714 0.004286 0.019048
5 0.521429 0.371429 0.005714 0.007619
8 0.792143 0.335238 0.004286 0.011429
5 0.791429 0.338095 0.002857 0.011429
4 0.820714 0.384286 0.007143 0.020000
4 0.786429 0.314286 0.004286 0.011429
