7 0.133929 0.436190 0.016429 0.032381
3 0.017143 0.561429 0.034286 0.050476
3 0.287857 0.612381 0.088571 0.093333
11 0.313929 0.477619 0.072143 0.077143
9 0.362857 0.410000 0.041429 0.025714
7 0.371429 0.399524 0.014286 0.025714
3 0.332500 0.256667 0.053571 0.046667
11 0.261786 0.138571 0.035000 0.048571
7 0.658571 0.196667 0.011429 0.031429
3 0.883214 0.019524 0.052143 0.039048
11 0.955000 0.252857 0.055714 0.054286
3 0.916786 0.222857 0.060714 0.060952
3 0.884286 0.203333 0.054286 0.048571
3 0.857500 0.170952 0.056429 0.060000
3 0.819643 0.160952 0.050714 0.064762
3 0.818571 0.263810 0.050000 0.060952
3 0.857500 0.280952 0.062143 0.066667
3 0.895714 0.304762 0.064286 0.066667
3 0.743929 0.432381 0.073571 0.085714
3 0.718571 0.388095 0.070000 0.075238
3 0.685000 0.508095 0.070000 0.088571
3 0.838214 0.520000 0.062143 0.078095
3 0.886071 0.568571 0.073571 0.097143
3 0.941429 0.629524 0.085714 0.129524
7 0.804286 0.405714 0.015714 0.040000
3 0.648214 0.461429 0.075000 0.084762
3 0.984286 0.675238 0.025714 0.114286
3 0.927857 0.094762 0.047143 0.050476
3 0.958214 0.107619 0.045000 0.045714
3 0.980000 0.126190 0.038571 0.050476
3 0.966071 0.061429 0.046429 0.046667
3 0.987500 0.075238 0.023571 0.041905
10 0.489286 0.698095 0.157143 0.081905
