3 0.259750 0.899333 0.029500 0.041333
3 0.324750 0.783000 0.029500 0.048667
3 0.420750 0.731000 0.024500 0.042000
3 0.475250 0.699000 0.026500 0.038000
3 0.553250 0.503000 0.014500 0.024667
3 0.587750 0.432000 0.015500 0.016000
3 0.634500 0.412667 0.014000 0.018667
3 0.614500 0.368667 0.012000 0.014667
3 0.590250 0.398667 0.012500 0.014667
3 0.656500 0.449000 0.013000 0.019333
3 0.684750 0.315000 0.007500 0.014000
3 0.696500 0.346000 0.011000 0.010667
3 0.671000 0.251667 0.006000 0.011333
3 0.713750 0.228000 0.004500 0.008000
3 0.720500 0.211333 0.005000 0.005333
3 0.603000 0.320000 0.010000 0.012000
3 0.585250 0.349000 0.008500 0.012667
3 0.592000 0.337000 0.010000 0.014000
3 0.577750 0.361667 0.012500 0.012667
3 0.566500 0.379333 0.012000 0.013333
3 0.557250 0.394000 0.012500 0.016000
3 0.542250 0.420000 0.012500 0.017333
3 0.674750 0.519333 0.012500 0.018667
3 0.680750 0.502000 0.013500 0.016000
3 0.680500 0.484333 0.012000 0.016667
3 0.687750 0.470000 0.017500 0.020000
3 0.691750 0.452333 0.016500 0.018000
3 0.693500 0.436333 0.014000 0.011333
3 0.698000 0.424000 0.013000 0.014667
3 0.700500 0.411667 0.011000 0.015333
7 0.699500 0.490667 0.007000 0.010667
7 0.712250 0.459667 0.004500 0.012667
7 0.685000 0.558333 0.009000 0.014000
7 0.648250 0.890667 0.008500 0.018667
7 0.659000 0.901333 0.008000 0.020000
7 0.675250 0.895667 0.004500 0.018000
7 0.640000 0.929333 0.008000 0.024000
8 0.579000 0.852000 0.007000 0.013333
1 0.580500 0.863667 0.008000 0.014000
1 0.541250 0.979000 0.012500 0.011333
8 0.541750 0.965667 0.007500 0.012667
3 0.291250 0.834667 0.036500 0.054667
3 0.369750 0.707000 0.026500 0.039333
3 0.523250 0.450333 0.012500 0.018000
3 0.513500 0.468000 0.014000 0.016000
3 0.501000 0.482667 0.013000 0.017333
3 0.491750 0.499000 0.013500 0.019333
7 0.393500 0.683333 0.009000 0.017333
3 0.602250 0.843667 0.024500 0.047333
3 0.594250 0.900667 0.025500 0.052000
3 0.576000 0.965667 0.022000 0.051333
3 0.644750 0.739333 0.031500 0.040000
8 0.593250 0.692667 0.005500 0.018667
8 0.669250 0.488000 0.003500 0.010667
8 0.664750 0.501667 0.004500 0.010000
8 0.615750 0.634333 0.003500 0.014000
8 0.659000 0.528667 0.003000 0.012000
8 0.653250 0.544333 0.004500 0.012667
8 0.678500 0.581333 0.004000 0.013333
8 0.660500 0.583000 0.005000 0.015333
8 0.641500 0.583667 0.004000 0.012667
1 0.676750 0.585667 0.013500 0.007333
1 0.660500 0.583667 0.013000 0.010000
1 0.642000 0.588333 0.007000 0.010000
5 0.615250 0.638667 0.015500 0.009333
5 0.653500 0.550333 0.004000 0.014000
5 0.658000 0.530667 0.005000 0.012000
5 0.665250 0.505333 0.006500 0.010667
5 0.670000 0.490333 0.003000 0.011333
5 0.516750 0.487667 0.004500 0.010000
5 0.496750 0.557000 0.006500 0.018000
5 0.453500 0.596333 0.007000 0.012667
5 0.450250 0.564333 0.004500 0.011333
5 0.476500 0.531667 0.005000 0.011333
8 0.476000 0.521667 0.004000 0.010000
8 0.477000 0.527333 0.003000 0.009333
8 0.450750 0.558000 0.003500 0.010667
8 0.451750 0.577667 0.004500 0.012667
8 0.454000 0.592333 0.004000 0.012667
8 0.496000 0.557333 0.004000 0.012000
8 0.517500 0.482000 0.004000 0.008000
1 0.552750 0.421667 0.003500 0.011333
1 0.570250 0.391667 0.003500 0.007333
5 0.580500 0.383333 0.003000 0.008000
5 0.616250 0.312667 0.002500 0.006667
1 0.612750 0.322000 0.003500 0.006667
1 0.593750 0.352000 0.003500 0.008000
7 0.563500 0.370000 0.003000 0.009333
8 0.616500 0.309000 0.002000 0.006000
8 0.612750 0.318333 0.002500 0.007333
8 0.593500 0.348667 0.002000 0.008000
8 0.580500 0.380667 0.003000 0.008000
8 0.570250 0.387667 0.002500 0.008667
8 0.553250 0.418000 0.002500 0.010667
8 0.678750 0.419667 0.002500 0.011333
3 0.713750 0.343667 0.006500 0.010000
3 0.709750 0.367333 0.007500 0.010667
3 0.708000 0.378000 0.006000 0.012000
3 0.705500 0.387333 0.007000 0.012000
3 0.735250 0.255333 0.005500 0.009333
3 0.734000 0.263000 0.006000 0.007333
3 0.732500 0.271667 0.006000 0.008667
3 0.730750 0.279000 0.005500 0.007333
3 0.728250 0.291000 0.005500 0.008667
3 0.725500 0.297667 0.006000 0.010000
3 0.724750 0.304333 0.006500 0.011333
3 0.742500 0.226333 0.007000 0.008667
3 0.740000 0.236667 0.005000 0.006667
3 0.739000 0.241333 0.006000 0.009333
3 0.752500 0.184000 0.005000 0.009333
3 0.734500 0.189333 0.005000 0.006667
3 0.714750 0.202667 0.005500 0.006667
3 0.694750 0.205000 0.004500 0.006000
3 0.692000 0.197000 0.004000 0.006000
3 0.689500 0.201667 0.004000 0.007333
3 0.701000 0.195333 0.005000 0.005333
3 0.745250 0.140667 0.003500 0.004000
3 0.740000 0.138667 0.002000 0.004000
3 0.737500 0.146000 0.004000 0.004000
3 0.736500 0.120667 0.003000 0.004000
3 0.726250 0.131333 0.002500 0.004000
3 0.732500 0.130333 0.003000 0.004667
3 0.731250 0.137333 0.003500 0.004000
3 0.735500 0.134000 0.003000 0.004000
3 0.721000 0.142333 0.003000 0.004667
3 0.715750 0.151667 0.003500 0.004667
3 0.722000 0.150333 0.003000 0.004667
3 0.712250 0.158667 0.003500 0.005333
3 0.719000 0.159000 0.003000 0.004667
3 0.715250 0.166667 0.004500 0.006667
3 0.705500 0.171667 0.004000 0.006000
3 0.707750 0.165000 0.003500 0.004667
3 0.708500 0.168333 0.005000 0.006000
3 0.708750 0.177333 0.003500 0.005333
3 0.707750 0.180667 0.004500 0.006667
3 0.706000 0.184000 0.004000 0.005333
3 0.704250 0.187667 0.004500 0.006000
2 0.699250 0.181000 0.007500 0.012667
2 0.717500 0.195333 0.019000 0.016000
2 0.679750 0.221333 0.009500 0.017333
2 0.756500 0.117000 0.004000 0.008667
3 0.753250 0.114667 0.002500 0.004000
3 0.750750 0.121667 0.002500 0.003333
3 0.749750 0.125667 0.002500 0.003333
3 0.753000 0.128000 0.003000 0.004000
11 0.748000 0.130000 0.003000 0.004000
3 0.738500 0.115000 0.005000 0.003333
4 0.755000 0.096667 0.024000 0.024000
3 0.696500 0.156667 0.004000 0.005333
3 0.694750 0.161000 0.003500 0.004667
3 0.693000 0.167000 0.004000 0.006000
3 0.712000 0.138667 0.003000 0.004000
3 0.706250 0.147333 0.003500 0.004000
4 0.709500 0.142333 0.008000 0.016667
2 0.633000 0.266000 0.014000 0.021333
3 0.626500 0.279333 0.007000 0.009333
3 0.654750 0.233000 0.005500 0.007333
3 0.653000 0.237667 0.005000 0.007333
3 0.650000 0.241667 0.006000 0.007333
3 0.646500 0.248000 0.006000 0.006667
3 0.643750 0.252667 0.005500 0.006667
3 0.641000 0.257333 0.005000 0.008000
3 0.672000 0.199000 0.005000 0.006000
3 0.672500 0.204667 0.005000 0.006667
3 0.670750 0.210333 0.005500 0.007333
3 0.666500 0.213333 0.005000 0.006667
3 0.664000 0.218333 0.006000 0.007333
3 0.662250 0.221333 0.006500 0.006667
3 0.659000 0.227000 0.006000 0.008667
8 0.433500 0.635667 0.004000 0.016667
8 0.428250 0.643667 0.004500 0.014000
8 0.394250 0.651333 0.004500 0.013333
1 0.394750 0.657667 0.008500 0.018000
1 0.436000 0.641667 0.008000 0.015333
5 0.429750 0.646667 0.013500 0.017333
5 0.591500 0.697667 0.014000 0.015333
0 0.321000 0.901667 0.019000 0.040667
10 0.938250 0.458333 0.052500 0.042000
7 0.742000 0.530333 0.004000 0.012667
7 0.737500 0.530333 0.003000 0.014000
