3 0.915000 0.911905 0.121429 0.061905
3 0.419643 0.389048 0.047857 0.048571
3 0.472857 0.347143 0.042857 0.042857
3 0.365714 0.392857 0.051429 0.044762
3 0.423571 0.351429 0.047143 0.043810
3 0.486071 0.313810 0.040714 0.037143
3 0.541071 0.307619 0.033571 0.032381
3 0.581786 0.274286 0.033571 0.036190
3 0.715714 0.250952 0.031429 0.023810
3 0.768214 0.211429 0.026429 0.026667
5 0.695714 0.613333 0.024286 0.019048
5 0.896786 0.678095 0.030714 0.030476
5 0.264286 0.416190 0.027143 0.015238
8 0.263214 0.404762 0.012143 0.030476
8 0.698929 0.602381 0.015000 0.023810
8 0.899286 0.663333 0.018571 0.027619
