3 0.431367 0.856679 0.051670 0.080705
3 0.551148 0.693414 0.046973 0.062152
3 0.583246 0.645176 0.043319 0.058442
3 0.618476 0.606215 0.043841 0.051020
0 0.602818 0.615955 0.025052 0.042672
3 0.841075 0.817718 0.056889 0.073284
3 0.867171 0.783395 0.063152 0.052876
3 0.855428 0.737941 0.058455 0.041744
7 0.719990 0.744434 0.005741 0.028757
3 0.787578 0.855288 0.042797 0.050093
3 0.567328 0.244898 0.011482 0.024119
3 0.595772 0.243970 0.012004 0.022263
3 0.625522 0.285250 0.022443 0.023191
3 0.628914 0.273191 0.018789 0.015770
3 0.460595 0.265306 0.027662 0.018553
3 0.766701 0.166976 0.019833 0.012987
3 0.757307 0.158627 0.022965 0.016698
3 0.752349 0.147032 0.025574 0.021336
3 0.750261 0.131262 0.018267 0.015770
3 0.748695 0.127087 0.019311 0.014842
3 0.751827 0.121058 0.018267 0.015770
3 0.702766 0.116419 0.019311 0.015770
3 0.710334 0.114100 0.014614 0.012987
3 0.713727 0.108534 0.017223 0.014842
3 0.720251 0.104360 0.013570 0.010204
3 0.728862 0.100186 0.017223 0.014842
3 0.748434 0.084879 0.015658 0.012059
9 0.725470 0.082560 0.005219 0.014842
3 0.758612 0.075603 0.010960 0.010204
3 0.327766 0.287106 0.026096 0.028757
3 0.016701 0.469388 0.030271 0.029685
2 0.586378 0.127551 0.036013 0.028757
2 0.649269 0.101113 0.028184 0.025974
