3 0.975000 0.896190 0.048571 0.171429
3 0.417143 0.850000 0.072857 0.164762
3 0.453571 0.574762 0.060000 0.117143
3 0.590357 0.621905 0.052143 0.129524
3 0.763214 0.618095 0.065000 0.127619
3 0.527500 0.487143 0.055000 0.103810
3 0.658929 0.474762 0.052143 0.098095
3 0.724643 0.421905 0.045000 0.083810
3 0.496429 0.395714 0.048571 0.073333
10 0.528571 0.252857 0.044286 0.094286
3 0.543214 0.186667 0.032143 0.049524
3 0.554286 0.146667 0.028571 0.034286
3 0.561786 0.100952 0.026429 0.041905
3 0.569643 0.072857 0.022143 0.035238
3 0.577857 0.045714 0.027143 0.028571
3 0.578214 0.016667 0.027857 0.029524
3 0.691071 0.012857 0.046429 0.023810
3 0.690357 0.027143 0.040714 0.027619
3 0.690357 0.043333 0.047857 0.023810
3 0.696786 0.052381 0.043571 0.026667
3 0.699643 0.074286 0.035000 0.024762
3 0.700000 0.093810 0.038571 0.025714
3 0.698929 0.119048 0.036429 0.034286
3 0.707857 0.193333 0.054286 0.041905
11 0.718571 0.244286 0.030000 0.058095
3 0.721071 0.308095 0.040714 0.056190
10 0.719643 0.140952 0.040714 0.074286
