3 0.972143 0.936190 0.051429 0.125714
3 0.515714 0.720476 0.164286 0.094286
3 0.081429 0.650476 0.154286 0.091429
3 0.057500 0.227143 0.035000 0.054286
3 0.104286 0.220000 0.038571 0.041905
5 0.135357 0.217143 0.012143 0.034286
3 0.077143 0.260476 0.067143 0.033333
3 0.280357 0.233333 0.069286 0.036190
3 0.268929 0.171429 0.035000 0.032381
3 0.303571 0.167143 0.027143 0.029524
3 0.360714 0.148095 0.021429 0.031429
4 0.401071 0.024762 0.017857 0.022857
3 0.423929 0.025238 0.032143 0.029524
3 0.322500 0.203333 0.056429 0.023810
7 0.406429 0.169048 0.018571 0.033333
7 0.361429 0.223810 0.017143 0.038095
7 0.411786 0.270952 0.013571 0.037143
7 0.383214 0.399048 0.017857 0.049524
7 0.272500 0.445238 0.016429 0.052381
7 0.306429 0.448571 0.020000 0.053333
5 0.433571 0.449048 0.027143 0.052381
7 0.435000 0.443810 0.015714 0.041905
7 0.262857 0.605238 0.022857 0.035238
7 0.368214 0.644286 0.017857 0.056190
7 0.471429 0.589048 0.022857 0.058095
5 0.630000 0.648095 0.054286 0.056190
4 0.382500 0.072381 0.042143 0.047619
3 0.377500 0.132381 0.026429 0.019048
3 0.388929 0.123810 0.046429 0.020952
3 0.388571 0.113810 0.047143 0.016190
3 0.397857 0.101429 0.030000 0.018095
3 0.469643 0.139048 0.023571 0.040000
3 0.466429 0.110000 0.017143 0.018095
3 0.460357 0.094286 0.017857 0.024762
3 0.454643 0.071905 0.016429 0.016190
3 0.449643 0.054286 0.013571 0.024762
3 0.534643 0.100000 0.019286 0.022857
7 0.528571 0.115714 0.007143 0.023810
3 0.522143 0.086667 0.014286 0.022857
3 0.747500 0.120476 0.025000 0.031429
3 0.733929 0.159048 0.027857 0.032381
3 0.622500 0.186190 0.063571 0.035238
3 0.675000 0.204286 0.047143 0.031429
3 0.619286 0.250952 0.084286 0.031429
3 0.511071 0.299048 0.089286 0.040000
3 0.644643 0.302857 0.093571 0.045714
3 0.797143 0.327619 0.118571 0.043810
3 0.932857 0.207143 0.088571 0.037143
7 0.950714 0.103810 0.011429 0.028571
7 0.800714 0.134286 0.008571 0.034286
7 0.823571 0.131429 0.010000 0.032381
7 0.382143 0.200952 0.008571 0.026667
7 0.418214 0.205238 0.010714 0.033333
7 0.488929 0.166667 0.009286 0.034286
7 0.516429 0.173810 0.010000 0.033333
7 0.496071 0.111905 0.005000 0.021905
4 0.490000 0.100952 0.007143 0.015238
3 0.991071 0.059048 0.015000 0.026667
3 0.985714 0.140952 0.025714 0.041905
11 0.690000 0.723810 0.132857 0.120000
11 0.504286 0.928095 0.117143 0.141905
11 0.019643 0.231905 0.037857 0.056190
11 0.161786 0.249048 0.066429 0.042857
11 0.330357 0.150952 0.047857 0.033333
11 0.697143 0.102381 0.032857 0.039048
2 0.643929 0.090000 0.063571 0.071429
7 0.312500 0.606190 0.023571 0.054286
3 0.341071 0.262857 0.067857 0.041905
8 0.625714 0.651429 0.020000 0.059048
