11 0.059643 0.484137 0.036429 0.057107
11 0.103214 0.499365 0.035000 0.054569
11 0.118214 0.512690 0.032143 0.060914
11 0.138214 0.519670 0.033571 0.059645
11 0.067143 0.703680 0.035714 0.039340
11 0.152500 0.771574 0.036429 0.055838
3 0.360000 0.628807 0.024286 0.064721
7 0.352500 0.352157 0.002143 0.013959
7 0.379643 0.324873 0.003571 0.015228
7 0.406786 0.206218 0.003571 0.016497
7 0.430714 0.093909 0.002857 0.012690
11 0.467143 0.076777 0.012857 0.034264
2 0.581786 0.247462 0.032143 0.116751
2 0.658929 0.399112 0.085000 0.072335
2 0.508571 0.413071 0.040000 0.133249
2 0.613571 0.640863 0.040000 0.164975
7 0.615714 0.750000 0.004286 0.012690
7 0.630000 0.753173 0.004286 0.008883
2 0.615714 0.859137 0.108571 0.091371
2 0.623929 0.812183 0.107857 0.096447
2 0.538214 0.517132 0.057857 0.046954
2 0.523214 0.557741 0.059286 0.052030
2 0.533929 0.588198 0.060714 0.049492
2 0.513214 0.634518 0.069286 0.060914
6 0.727857 0.493655 0.028571 0.030457
3 0.728929 0.541878 0.036429 0.035533
3 0.725357 0.574239 0.033571 0.034264
11 0.725000 0.640863 0.038571 0.040609
11 0.866429 0.542513 0.031429 0.034264
11 0.863214 0.567259 0.042143 0.040609
3 0.856429 0.600254 0.038571 0.032995
10 0.853571 0.698604 0.071429 0.059645
7 0.950714 0.746827 0.007143 0.013959
7 0.957500 0.744289 0.007857 0.011421
