0 0.337000 0.528667 0.024000 0.026667
8 0.362000 0.530667 0.008000 0.012000
7 0.368750 0.523333 0.008500 0.017333
8 0.371750 0.540000 0.008500 0.012000
8 0.379750 0.544667 0.007500 0.013333
7 0.256750 0.453000 0.008500 0.016667
7 0.264750 0.448333 0.008500 0.019333
7 0.281000 0.418000 0.006000 0.020000
1 0.251500 0.410333 0.012000 0.014000
1 0.246250 0.412667 0.012500 0.013333
1 0.193750 0.449333 0.013500 0.014667
1 0.181250 0.455667 0.012500 0.016667
1 0.175250 0.459000 0.012500 0.018000
1 0.169750 0.464333 0.013500 0.015333
1 0.164750 0.466667 0.013500 0.016000
1 0.163750 0.485000 0.012500 0.015333
1 0.143500 0.481667 0.010000 0.015333
1 0.130250 0.488333 0.012500 0.018000
1 0.127250 0.492667 0.011500 0.013333
1 0.122750 0.493000 0.015500 0.015333
1 0.130250 0.508333 0.011500 0.016667
1 0.088000 0.531333 0.009000 0.021333
1 0.099750 0.524000 0.013500 0.017333
1 0.111000 0.519333 0.013000 0.016000
1 0.119000 0.516000 0.013000 0.013333
4 0.037750 0.545333 0.075500 0.048000
5 0.316500 0.516333 0.012000 0.022000
1 0.304000 0.511333 0.014000 0.017333
1 0.299750 0.510000 0.012500 0.018667
1 0.328250 0.490000 0.013500 0.018667
1 0.323250 0.488000 0.009500 0.020000
1 0.317000 0.486333 0.011000 0.018000
1 0.311500 0.484667 0.008000 0.018667
1 0.306000 0.480667 0.010000 0.020000
1 0.302000 0.478333 0.010000 0.018000
1 0.297750 0.476667 0.011500 0.017333
1 0.294250 0.474667 0.009500 0.017333
1 0.290500 0.472667 0.009000 0.017333
1 0.289750 0.468333 0.013500 0.016667
4 0.278000 0.461333 0.018000 0.026667
4 0.317250 0.433333 0.020500 0.032000
1 0.294000 0.445667 0.009000 0.019333
1 0.296000 0.448667 0.009000 0.020000
1 0.301500 0.452000 0.011000 0.018667
1 0.305750 0.454667 0.006500 0.018667
1 0.309250 0.457000 0.008500 0.019333
1 0.312250 0.459000 0.007500 0.019333
1 0.317000 0.460667 0.011000 0.018667
1 0.322250 0.464000 0.009500 0.017333
1 0.325250 0.464667 0.009500 0.020000
1 0.331250 0.471333 0.009500 0.017333
1 0.337000 0.473000 0.011000 0.016667
1 0.345250 0.475667 0.011500 0.019333
1 0.293750 0.495333 0.015500 0.017333
1 0.284000 0.498000 0.011000 0.017333
1 0.286000 0.491667 0.012000 0.018000
1 0.280000 0.489333 0.013000 0.017333
1 0.274000 0.485333 0.013000 0.016000
1 0.271500 0.484000 0.010000 0.017333
1 0.267500 0.480333 0.012000 0.018000
1 0.262500 0.479000 0.012000 0.019333
4 0.256500 0.473667 0.011000 0.020667
4 0.255500 0.511333 0.057000 0.066667
7 0.812500 0.524667 0.007000 0.018667
3 0.801250 0.394000 0.035500 0.024000
3 0.964750 0.345000 0.019500 0.026000
3 0.823750 0.269000 0.027500 0.020667
4 0.853250 0.263667 0.023500 0.019333
3 0.859750 0.075333 0.019500 0.010667
3 0.864500 0.072333 0.019000 0.010000
3 0.881250 0.059000 0.019500 0.010000
3 0.894250 0.046667 0.020500 0.010667
