3 0.026071 0.006190 0.007857 0.008571
11 0.085714 0.038571 0.012857 0.014286
1 0.071429 0.037619 0.001429 0.002857
8 0.070357 0.035714 0.002143 0.004762
8 0.120357 0.150952 0.003571 0.006667
8 0.173929 0.265714 0.003571 0.005714
8 0.195357 0.540000 0.007857 0.013333
8 0.108929 0.109524 0.003571 0.003810
7 0.092500 0.038571 0.005000 0.008571
5 0.110000 0.114286 0.002857 0.005714
5 0.121786 0.155238 0.003571 0.007619
0 0.176786 0.270952 0.013571 0.012381
3 0.071071 0.013333 0.010714 0.007619
11 0.103571 0.026667 0.022857 0.011429
11 0.111786 0.033810 0.015000 0.010476
3 0.141429 0.029524 0.015714 0.007619
11 0.086071 0.221905 0.032143 0.074286
3 0.085000 0.020476 0.014286 0.006667
3 0.116071 0.053810 0.010714 0.008571
3 0.105357 0.070000 0.007857 0.010476
3 0.118214 0.069048 0.007857 0.008571
3 0.132143 0.085238 0.010000 0.008571
3 0.147143 0.082381 0.008571 0.010476
11 0.109286 0.086667 0.008571 0.011429
3 0.118571 0.082381 0.015714 0.008571
3 0.218929 0.085714 0.015000 0.005714
11 0.209643 0.082381 0.015000 0.012381
3 0.153214 0.103333 0.019286 0.012381
3 0.251071 0.175714 0.013571 0.016190
3 0.265357 0.174762 0.010714 0.014286
7 0.292143 0.172381 0.004286 0.011429
7 0.289286 0.171905 0.002857 0.008571
11 0.285357 0.238095 0.026429 0.055238
11 0.255000 0.239524 0.025714 0.056190
3 0.238929 0.251429 0.009286 0.017143
3 0.337143 0.267143 0.032857 0.021905
11 0.355357 0.335238 0.030714 0.026667
2 0.156429 0.344286 0.032857 0.086667
6 0.206786 0.357619 0.025000 0.031429
3 0.239286 0.359524 0.038571 0.031429
11 0.313571 0.358095 0.027143 0.022857
11 0.205357 0.324286 0.047857 0.046667
11 0.212857 0.300952 0.048571 0.030476
11 0.256071 0.330952 0.030714 0.029524
11 0.229286 0.333333 0.032857 0.032381
5 0.198929 0.544286 0.009286 0.021905
6 0.244286 0.405714 0.028571 0.036190
3 0.391786 0.676667 0.032143 0.060000
3 0.344286 0.696190 0.035714 0.068571
7 0.350714 0.734762 0.011429 0.023810
3 0.396786 0.524762 0.036429 0.043810
3 0.572143 0.689048 0.060000 0.058095
3 0.526071 0.626190 0.049286 0.050476
11 0.551786 0.652857 0.065000 0.069524
11 0.653214 0.972381 0.075000 0.053333
11 0.410714 0.281429 0.041429 0.046667
3 0.409643 0.310476 0.030714 0.015238
3 0.454643 0.279048 0.025000 0.019048
3 0.491786 0.385714 0.036429 0.036190
3 0.509643 0.430952 0.036429 0.033333
3 0.465357 0.468095 0.037857 0.037143
5 0.608929 0.360952 0.009286 0.017143
5 0.588571 0.385714 0.012857 0.011429
1 0.593214 0.370000 0.006429 0.016190
5 0.740357 0.543333 0.015000 0.020000
5 0.766786 0.610476 0.012143 0.024762
3 0.747500 0.807143 0.067857 0.056190
5 0.816429 0.847619 0.022857 0.040000
3 0.860714 0.963333 0.071429 0.067619
3 0.912857 0.957143 0.085714 0.081905
3 0.948571 0.944286 0.095714 0.107619
3 0.965714 0.934762 0.067143 0.113333
3 0.987143 0.899524 0.024286 0.040952
11 0.817857 0.973810 0.055714 0.048571
5 0.917143 0.713333 0.014286 0.022857
5 0.830000 0.678571 0.014286 0.031429
5 0.898571 0.708095 0.017143 0.025714
