3 0.096786 0.599524 0.059286 0.100000
3 0.107857 0.712857 0.091429 0.128571
3 0.325357 0.860952 0.089286 0.175238
3 0.641071 0.787619 0.113571 0.140952
3 0.703214 0.746190 0.115000 0.132381
3 0.629643 0.472857 0.065000 0.079048
3 0.546071 0.506667 0.067857 0.080000
3 0.460714 0.494286 0.067143 0.080000
3 0.397143 0.525714 0.084286 0.072381
3 0.330000 0.602381 0.075714 0.107619
3 0.211071 0.504762 0.060714 0.100952
3 0.479643 0.939524 0.106429 0.119048
3 0.623929 0.930952 0.125000 0.136190
7 0.856429 0.569524 0.017143 0.051429
8 0.441786 0.656190 0.025000 0.036190
1 0.444643 0.669524 0.040714 0.034286
5 0.085000 0.510000 0.024286 0.033333
8 0.080714 0.509048 0.012857 0.040952
8 0.085000 0.422857 0.014286 0.022857
8 0.055714 0.394286 0.014286 0.020952
8 0.025714 0.381429 0.008571 0.016190
8 0.029286 0.379048 0.011429 0.020952
8 0.017143 0.461429 0.010000 0.018095
8 0.020357 0.455714 0.015000 0.021905
5 0.021429 0.471905 0.018571 0.027619
5 0.089286 0.438571 0.017143 0.027619
5 0.058214 0.406667 0.013571 0.019048
5 0.029643 0.395238 0.016429 0.020952
7 0.007857 0.309524 0.012857 0.032381
7 0.007857 0.223333 0.010000 0.025714
8 0.021429 0.225238 0.008571 0.012381
8 0.021786 0.295238 0.012143 0.015238
8 0.020714 0.325714 0.010000 0.022857
5 0.023929 0.336190 0.010714 0.022857
5 0.022857 0.305714 0.012857 0.019048
1 0.021786 0.232857 0.015000 0.012381
3 0.141786 0.464286 0.047857 0.065714
3 0.179643 0.380952 0.033571 0.051429
3 0.271071 0.290476 0.027857 0.049524
3 0.195714 0.248095 0.034286 0.039048
3 0.246429 0.170000 0.021429 0.021905
3 0.265357 0.154762 0.020714 0.021905
3 0.288929 0.222381 0.027857 0.033333
3 0.325000 0.254762 0.028571 0.033333
3 0.362857 0.320476 0.040000 0.046667
3 0.366071 0.225238 0.029286 0.029524
7 0.381071 0.203333 0.005000 0.018095
1 0.383214 0.206190 0.012143 0.014286
7 0.392857 0.190000 0.007143 0.014286
5 0.394643 0.196190 0.015000 0.015238
7 0.377500 0.158571 0.006429 0.018095
7 0.382857 0.159524 0.004286 0.020000
3 0.404643 0.161429 0.016429 0.023810
3 0.321071 0.196190 0.025000 0.024762
3 0.470714 0.178095 0.040000 0.022857
3 0.098214 0.201905 0.025000 0.028571
3 0.130357 0.231429 0.027857 0.034286
2 0.153571 0.284286 0.074286 0.109524
2 0.267857 0.338571 0.091429 0.126667
8 0.049643 0.241905 0.009286 0.019048
5 0.050357 0.251905 0.017857 0.018095
2 0.163214 0.180952 0.056429 0.062857
3 0.346071 0.393333 0.043571 0.053333
3 0.456429 0.377143 0.051429 0.047619
3 0.510714 0.369048 0.044286 0.052381
3 0.605357 0.373333 0.033571 0.057143
3 0.545714 0.301905 0.035714 0.043810
3 0.565357 0.250476 0.027857 0.034286
3 0.572143 0.206190 0.034286 0.031429
3 0.551071 0.167143 0.039286 0.025714
7 0.608929 0.241429 0.006429 0.021905
3 0.055357 0.126190 0.085000 0.040952
3 0.152857 0.122381 0.067143 0.040952
3 0.446786 0.083810 0.077857 0.043810
3 0.487143 0.140476 0.032857 0.016190
3 0.475000 0.135238 0.024286 0.017143
3 0.533571 0.130000 0.030000 0.021905
3 0.570000 0.127619 0.028571 0.017143
3 0.607500 0.121905 0.027857 0.019048
3 0.643929 0.115714 0.020714 0.014286
3 0.675000 0.112381 0.024286 0.019048
3 0.703214 0.104762 0.022143 0.019048
3 0.731071 0.102857 0.025000 0.015238
3 0.737857 0.185714 0.030000 0.024762
7 0.613571 0.241429 0.005714 0.025714
7 0.660357 0.270952 0.007857 0.020000
7 0.813214 0.363333 0.009286 0.023810
7 0.822500 0.347619 0.009286 0.022857
7 0.866071 0.348095 0.007857 0.023810
8 0.881071 0.353333 0.010714 0.017143
8 0.904643 0.360952 0.012143 0.019048
8 0.916071 0.362857 0.010714 0.022857
8 0.928214 0.365238 0.009286 0.016190
8 0.938929 0.365714 0.009286 0.015238
8 0.953571 0.371905 0.010000 0.018095
3 0.982143 0.333333 0.027143 0.034286
3 0.932857 0.297619 0.041429 0.037143
3 0.889286 0.272857 0.032857 0.029524
3 0.938929 0.247143 0.039286 0.029524
3 0.930714 0.255714 0.051429 0.025714
3 0.953214 0.240476 0.035000 0.025714
3 0.964643 0.236190 0.035000 0.028571
3 0.976071 0.230952 0.029286 0.025714
3 0.983929 0.228571 0.025000 0.022857
3 0.959286 0.214286 0.030000 0.015238
3 0.972857 0.211429 0.024286 0.020952
3 0.980000 0.203333 0.034286 0.021905
3 0.985000 0.191429 0.025714 0.013333
7 0.944643 0.201905 0.005000 0.015238
7 0.960714 0.184286 0.005714 0.018095
3 0.948929 0.170000 0.016429 0.016190
11 0.960000 0.167619 0.027143 0.020952
11 0.964643 0.159048 0.027857 0.022857
3 0.977500 0.155238 0.025000 0.022857
3 0.990357 0.156667 0.017857 0.020000
3 0.994286 0.153333 0.010000 0.015238
3 0.973929 0.120000 0.017857 0.017143
4 0.073929 0.036667 0.082143 0.071429
2 0.344643 0.047619 0.103571 0.053333
