3 0.389643 0.463810 0.043571 0.060952
3 0.415357 0.775714 0.076429 0.120952
3 0.530000 0.304762 0.021429 0.022857
3 0.561071 0.290000 0.017857 0.020000
3 0.575714 0.255714 0.012857 0.016190
3 0.555000 0.250952 0.012857 0.014286
3 0.585000 0.222381 0.008571 0.012381
3 0.571429 0.212857 0.011429 0.010476
3 0.601071 0.194762 0.007857 0.008571
3 0.584643 0.181429 0.007857 0.010476
3 0.125357 0.388095 0.033571 0.033333
3 0.167500 0.380952 0.035000 0.034286
3 0.090000 0.397143 0.030000 0.032381
3 0.044286 0.404286 0.034286 0.039048
3 0.210357 0.445238 0.063571 0.040952
3 0.264286 0.412857 0.044286 0.037143
3 0.325000 0.357619 0.031429 0.033333
3 0.347857 0.331905 0.034286 0.031429
3 0.465357 0.350476 0.030714 0.030476
3 0.373214 0.310000 0.026429 0.023810
3 0.393214 0.296667 0.026429 0.023810
3 0.462857 0.261905 0.018571 0.020952
3 0.502857 0.225238 0.018571 0.018095
3 0.512857 0.213810 0.010000 0.012381
10 0.654643 0.486190 0.033571 0.061905
2 0.840357 0.439524 0.097857 0.101905
3 0.928214 0.447143 0.042143 0.046667
7 0.648571 0.522381 0.011429 0.033333
7 0.128571 0.539524 0.021429 0.042857
3 0.406071 0.284286 0.022143 0.020000
3 0.431071 0.260000 0.016429 0.020952
3 0.482500 0.218571 0.009286 0.010476
3 0.485714 0.213810 0.010000 0.010476
3 0.519286 0.204762 0.008571 0.011429
3 0.522143 0.201429 0.007143 0.010476
3 0.535000 0.188095 0.007143 0.006667
3 0.553571 0.170476 0.005714 0.005714
3 0.555714 0.167619 0.005714 0.005714
4 0.564643 0.158095 0.006429 0.009524
4 0.573929 0.148571 0.009286 0.013333
3 0.551071 0.173333 0.006429 0.007619
3 0.542857 0.180000 0.007143 0.009524
4 0.532500 0.174762 0.007857 0.008571
4 0.503571 0.200952 0.008571 0.009524
3 0.517143 0.192381 0.008571 0.007619
3 0.469286 0.202381 0.012857 0.006667
3 0.475714 0.198571 0.011429 0.006667
3 0.375714 0.251429 0.020000 0.013333
3 0.590000 0.206190 0.010000 0.008571
3 0.598214 0.180000 0.005000 0.005714
3 0.593214 0.162857 0.005000 0.005714
4 0.610000 0.135714 0.012857 0.031429
2 0.603571 0.160000 0.007143 0.009524
3 0.599643 0.167143 0.005000 0.006667
3 0.600357 0.174762 0.006429 0.006667
3 0.589643 0.173810 0.006429 0.008571
3 0.597143 0.189048 0.005714 0.008571
10 0.426786 0.380476 0.056429 0.082857
8 0.630357 0.512857 0.010714 0.018095
3 0.195000 0.365238 0.031429 0.029524
3 0.010357 0.415714 0.020714 0.037143
2 0.297500 0.490952 0.132143 0.164762
