3 0.023571 0.635787 0.030000 0.020305
3 0.062500 0.588832 0.022143 0.017766
3 0.213929 0.680838 0.026429 0.029188
3 0.242500 0.651650 0.017857 0.026650
3 0.206071 0.640228 0.019286 0.024112
3 0.241429 0.884518 0.027143 0.050761
3 0.607857 0.747462 0.022857 0.040609
3 0.745000 0.822335 0.025714 0.048223
3 0.777143 0.799492 0.028571 0.050761
3 0.715357 0.565355 0.017857 0.029188
3 0.660714 0.446066 0.014286 0.024112
3 0.607143 0.369289 0.012857 0.015228
3 0.649286 0.392132 0.011429 0.017766
10 0.160357 0.511421 0.032143 0.038071
10 0.177500 0.608503 0.023571 0.036802
10 0.160357 0.625635 0.040714 0.060914
3 0.226786 0.657360 0.025000 0.035533
3 0.255357 0.638959 0.023571 0.034264
3 0.229286 0.640228 0.020000 0.026650
3 0.222500 0.611675 0.027857 0.032995
3 0.241786 0.604695 0.023571 0.026650
3 0.267857 0.607234 0.024286 0.031726
3 0.271429 0.588198 0.024286 0.016497
3 0.230714 0.581218 0.020000 0.017766
3 0.346786 0.601523 0.027857 0.017766
3 0.357857 0.607234 0.025714 0.019036
3 0.352857 0.631345 0.024286 0.019036
3 0.258214 0.576777 0.019286 0.013959
3 0.263929 0.583122 0.026429 0.024112
3 0.281429 0.868655 0.047143 0.026650
3 0.288929 0.847081 0.037857 0.024112
3 0.292500 0.829949 0.039286 0.027919
3 0.293571 0.812817 0.038571 0.026650
3 0.299643 0.791878 0.036429 0.027919
3 0.288571 0.782995 0.032857 0.022843
3 0.292143 0.766497 0.032857 0.022843
3 0.220357 0.953046 0.029286 0.063452
3 0.030000 0.598350 0.015714 0.019036
3 0.018214 0.607868 0.016429 0.022843
3 0.044643 0.596447 0.017857 0.020305
3 0.026429 0.621827 0.017143 0.020305
3 0.038214 0.614848 0.015000 0.019036
3 0.004286 0.628173 0.008571 0.027919
3 0.005357 0.607868 0.010714 0.027919
2 0.143571 0.289975 0.021429 0.024112
3 0.076071 0.264594 0.007857 0.011421
3 0.045357 0.242386 0.005000 0.007614
10 0.576071 0.869289 0.042143 0.106599
10 0.774286 0.545685 0.031429 0.063452
10 0.723929 0.460660 0.020714 0.032995
10 0.563571 0.313452 0.012857 0.020305
10 0.632143 0.481599 0.018571 0.041878
3 0.637143 0.562817 0.017143 0.031726
3 0.694643 0.444797 0.012143 0.021574
3 0.627143 0.366117 0.011429 0.013959
3 0.614286 0.342640 0.010000 0.012690
3 0.591786 0.373731 0.010714 0.011421
3 0.553571 0.347081 0.010000 0.011421
3 0.537857 0.317259 0.008571 0.010152
3 0.531429 0.292513 0.011429 0.013959
3 0.512500 0.306472 0.007857 0.008883
3 0.452857 0.286168 0.008571 0.008883
3 0.475714 0.276650 0.007143 0.010152
3 0.465357 0.279188 0.006429 0.007614
5 0.523929 0.314086 0.003571 0.008883
5 0.529286 0.328680 0.004286 0.010152
3 0.425000 0.265228 0.007143 0.007614
3 0.402500 0.259518 0.007857 0.006345
3 0.431786 0.261421 0.006429 0.007614
3 0.398929 0.251904 0.007857 0.006345
10 0.493214 0.291878 0.015000 0.017766
2 0.574643 0.343909 0.022143 0.038071
2 0.615714 0.423223 0.020000 0.054569
11 0.327143 0.378173 0.011429 0.015228
11 0.695357 0.578046 0.017857 0.036802
5 0.601071 0.380076 0.003571 0.011421
5 0.404643 0.249365 0.007857 0.008883
3 0.380000 0.251904 0.005714 0.006345
3 0.392143 0.262056 0.007143 0.006345
3 0.350357 0.248096 0.006429 0.006345
3 0.348929 0.243020 0.006429 0.006345
3 0.358214 0.241117 0.007857 0.007614
3 0.313214 0.237944 0.006429 0.006345
10 0.326786 0.235406 0.012143 0.013959
10 0.292500 0.227157 0.010714 0.010152
10 0.272500 0.217005 0.009286 0.010152
11 0.302500 0.229695 0.006429 0.007614
3 0.282500 0.221447 0.005000 0.006345
4 0.272857 0.192893 0.031429 0.032995
4 0.591071 0.162437 0.165000 0.088832
