3 0.290000 0.762690 0.030000 0.076142
3 0.323571 0.519670 0.021429 0.054569
3 0.508571 0.550761 0.020000 0.063452
3 0.366071 0.399746 0.019286 0.050761
11 0.499286 0.375635 0.020000 0.060914
3 0.436071 0.253807 0.016429 0.043147
3 0.377143 0.248096 0.017143 0.036802
3 0.401429 0.212563 0.015714 0.036802
11 0.350000 0.288071 0.020000 0.045685
3 0.380000 0.164340 0.015714 0.034264
3 0.362857 0.114848 0.014286 0.029188
3 0.405000 0.073604 0.012857 0.030457
3 0.383214 0.048223 0.013571 0.027919
10 0.368214 0.017766 0.025000 0.027919
2 0.758214 0.140228 0.053571 0.072335
2 0.787500 0.399112 0.087857 0.077411
2 0.890714 0.386421 0.062857 0.072335
2 0.894643 0.307107 0.086429 0.058376
2 0.931786 0.272843 0.080714 0.076142
2 0.912143 0.248731 0.084286 0.068528
2 0.920714 0.216371 0.078571 0.069797
2 0.906071 0.184645 0.073571 0.057107
2 0.899643 0.156091 0.073571 0.055838
2 0.961071 0.397843 0.075000 0.072335
2 0.964286 0.434010 0.068571 0.068528
2 0.972857 0.486041 0.052857 0.060914
3 0.568214 0.070431 0.025000 0.021574
11 0.593214 0.036168 0.015000 0.029188
11 0.662500 0.059645 0.023571 0.035533
3 0.891429 0.040609 0.017143 0.022843
3 0.906071 0.060914 0.015000 0.025381
3 0.875714 0.019670 0.010000 0.016497
2 0.902500 0.019036 0.032143 0.038071
4 0.941429 0.074873 0.035714 0.058376
