3 0.468929 0.546190 0.003571 0.002857
3 0.466786 0.542381 0.006429 0.002857
3 0.467500 0.540476 0.006429 0.002857
3 0.474643 0.543810 0.002143 0.001905
3 0.474643 0.539048 0.000714 0.001905
3 0.472857 0.533810 0.001429 0.000952
3 0.480000 0.540952 0.001429 0.001905
3 0.482500 0.539524 0.002143 0.002857
3 0.479286 0.537143 0.001429 0.001905
11 0.488214 0.550476 0.003571 0.005714
3 0.487143 0.542857 0.001429 0.001905
3 0.492143 0.557143 0.002857 0.003810
2 0.496071 0.535238 0.002143 0.003810
7 0.397143 0.819524 0.004286 0.025714
7 0.406786 0.815238 0.010714 0.040000
7 0.103929 0.687143 0.003571 0.020000
7 0.111071 0.688095 0.005000 0.018095
7 0.285357 0.614762 0.005000 0.012381
8 0.404643 0.643333 0.003571 0.010476
7 0.388929 0.584286 0.002143 0.008571
7 0.394643 0.580952 0.002143 0.007619
7 0.452500 0.595714 0.002143 0.008571
8 0.521071 0.594762 0.002143 0.004762
0 0.521071 0.599524 0.005000 0.006667
3 0.506429 0.556667 0.008571 0.006667
3 0.511429 0.560476 0.005714 0.006667
3 0.513214 0.566667 0.012143 0.005714
3 0.515714 0.570952 0.012857 0.006667
3 0.527500 0.577619 0.015000 0.006667
3 0.531071 0.588571 0.015000 0.009524
3 0.533929 0.596667 0.009286 0.010476
3 0.563214 0.575714 0.010714 0.004762
3 0.563571 0.624762 0.011429 0.013333
4 0.442500 0.538095 0.036429 0.034286
4 0.474643 0.526190 0.027857 0.014286
3 0.465714 0.562857 0.004286 0.003810
3 0.464643 0.560000 0.003571 0.005714
3 0.463929 0.557143 0.002143 0.005714
3 0.473214 0.562857 0.003571 0.005714
3 0.487500 0.566190 0.003571 0.004762
3 0.491429 0.568095 0.004286 0.004762
3 0.493929 0.563333 0.003571 0.002857
3 0.497500 0.565714 0.005000 0.005714
3 0.492143 0.572381 0.004286 0.005714
3 0.497857 0.577143 0.005714 0.005714
3 0.477857 0.571429 0.005714 0.007619
10 0.464286 0.583810 0.007143 0.009524
3 0.473214 0.590476 0.006429 0.007619
3 0.476071 0.584286 0.006429 0.008571
3 0.458571 0.610000 0.008571 0.010476
3 0.470714 0.607619 0.007143 0.009524
3 0.472143 0.612857 0.008571 0.010476
3 0.468214 0.621429 0.007857 0.010476
3 0.455714 0.624762 0.010000 0.011429
3 0.473214 0.627619 0.010714 0.015238
3 0.457143 0.630476 0.011429 0.015238
3 0.467857 0.638571 0.010000 0.014286
3 0.472143 0.649524 0.011429 0.017143
3 0.468929 0.661429 0.013571 0.018095
3 0.472857 0.676190 0.015714 0.019048
3 0.473571 0.690000 0.017143 0.025714
3 0.484286 0.609524 0.008571 0.009524
3 0.486429 0.616667 0.007143 0.008571
3 0.488929 0.627143 0.007857 0.012381
3 0.492857 0.635238 0.010000 0.015238
10 0.490357 0.639048 0.013571 0.028571
3 0.488214 0.655238 0.012143 0.017143
3 0.495357 0.664762 0.013571 0.022857
3 0.497500 0.679048 0.013571 0.019048
3 0.501786 0.696667 0.019286 0.029524
3 0.519643 0.637619 0.013571 0.012381
3 0.521071 0.652857 0.015000 0.018095
3 0.501071 0.607143 0.006429 0.010476
3 0.512500 0.604762 0.006429 0.007619
3 0.542857 0.672857 0.017143 0.020000
3 0.548571 0.734762 0.025714 0.027619
3 0.504643 0.726667 0.020714 0.030476
3 0.474286 0.720476 0.018571 0.025714
3 0.472857 0.748095 0.024286 0.042857
3 0.510714 0.759524 0.022857 0.037143
3 0.471071 0.785238 0.026429 0.052381
3 0.513214 0.799524 0.025000 0.044762
3 0.316071 0.627619 0.026429 0.011429
7 0.291786 0.606667 0.002143 0.009524
10 0.344643 0.615238 0.037857 0.019048
3 0.352500 0.627619 0.023571 0.011429
3 0.406071 0.625714 0.025000 0.013333
3 0.392143 0.615238 0.021429 0.009524
3 0.400000 0.611429 0.020000 0.009524
3 0.403929 0.608571 0.015000 0.007619
3 0.423929 0.610952 0.020714 0.010476
3 0.435357 0.605714 0.016429 0.007619
3 0.408929 0.606667 0.016429 0.007619
3 0.405714 0.603810 0.015714 0.007619
3 0.415000 0.601905 0.015714 0.007619
3 0.415000 0.599048 0.015714 0.007619
3 0.415000 0.593333 0.015714 0.007619
3 0.417500 0.590476 0.016429 0.007619
3 0.419286 0.588571 0.015714 0.007619
3 0.422500 0.586667 0.016429 0.007619
3 0.425357 0.584762 0.016429 0.007619
3 0.425714 0.580000 0.015714 0.007619
3 0.425714 0.580952 0.015714 0.007619
3 0.425000 0.577143 0.015714 0.007619
3 0.428929 0.575238 0.016429 0.007619
3 0.430357 0.572381 0.016429 0.007619
3 0.433929 0.567619 0.016429 0.007619
3 0.431071 0.568571 0.016429 0.007619
3 0.448571 0.566667 0.015714 0.007619
3 0.448214 0.570476 0.016429 0.007619
3 0.447857 0.574286 0.015714 0.007619
3 0.448571 0.577143 0.015714 0.007619
3 0.445714 0.580000 0.015714 0.007619
3 0.445357 0.583810 0.016429 0.007619
3 0.443929 0.587619 0.016429 0.007619
3 0.442143 0.591429 0.015714 0.007619
3 0.437857 0.595238 0.015714 0.007619
3 0.437500 0.599524 0.017857 0.010476
3 0.387857 0.602857 0.008571 0.007619
3 0.379286 0.597143 0.010000 0.009524
3 0.374286 0.586190 0.014286 0.006667
3 0.378571 0.584762 0.014286 0.007619
11 0.379643 0.579048 0.016429 0.009524
3 0.386071 0.577619 0.012143 0.010476
3 0.389643 0.575238 0.012143 0.007619
3 0.392500 0.574286 0.012143 0.007619
3 0.395000 0.570952 0.011429 0.006667
3 0.397857 0.568095 0.011429 0.006667
3 0.399643 0.565238 0.015000 0.006667
3 0.409643 0.572381 0.006429 0.005714
3 0.403214 0.582381 0.007857 0.008571
3 0.397500 0.589048 0.007857 0.006667
7 0.175714 0.745238 0.007143 0.031429
7 0.164286 0.746667 0.008571 0.028571
7 0.150357 0.747143 0.007857 0.027619
10 0.210000 0.619524 0.041429 0.023810
3 0.136429 0.623333 0.032857 0.012381
3 0.139286 0.631429 0.032857 0.011429
3 0.132500 0.634762 0.033571 0.012381
3 0.115000 0.640000 0.032857 0.011429
3 0.096071 0.642381 0.033571 0.012381
3 0.083571 0.650000 0.032857 0.012381
3 0.067143 0.656190 0.032857 0.013333
3 0.045000 0.662857 0.032857 0.013333
3 0.022857 0.670000 0.035714 0.018095
3 0.015714 0.715238 0.031429 0.026667
3 0.110714 0.698095 0.038571 0.022857
3 0.145714 0.695714 0.038571 0.023810
3 0.171786 0.695714 0.032143 0.023810
3 0.104286 0.739524 0.048571 0.035238
3 0.140714 0.741429 0.045714 0.031429
3 0.197143 0.700000 0.032857 0.024762
3 0.223214 0.699048 0.032143 0.024762
3 0.257143 0.700000 0.031429 0.026667
3 0.288214 0.697619 0.029286 0.025714
3 0.178929 0.738571 0.046429 0.027619
3 0.197857 0.747619 0.040000 0.030476
3 0.230357 0.744286 0.039286 0.029524
3 0.265357 0.771905 0.069286 0.035238
3 0.285000 0.751429 0.060000 0.030476
3 0.315714 0.696667 0.022857 0.020000
3 0.315357 0.719048 0.050714 0.024762
3 0.339286 0.706667 0.047143 0.022857
