3 0.498571 0.621905 0.052857 0.068571
3 0.472500 0.580476 0.046429 0.058095
3 0.443929 0.561905 0.052143 0.053333
3 0.541786 0.553333 0.042143 0.060952
3 0.528929 0.518571 0.045000 0.054286
3 0.587500 0.492857 0.039286 0.048571
3 0.527857 0.462381 0.038571 0.050476
3 0.553929 0.392381 0.035000 0.038095
3 0.571786 0.457619 0.037857 0.040952
3 0.623571 0.442381 0.032857 0.044762
3 0.602500 0.420000 0.030714 0.041905
3 0.802500 0.169524 0.012143 0.015238
3 0.807500 0.149048 0.009286 0.012381
4 0.785714 0.077619 0.030000 0.027619
4 0.823214 0.289524 0.009286 0.022857
3 0.943571 0.210952 0.015714 0.021905
7 0.257500 0.701429 0.017857 0.031429
7 0.247143 0.721905 0.014286 0.038095
1 0.269643 0.614286 0.019286 0.026667
5 0.273571 0.648571 0.021429 0.026667
8 0.271429 0.602857 0.011429 0.024762
8 0.271786 0.638095 0.010714 0.026667
7 0.215357 0.590000 0.013571 0.031429
4 0.165357 0.722381 0.026429 0.040952
3 0.579643 0.229524 0.029286 0.017143
