11 0.341429 0.579949 0.008571 0.027919
11 0.297143 0.621193 0.012857 0.026650
3 0.322500 0.598985 0.007857 0.022843
3 0.333214 0.592005 0.007857 0.021574
3 0.349286 0.576142 0.008571 0.030457
3 0.327500 0.946066 0.013571 0.039340
3 0.317143 0.961929 0.012857 0.038071
3 0.292143 0.975888 0.011429 0.035533
3 0.273571 0.944162 0.008571 0.035533
3 0.280000 0.983503 0.012857 0.027919
11 0.268214 0.987944 0.007857 0.019036
3 0.584286 0.886421 0.014286 0.039340
3 0.570000 0.846447 0.015714 0.032995
3 0.559286 0.855964 0.012857 0.031726
3 0.575357 0.897843 0.016429 0.036802
3 0.598214 0.822970 0.012143 0.034264
3 0.639286 0.786168 0.015714 0.031726
3 0.646071 0.776650 0.015000 0.030457
3 0.666429 0.764594 0.010000 0.024112
3 0.628214 0.798223 0.012143 0.030457
3 0.605357 0.871827 0.015000 0.032995
11 0.552500 0.752538 0.013571 0.035533
11 0.561071 0.746193 0.012143 0.035533
11 0.569286 0.737944 0.012857 0.034264
11 0.587500 0.679569 0.013571 0.026650
3 0.615000 0.698604 0.012857 0.031726
11 0.588214 0.719543 0.012143 0.025381
11 0.607500 0.706218 0.012143 0.031726
11 0.566786 0.692893 0.010714 0.022843
11 0.558571 0.700508 0.008571 0.025381
11 0.578214 0.607868 0.010714 0.027919
3 0.541786 0.635152 0.012143 0.031726
3 0.633929 0.681472 0.013571 0.025381
3 0.611071 0.658629 0.012143 0.030457
3 0.621429 0.653553 0.014286 0.025381
3 0.681071 0.685914 0.016429 0.024112
3 0.693214 0.690355 0.015000 0.025381
3 0.768571 0.465102 0.008571 0.024112
3 0.776786 0.481599 0.007857 0.024112
