11 0.067500 0.843909 0.053571 0.134518
11 0.032500 0.541244 0.036429 0.062183
11 0.111429 0.591371 0.045714 0.096447
11 0.070357 0.477792 0.035000 0.046954
11 0.110714 0.357868 0.035714 0.053299
11 0.421071 0.175127 0.025000 0.055838
11 0.466786 0.071701 0.020714 0.041878
11 0.543929 0.056472 0.017857 0.044416
3 0.095714 0.416878 0.035714 0.052030
3 0.130714 0.643401 0.030000 0.083756
3 0.455714 0.196701 0.022857 0.045685
3 0.384286 0.821701 0.047143 0.125635
5 0.419643 0.388959 0.012143 0.039340
3 0.177500 0.359772 0.025000 0.052030
3 0.168571 0.229695 0.024286 0.035533
3 0.180714 0.201777 0.020000 0.027919
3 0.189643 0.173223 0.023571 0.034264
3 0.200714 0.150381 0.020000 0.026650
3 0.231786 0.079949 0.016429 0.025381
3 0.246071 0.076777 0.016429 0.021574
3 0.242143 0.046954 0.025714 0.022843
3 0.256429 0.027284 0.014286 0.024112
3 0.264643 0.017132 0.015000 0.016497
3 0.593571 0.284264 0.024286 0.063452
3 0.674643 0.546320 0.035000 0.095178
3 0.601786 0.078046 0.019286 0.036802
3 0.591429 0.016497 0.015714 0.032995
7 0.823929 0.366117 0.006429 0.031726
7 0.818571 0.370558 0.005714 0.027919
8 0.798929 0.407995 0.007857 0.026650
8 0.787143 0.401015 0.005714 0.015228
7 0.738571 0.370558 0.007143 0.012690
7 0.738571 0.361041 0.005714 0.013959
7 0.715357 0.282360 0.003571 0.024112
7 0.789286 0.209391 0.005714 0.025381
7 0.746429 0.171320 0.002857 0.022843
7 0.751071 0.170685 0.003571 0.024112
7 0.751786 0.151015 0.003571 0.017766
7 0.747143 0.151015 0.002857 0.020305
7 0.711786 0.258883 0.005000 0.017766
7 0.706786 0.255076 0.002143 0.007614
7 0.705714 0.246827 0.005714 0.016497
7 0.722500 0.225254 0.003571 0.008883
7 0.712143 0.213832 0.002857 0.021574
7 0.717500 0.207487 0.003571 0.021574
7 0.707500 0.212563 0.003571 0.016497
7 0.697143 0.215736 0.004286 0.025381
7 0.711429 0.194797 0.004286 0.016497
7 0.742500 0.131345 0.003571 0.019036
7 0.751429 0.103426 0.002857 0.019036
7 0.747857 0.104061 0.002857 0.020305
7 0.742857 0.098985 0.004286 0.015228
7 0.744643 0.068528 0.003571 0.017766
7 0.732500 0.036802 0.005000 0.017766
7 0.717143 0.039340 0.002857 0.017766
7 0.713571 0.039340 0.001429 0.017766
7 0.728571 0.019036 0.002857 0.015228
7 0.731429 0.026650 0.004286 0.012690
7 0.698571 0.006980 0.004286 0.011421
7 0.661786 0.013325 0.003571 0.008883
7 0.659286 0.013959 0.002857 0.005076
7 0.640357 0.018401 0.002143 0.006345
7 0.642500 0.018401 0.002143 0.006345
7 0.643929 0.018401 0.003571 0.006345
8 0.419286 0.382614 0.008571 0.026650
7 0.936786 0.756345 0.012143 0.032995
7 0.930357 0.747462 0.009286 0.032995
4 0.697857 0.171954 0.011429 0.026650
