4 0.094286 0.036802 0.004286 0.007614
4 0.105000 0.036168 0.001429 0.006345
4 0.090000 0.046954 0.002857 0.007614
4 0.094643 0.060279 0.005000 0.008883
4 0.100357 0.049492 0.003571 0.005076
7 0.216071 0.160533 0.003571 0.008883
7 0.182500 0.205584 0.003571 0.010152
4 0.186786 0.262056 0.005000 0.013959
7 0.262143 0.228426 0.004286 0.010152
7 0.268571 0.220178 0.002857 0.008883
7 0.265357 0.199239 0.002143 0.010152
7 0.276429 0.234772 0.002857 0.010152
7 0.276071 0.220812 0.003571 0.010152
7 0.271786 0.203046 0.002143 0.010152
7 0.284286 0.209391 0.001429 0.007614
7 0.287857 0.216371 0.002857 0.011421
5 0.206786 0.335660 0.006429 0.011421
5 0.217857 0.348985 0.007143 0.010152
5 0.244643 0.372462 0.006429 0.008883
7 0.462857 0.121827 0.001429 0.007614
7 0.467143 0.109137 0.001429 0.007614
7 0.458929 0.171320 0.002143 0.010152
7 0.455714 0.180838 0.001429 0.008883
7 0.456071 0.177665 0.002143 0.010152
2 0.476071 0.107868 0.013571 0.032995
2 0.505000 0.095812 0.017143 0.039340
2 0.514643 0.102792 0.013571 0.038071
7 0.522857 0.095812 0.001429 0.008883
7 0.496786 0.152919 0.000714 0.008883
2 0.525357 0.017766 0.010714 0.035533
2 0.535714 0.019036 0.011429 0.035533
2 0.565714 0.022843 0.037143 0.045685
2 0.565357 0.034264 0.026429 0.040609
2 0.556786 0.041244 0.035000 0.044416
2 0.556786 0.053299 0.035000 0.043147
2 0.558929 0.068528 0.033571 0.045685
2 0.550714 0.074873 0.038571 0.040609
2 0.560357 0.098350 0.022143 0.029188
2 0.553929 0.106599 0.026429 0.035533
2 0.548571 0.117386 0.038571 0.046954
2 0.545000 0.128807 0.038571 0.044416
2 0.546429 0.143401 0.035714 0.043147
2 0.650000 0.059645 0.021429 0.065990
3 0.610000 0.012056 0.008571 0.016497
3 0.613214 0.039975 0.009286 0.019036
11 0.629643 0.092640 0.009286 0.020305
11 0.661786 0.159264 0.010714 0.024112
3 0.616786 0.193528 0.017857 0.013959
3 0.827857 0.173223 0.017143 0.019036
3 0.687500 0.198604 0.012143 0.024112
3 0.670714 0.236041 0.012857 0.025381
3 0.726429 0.327411 0.014286 0.030457
3 0.705714 0.361675 0.014286 0.027919
3 0.795357 0.461929 0.020714 0.017766
2 0.780714 0.495558 0.040000 0.110406
11 0.948929 0.443528 0.025000 0.021574
7 0.974286 0.297589 0.004286 0.008883
4 0.982500 0.300761 0.003571 0.007614
4 0.990000 0.301396 0.004286 0.011421
4 0.945000 0.288706 0.002857 0.011421
4 0.931429 0.282995 0.004286 0.005076
3 0.923571 0.242386 0.020000 0.015228
11 0.908571 0.210025 0.018571 0.019036
7 0.922143 0.806472 0.004286 0.011421
11 0.858214 0.786168 0.022143 0.054569
2 0.710000 0.501904 0.042857 0.036802
11 0.666071 0.520305 0.023571 0.022843
11 0.550357 0.419416 0.020714 0.021574
3 0.626071 0.532995 0.023571 0.020305
3 0.452143 0.493655 0.020000 0.022843
11 0.385357 0.559645 0.022143 0.027919
2 0.495714 0.626904 0.058571 0.065990
3 0.449643 0.714467 0.025000 0.030457
11 0.506071 0.666878 0.023571 0.029188
11 0.388929 0.718909 0.025000 0.031726
11 0.259286 0.708122 0.022857 0.027919
3 0.276786 0.844543 0.026429 0.034264
3 0.496071 0.979695 0.026429 0.020305
6 0.490357 0.933376 0.016429 0.036802
11 0.455357 0.951142 0.015000 0.046954
10 0.303214 0.909264 0.042143 0.049492
3 0.226071 0.902284 0.029286 0.035533
3 0.160357 0.989213 0.027857 0.016497
3 0.094643 0.986041 0.026429 0.022843
11 0.150357 0.800761 0.025000 0.030457
10 0.041071 0.956218 0.063571 0.062183
7 0.227857 0.456218 0.002857 0.011421
2 0.193214 0.548858 0.052143 0.059645
3 0.221429 0.505711 0.022857 0.024112
3 0.255357 0.478426 0.020714 0.025381
3 0.283214 0.449873 0.017857 0.024112
3 0.309286 0.420685 0.020000 0.021574
3 0.363214 0.362310 0.016429 0.021574
3 0.386429 0.329949 0.017143 0.022843
11 0.338929 0.390228 0.020714 0.026650
2 0.413929 0.284264 0.035000 0.063452
3 0.730714 0.708122 0.024286 0.022843
