5 0.424286 0.330000 0.028571 0.021905
11 0.574643 0.035238 0.032143 0.070476
5 0.612143 0.042381 0.021429 0.014286
5 0.612500 0.054762 0.023571 0.014286
0 0.609286 0.080952 0.032857 0.022857
3 0.616071 0.123810 0.026429 0.066667
7 0.652143 0.098571 0.005714 0.025714
7 0.627857 0.280952 0.008571 0.019048
7 0.448571 0.670476 0.007143 0.013333
7 0.460714 0.661905 0.011429 0.011429
7 0.139643 0.782857 0.015000 0.011429
7 0.058214 0.798571 0.012143 0.014286
7 0.607857 0.754286 0.011429 0.013333
5 0.583571 0.144286 0.020000 0.020000
5 0.588929 0.160952 0.020714 0.017143
5 0.606071 0.282381 0.019286 0.014286
5 0.599643 0.290476 0.022143 0.028571
5 0.572500 0.285714 0.019286 0.022857
5 0.569643 0.316190 0.025000 0.022857
5 0.575000 0.338095 0.017143 0.013333
5 0.571071 0.359524 0.020714 0.014286
5 0.605000 0.401905 0.021429 0.022857
5 0.598571 0.421429 0.024286 0.020000
5 0.596786 0.441429 0.016429 0.025714
5 0.990000 0.779524 0.018571 0.018095
5 0.937500 0.774286 0.016429 0.041905
5 0.921071 0.772857 0.016429 0.037143
5 0.890357 0.772381 0.013571 0.032381
5 0.876429 0.774286 0.014286 0.043810
5 0.865357 0.775714 0.012143 0.040952
5 0.853571 0.775714 0.014286 0.039048
5 0.840714 0.779048 0.015714 0.040000
5 0.759286 0.782381 0.014286 0.035238
5 0.746071 0.783810 0.013571 0.034286
5 0.718571 0.783810 0.014286 0.038095
5 0.706071 0.786667 0.012143 0.043810
5 0.693214 0.785714 0.015000 0.043810
5 0.659643 0.788095 0.020714 0.035238
5 0.630357 0.792857 0.019286 0.033333
5 0.611071 0.793810 0.012143 0.037143
5 0.568214 0.796667 0.012143 0.037143
5 0.552143 0.798095 0.012857 0.036190
5 0.513571 0.799048 0.010000 0.040000
5 0.470714 0.803810 0.011429 0.038095
5 0.454643 0.805238 0.010714 0.035238
5 0.443214 0.806667 0.012143 0.038095
5 0.423571 0.803333 0.008571 0.040952
5 0.414286 0.805714 0.010000 0.041905
5 0.387857 0.808571 0.008571 0.040000
5 0.371429 0.813333 0.011429 0.036190
5 0.360357 0.810000 0.012143 0.039048
5 0.347143 0.812857 0.012857 0.037143
5 0.331786 0.811429 0.009286 0.041905
5 0.304643 0.815714 0.012143 0.037143
5 0.287857 0.816667 0.012857 0.040952
5 0.274286 0.817619 0.010000 0.039048
5 0.260357 0.818571 0.012143 0.040952
5 0.244643 0.818571 0.010714 0.040952
5 0.233571 0.818095 0.010000 0.036190
5 0.214643 0.822381 0.010714 0.039048
5 0.196429 0.819048 0.011429 0.043810
5 0.122857 0.824762 0.011429 0.041905
5 0.088929 0.831905 0.013571 0.039048
8 0.023929 0.841905 0.007857 0.009524
8 0.029286 0.834286 0.018571 0.015238
5 0.027500 0.836667 0.013571 0.033333
5 0.075000 0.531429 0.025714 0.019048
3 0.247143 0.642857 0.072857 0.040000
11 0.327500 0.639048 0.062143 0.038095
3 0.412857 0.638095 0.068571 0.040000
11 0.735000 0.627619 0.068571 0.045714
3 0.809643 0.617619 0.070714 0.040952
3 0.886071 0.612381 0.065000 0.040000
3 0.970000 0.605238 0.058571 0.039048
3 0.555000 0.451905 0.022857 0.080952
11 0.585357 0.220952 0.049286 0.078095
3 0.623571 0.200000 0.027143 0.072381
3 0.577143 0.107143 0.037143 0.054286
