3 0.157500 0.429524 0.026429 0.017143
3 0.208929 0.402857 0.030714 0.017143
3 0.320000 0.426667 0.027143 0.017143
3 0.006429 0.393333 0.012857 0.015238
3 0.005714 0.414762 0.011429 0.016190
3 0.005357 0.434286 0.010714 0.015238
3 0.348571 0.484762 0.025714 0.015238
3 0.349286 0.404762 0.025714 0.015238
3 0.398929 0.486190 0.026429 0.014286
3 0.427143 0.401429 0.030000 0.020000
3 0.555000 0.139048 0.012857 0.032381
3 0.572857 0.147619 0.012857 0.034286
3 0.577857 0.408571 0.020000 0.032381
3 0.600357 0.417143 0.013571 0.038095
3 0.613929 0.399524 0.015000 0.035238
3 0.657857 0.365238 0.012857 0.033333
3 0.678929 0.362857 0.016429 0.038095
3 0.697143 0.354286 0.014286 0.036190
11 0.712143 0.347619 0.015714 0.036190
6 0.726786 0.330952 0.020714 0.050476
3 0.744643 0.341429 0.012143 0.035238
3 0.756429 0.326190 0.014286 0.035238
11 0.756429 0.258095 0.020000 0.028571
3 0.742857 0.220952 0.015714 0.036190
3 0.730714 0.177619 0.018571 0.033333
10 0.721786 0.132381 0.015000 0.038095
11 0.723929 0.008095 0.016429 0.016190
3 0.820357 0.291905 0.020714 0.021905
3 0.823571 0.309048 0.025714 0.021905
3 0.811786 0.331905 0.020714 0.018095
3 0.830357 0.338571 0.020714 0.031429
3 0.851071 0.343810 0.023571 0.024762
10 0.665714 0.461429 0.034286 0.023810
3 0.689286 0.450476 0.014286 0.036190
3 0.703571 0.443333 0.017143 0.035238
3 0.717500 0.442857 0.010714 0.026667
10 0.750714 0.440000 0.035714 0.026667
3 0.742500 0.420476 0.025000 0.020000
3 0.793214 0.503810 0.010714 0.034286
3 0.856786 0.403333 0.023571 0.021905
3 0.863214 0.420000 0.025000 0.020952
3 0.873571 0.456190 0.027143 0.020952
3 0.796071 0.546190 0.012143 0.031429
10 0.811429 0.644286 0.017143 0.042857
3 0.816071 0.696667 0.012143 0.037143
11 0.820714 0.744286 0.015714 0.035238
3 0.858571 0.710476 0.027143 0.020952
3 0.907143 0.740476 0.025714 0.023810
10 0.836071 0.863810 0.023571 0.051429
10 0.885000 0.860476 0.028571 0.027619
10 0.892500 0.903810 0.029286 0.020952
11 0.893929 0.925714 0.020714 0.019048
11 0.901429 0.947143 0.027143 0.023810
3 0.903214 0.970000 0.027857 0.018095
3 0.904643 0.990000 0.027857 0.018095
3 0.822857 0.188095 0.025714 0.023810
3 0.827500 0.213333 0.022143 0.022857
3 0.821071 0.161429 0.020714 0.018095
3 0.647500 0.519524 0.013571 0.039048
3 0.649643 0.562381 0.010714 0.031429
3 0.621429 0.666667 0.014286 0.038095
3 0.603214 0.680952 0.012143 0.032381
3 0.629286 0.717619 0.012857 0.037143
11 0.652857 0.724286 0.015714 0.044762
11 0.649643 0.778571 0.012143 0.035238
3 0.636786 0.796190 0.012143 0.034286
3 0.647857 0.918571 0.012857 0.037143
5 0.614286 0.332857 0.008571 0.016190
5 0.642857 0.353810 0.008571 0.014286
5 0.673214 0.398571 0.012143 0.006667
5 0.624643 0.373810 0.007857 0.016190
5 0.582143 0.279524 0.007143 0.012381
5 0.584286 0.221905 0.004286 0.013333
5 0.512857 0.401429 0.008571 0.012381
5 0.480357 0.400476 0.007857 0.014286
5 0.464286 0.437619 0.010000 0.008571
5 0.346429 0.459524 0.015714 0.012381
5 0.642500 0.853333 0.007857 0.020952
5 0.655000 0.825238 0.005714 0.016190
7 0.824286 0.801429 0.008571 0.008571
7 0.947857 0.701905 0.008571 0.009524
7 0.732857 0.153333 0.005714 0.009524
3 0.849643 0.536667 0.030714 0.023810
4 0.954643 0.763333 0.046429 0.056190
