3 0.238214 0.550952 0.160714 0.094286
3 0.919286 0.918571 0.160000 0.155238
3 0.887500 0.710952 0.109286 0.221905
7 0.126071 0.304286 0.020714 0.044762
7 0.121071 0.417619 0.029286 0.050476
7 0.197143 0.329524 0.020000 0.045714
7 0.216071 0.327619 0.017857 0.045714
8 0.191071 0.310952 0.010714 0.021905
11 0.273571 0.339048 0.082857 0.110476
3 0.361786 0.356667 0.073571 0.096190
0 0.432143 0.414286 0.067143 0.047619
8 0.400357 0.465714 0.020714 0.034286
11 0.540000 0.360952 0.102857 0.087619
11 0.956429 0.480000 0.074286 0.131429
3 0.823214 0.390952 0.065000 0.098095
3 0.856786 0.526190 0.087857 0.136190
3 0.914643 0.362381 0.070714 0.105714
3 0.891071 0.243333 0.042143 0.080952
3 0.801429 0.293810 0.052857 0.075238
11 0.792500 0.228095 0.045000 0.061905
3 0.735357 0.181905 0.049286 0.053333
3 0.783214 0.171905 0.037857 0.052381
8 0.728214 0.170476 0.012143 0.019048
3 0.776786 0.123810 0.032143 0.041905
5 0.978214 0.140476 0.027857 0.033333
5 0.967857 0.126190 0.027143 0.029524
5 0.964643 0.097619 0.019286 0.020000
5 0.925357 0.043333 0.015000 0.020000
7 0.923929 0.076667 0.013571 0.033333
7 0.905357 0.072857 0.012143 0.033333
3 0.729643 0.089524 0.030714 0.041905
11 0.765714 0.076190 0.031429 0.045714
11 0.761071 0.019524 0.025000 0.037143
3 0.762143 0.049048 0.027143 0.035238
3 0.624286 0.107143 0.034286 0.046667
3 0.547500 0.271429 0.049286 0.078095
11 0.566071 0.186667 0.035000 0.076190
5 0.322857 0.202381 0.025714 0.039048
1 0.350357 0.169048 0.013571 0.029524
5 0.427143 0.100952 0.008571 0.024762
7 0.452143 0.072857 0.011429 0.031429
7 0.470714 0.067619 0.008571 0.036190
7 0.464643 0.064762 0.007857 0.032381
3 0.478214 0.117143 0.037857 0.057143
3 0.507857 0.068571 0.031429 0.036190
11 0.584643 0.138095 0.033571 0.047619
11 0.592500 0.095238 0.032143 0.038095
3 0.603214 0.061429 0.027857 0.040952
3 0.610357 0.035714 0.026429 0.037143
3 0.618929 0.012381 0.022143 0.022857
