7 0.652500 0.885787 0.010714 0.012690
7 0.672500 0.855330 0.007857 0.020305
7 0.619643 0.864848 0.010714 0.016497
7 0.687500 0.890863 0.009286 0.015228
3 0.575000 0.847716 0.037143 0.043147
3 0.562500 0.803299 0.032143 0.038071
3 0.510000 0.836929 0.037143 0.046954
10 0.512500 0.889594 0.042143 0.048223
11 0.451429 0.928299 0.042857 0.049492
10 0.428571 0.884518 0.094286 0.088832
3 0.393214 0.959391 0.042143 0.045685
3 0.325714 0.948604 0.044286 0.049492
3 0.272143 0.982868 0.044286 0.029188
2 0.748214 0.277919 0.046429 0.091371
