3 0.253214 0.973985 0.033571 0.046954
2 0.886071 0.794416 0.085000 0.299492
11 0.522143 0.895939 0.030000 0.119289
11 0.381429 0.557107 0.025714 0.063452
11 0.175357 0.804569 0.037857 0.083756
11 0.144286 0.528553 0.034286 0.054569
11 0.299643 0.479061 0.025000 0.057107
3 0.291786 0.326777 0.055000 0.039340
3 0.747857 0.350888 0.054286 0.044416
3 0.856071 0.322970 0.056429 0.041878
11 0.863571 0.288071 0.050000 0.035533
3 0.495714 0.329315 0.051429 0.039340
3 0.332500 0.262690 0.049286 0.038071
11 0.983929 0.206853 0.027857 0.055838
7 0.886786 0.461929 0.006429 0.022843
11 0.080000 0.256980 0.050000 0.034264
10 0.354286 0.123731 0.034286 0.052030
11 0.501429 0.099619 0.015714 0.029188
11 0.536429 0.091371 0.015714 0.035533
2 0.320714 0.032995 0.051429 0.065990
11 0.429286 0.012690 0.020000 0.025381
11 0.503571 0.246193 0.017143 0.040609
7 0.711786 0.010787 0.003571 0.016497
7 0.713929 0.010152 0.002143 0.015228
7 0.721429 0.018401 0.002857 0.019036
7 0.720000 0.008249 0.001429 0.013959
3 0.675714 0.190990 0.014286 0.036802
2 0.686071 0.246193 0.032143 0.091371
2 0.085357 0.088198 0.105000 0.097716
