3 0.539643 0.907995 0.029286 0.077411
3 0.420714 0.510152 0.028571 0.045685
3 0.447500 0.420051 0.023571 0.032995
3 0.492143 0.332487 0.017143 0.025381
3 0.653571 0.503173 0.018571 0.034264
3 0.613214 0.287437 0.009286 0.019036
3 0.583214 0.339467 0.012143 0.029188
3 0.586786 0.286802 0.010714 0.015228
3 0.541786 0.240482 0.012143 0.019036
3 0.578929 0.198604 0.009286 0.016497
3 0.562143 0.196066 0.010000 0.021574
3 0.583571 0.145939 0.010000 0.017766
3 0.615714 0.410533 0.011429 0.026650
3 0.571071 0.126904 0.007857 0.010152
3 0.590714 0.119289 0.005714 0.012690
3 0.565714 0.106599 0.007143 0.012690
3 0.596071 0.100888 0.006429 0.011421
3 0.570714 0.092005 0.005714 0.008883
3 0.597857 0.083756 0.007143 0.017766
3 0.583929 0.054569 0.006429 0.010152
3 0.607500 0.047589 0.005000 0.008883
3 0.592500 0.054569 0.005000 0.010152
3 0.598571 0.036168 0.005714 0.008883
3 0.622143 0.027284 0.004286 0.006345
3 0.638929 0.032995 0.005000 0.007614
3 0.657143 0.025381 0.005714 0.005076
3 0.645357 0.026015 0.006429 0.008883
3 0.691429 0.016497 0.007143 0.007614
3 0.685000 0.014594 0.007143 0.008883
3 0.703929 0.276650 0.012143 0.015228
10 0.558929 0.236675 0.019286 0.039340
2 0.573929 0.461294 0.017857 0.087563
2 0.604643 0.109772 0.009286 0.036802
2 0.607500 0.220178 0.009286 0.029188
10 0.588929 0.241117 0.009286 0.032995
3 0.603214 0.197970 0.007857 0.015228
7 0.893929 0.644036 0.006429 0.021574
7 0.804643 0.639594 0.007857 0.022843
7 0.903929 0.633883 0.009286 0.024112
10 0.185714 0.832487 0.091429 0.172589
10 0.216786 0.894036 0.106429 0.206853
3 0.188929 0.277919 0.022143 0.017766
5 0.364286 0.441624 0.010000 0.025381
8 0.364286 0.436548 0.005714 0.015228
10 0.083929 0.307741 0.037857 0.026650
3 0.150000 0.277284 0.017143 0.013959
11 0.612500 0.055838 0.006429 0.012690
3 0.021071 0.251269 0.013571 0.010152
11 0.009286 0.253807 0.018571 0.012690
11 0.004643 0.257614 0.009286 0.012690
3 0.032143 0.246193 0.010000 0.010152
3 0.037857 0.242386 0.017143 0.010152
3 0.045357 0.237310 0.016429 0.010152
3 0.092857 0.217640 0.012857 0.011421
3 0.099643 0.215736 0.012143 0.010152
3 0.105357 0.212563 0.013571 0.011421
3 0.113214 0.206853 0.013571 0.010152
3 0.119286 0.205584 0.011429 0.010152
3 0.122500 0.201142 0.010714 0.011421
3 0.130000 0.198604 0.010000 0.011421
11 0.072500 0.210660 0.012143 0.010152
11 0.055714 0.233503 0.017143 0.012690
11 0.066071 0.225888 0.016429 0.012690
11 0.080000 0.220812 0.015714 0.012690
11 0.075357 0.205584 0.015000 0.012690
3 0.133214 0.194797 0.009286 0.011421
11 0.141429 0.190355 0.011429 0.010152
10 0.060000 0.212563 0.015714 0.011421
10 0.574286 0.074873 0.008571 0.015228
4 0.675000 0.048223 0.038571 0.035533
2 0.526071 0.144670 0.009286 0.015228
