1 0.040357 0.303810 0.013571 0.011429
1 0.085714 0.307143 0.008571 0.006667
7 0.165714 0.356190 0.005714 0.013333
7 0.171786 0.352381 0.007857 0.022857
7 0.205714 0.369048 0.010000 0.021905
7 0.219286 0.366667 0.008571 0.024762
7 0.223929 0.544762 0.013571 0.032381
7 0.513929 0.604286 0.010714 0.040952
7 0.525714 0.602857 0.018571 0.041905
7 0.554286 0.631905 0.012857 0.042857
7 0.560714 0.626190 0.010000 0.042857
7 0.870357 0.823333 0.023571 0.060000
7 0.955714 0.796190 0.035714 0.066667
8 0.986786 0.761905 0.023571 0.047619
7 0.751071 0.934286 0.020714 0.059048
7 0.752143 0.929524 0.020000 0.041905
7 0.975714 0.555714 0.021429 0.040952
7 0.911429 0.526667 0.017143 0.036190
2 0.921786 0.501905 0.153571 0.108571
11 0.971429 0.420952 0.054286 0.036190
11 0.966786 0.409048 0.053571 0.033333
11 0.924286 0.429048 0.052857 0.027619
3 0.960714 0.385714 0.047143 0.024762
11 0.897500 0.394762 0.055000 0.031429
3 0.887500 0.406667 0.046429 0.026667
3 0.851429 0.414286 0.041429 0.030476
3 0.909286 0.421905 0.058571 0.028571
3 0.894643 0.394286 0.050714 0.030476
3 0.847857 0.397619 0.038571 0.021905
3 0.834643 0.383810 0.039286 0.022857
3 0.943571 0.362857 0.021429 0.026667
7 0.992500 0.379048 0.005000 0.022857
7 0.995357 0.378095 0.006429 0.022857
7 0.923214 0.363333 0.006429 0.020000
7 0.930357 0.362381 0.006429 0.018095
7 0.893571 0.367143 0.005714 0.018095
7 0.892143 0.363810 0.008571 0.019048
3 0.896786 0.352857 0.022143 0.021905
3 0.871429 0.353333 0.024286 0.024762
3 0.847857 0.348095 0.021429 0.021905
3 0.821429 0.345238 0.024286 0.025714
3 0.796429 0.346190 0.025714 0.029524
3 0.782143 0.335714 0.025714 0.031429
8 0.853929 0.371905 0.007857 0.012381
8 0.867857 0.377619 0.007143 0.020000
5 0.868929 0.383333 0.016429 0.012381
5 0.853929 0.377143 0.013571 0.011429
2 0.781429 0.356190 0.108571 0.051429
10 0.779286 0.374286 0.058571 0.032381
10 0.756786 0.381905 0.047857 0.028571
11 0.708571 0.372381 0.051429 0.030476
3 0.705357 0.385714 0.045000 0.028571
3 0.648929 0.374286 0.039286 0.022857
3 0.658571 0.363333 0.038571 0.018095
3 0.665357 0.351429 0.032143 0.020952
10 0.698929 0.352857 0.059286 0.031429
10 0.689286 0.328571 0.030000 0.015238
3 0.619286 0.350000 0.040000 0.020000
2 0.725714 0.435714 0.167143 0.098095
7 0.643214 0.460000 0.012143 0.034286
3 0.639643 0.312857 0.025000 0.016190
7 0.642857 0.320000 0.005714 0.017143
3 0.661786 0.295238 0.022143 0.011429
3 0.633214 0.300952 0.023571 0.015238
3 0.630714 0.296190 0.021429 0.017143
10 0.685357 0.309048 0.036429 0.023810
4 0.714286 0.300000 0.015714 0.024762
4 0.773929 0.269524 0.025000 0.020952
10 0.656786 0.280000 0.033571 0.020952
10 0.686429 0.274286 0.030000 0.022857
10 0.704286 0.266667 0.031429 0.022857
11 0.723929 0.270476 0.013571 0.013333
4 0.706429 0.284762 0.055714 0.017143
7 0.495357 0.504762 0.007857 0.034286
7 0.550000 0.450952 0.008571 0.033333
7 0.412500 0.448095 0.009286 0.027619
7 0.558214 0.420000 0.006429 0.022857
8 0.549643 0.415714 0.006429 0.021905
8 0.543929 0.413333 0.006429 0.019048
5 0.548214 0.420000 0.016429 0.017143
3 0.579286 0.299524 0.024286 0.014286
4 0.596071 0.290952 0.016429 0.008571
3 0.615714 0.287143 0.018571 0.012381
7 0.570357 0.316667 0.005000 0.016190
7 0.568214 0.315238 0.003571 0.015238
7 0.566429 0.315714 0.002857 0.010476
8 0.559643 0.306190 0.003571 0.008571
5 0.560000 0.309524 0.008571 0.007619
3 0.553929 0.316190 0.026429 0.015238
3 0.542500 0.303810 0.027857 0.013333
3 0.513571 0.309048 0.025714 0.014286
3 0.499643 0.305238 0.025000 0.012381
4 0.628214 0.280000 0.010714 0.009524
11 0.613929 0.274286 0.013571 0.013333
3 0.605000 0.276190 0.015714 0.013333
3 0.595000 0.279048 0.015714 0.013333
3 0.615357 0.287143 0.016429 0.012381
3 0.587500 0.281905 0.012143 0.013333
3 0.575357 0.280952 0.017857 0.017143
3 0.565357 0.282381 0.017857 0.016190
3 0.555000 0.283810 0.018571 0.017143
3 0.551071 0.288095 0.015000 0.016190
4 0.515714 0.286667 0.050000 0.019048
11 0.446429 0.279524 0.021429 0.023810
3 0.453214 0.285714 0.012143 0.017143
3 0.468929 0.284762 0.017857 0.019048
3 0.449643 0.311905 0.026429 0.012381
11 0.429286 0.320952 0.030000 0.020952
3 0.415714 0.308571 0.022857 0.015238
3 0.425714 0.307143 0.021429 0.018095
10 0.447143 0.297619 0.085714 0.050476
7 0.408929 0.386190 0.006429 0.020000
7 0.439286 0.385714 0.007143 0.024762
8 0.428571 0.378095 0.005714 0.015238
5 0.428214 0.382381 0.013571 0.014286
2 0.428571 0.355714 0.092857 0.061905
8 0.374643 0.378571 0.007857 0.020000
5 0.375714 0.383810 0.015714 0.015238
7 0.344286 0.441429 0.010000 0.029524
3 0.330357 0.284286 0.015000 0.014286
3 0.321071 0.281429 0.013571 0.012381
11 0.336429 0.265714 0.021429 0.017143
11 0.330000 0.263333 0.022857 0.014286
4 0.359286 0.268095 0.014286 0.012381
3 0.287500 0.280952 0.015000 0.013333
3 0.299643 0.277619 0.015000 0.012381
3 0.278571 0.273333 0.017143 0.011429
4 0.308929 0.260476 0.013571 0.012381
4 0.256071 0.265238 0.023571 0.014286
3 0.219286 0.259524 0.014286 0.008571
3 0.228214 0.259524 0.013571 0.012381
3 0.194286 0.264762 0.012857 0.011429
3 0.178571 0.269048 0.014286 0.014286
3 0.137143 0.275714 0.017143 0.014286
3 0.162143 0.276667 0.020000 0.014286
3 0.130714 0.257143 0.011429 0.011429
3 0.112857 0.258571 0.012857 0.012381
3 0.107500 0.253333 0.012143 0.011429
3 0.106429 0.241905 0.014286 0.009524
10 0.132143 0.244762 0.017143 0.015238
3 0.127143 0.235714 0.010000 0.006667
3 0.148214 0.245714 0.010714 0.009524
3 0.146429 0.240476 0.010000 0.008571
3 0.165357 0.245238 0.010714 0.008571
3 0.170714 0.237619 0.010000 0.008571
11 0.157500 0.233333 0.009286 0.009524
3 0.147143 0.230952 0.010000 0.008571
3 0.140714 0.229048 0.007143 0.006667
3 0.136786 0.233333 0.007857 0.007619
3 0.109286 0.226190 0.007143 0.006667
3 0.105714 0.222857 0.007143 0.007619
3 0.091786 0.220476 0.007857 0.006667
3 0.085000 0.217619 0.007143 0.008571
4 0.126071 0.219524 0.025000 0.016190
4 0.168214 0.225238 0.017857 0.010476
4 0.201071 0.241905 0.047857 0.024762
4 0.042857 0.223333 0.014286 0.018095
5 0.031786 0.319048 0.007857 0.009524
1 0.108929 0.359048 0.010714 0.013333
