3 0.745357 0.884286 0.156429 0.101905
3 0.711071 0.653333 0.069286 0.045714
3 0.287500 0.595238 0.047857 0.034286
3 0.050357 0.802381 0.097857 0.069524
3 0.081071 0.898571 0.160714 0.080952
3 0.065000 0.964762 0.125714 0.068571
3 0.329286 0.971905 0.178571 0.054286
3 0.280000 0.934286 0.200000 0.116190
3 0.132857 0.830000 0.151429 0.090476
3 0.287143 0.838571 0.127143 0.090476
3 0.336071 0.791905 0.139286 0.060000
11 0.220000 0.754762 0.131429 0.063810
11 0.345000 0.619048 0.038571 0.045714
3 0.310714 0.568095 0.020000 0.031429
8 0.541786 0.927619 0.022143 0.068571
1 0.539643 0.945714 0.027857 0.074286
7 0.347143 0.693810 0.015714 0.044762
7 0.478571 0.625714 0.010000 0.028571
7 0.462857 0.631905 0.010000 0.029524
7 0.321429 0.608571 0.010000 0.026667
7 0.328929 0.610000 0.007857 0.031429
7 0.067857 0.631905 0.020000 0.039048
8 0.171786 0.652857 0.010714 0.033333
8 0.177500 0.651429 0.012143 0.034286
5 0.175714 0.659048 0.037143 0.024762
1 0.408929 0.639524 0.022143 0.016190
8 0.407857 0.631905 0.010000 0.035238
7 0.465357 0.626190 0.005000 0.023810
7 0.465357 0.622381 0.007857 0.025714
7 0.464286 0.614286 0.010000 0.030476
7 0.233571 0.560476 0.007143 0.018095
3 0.097857 0.546667 0.032857 0.028571
7 0.073214 0.529048 0.006429 0.016190
7 0.080714 0.528571 0.005714 0.017143
4 0.104643 0.531905 0.035000 0.016190
3 0.017500 0.526667 0.035000 0.030476
8 0.957143 0.925238 0.024286 0.075238
1 0.953214 0.946667 0.070714 0.074286
1 0.723571 0.710476 0.020000 0.020952
1 0.853929 0.649524 0.022143 0.017143
8 0.723214 0.698571 0.012143 0.033333
8 0.853214 0.641429 0.010714 0.025714
8 0.787500 0.673333 0.013571 0.026667
5 0.790000 0.680476 0.028571 0.023810
7 0.989286 0.720952 0.010000 0.040000
8 0.976071 0.624286 0.010714 0.031429
5 0.977857 0.628095 0.022857 0.020000
7 0.995714 0.628095 0.007143 0.031429
2 0.722857 0.595238 0.102857 0.053333
10 0.874286 0.534762 0.054286 0.031429
6 0.720000 0.559524 0.090000 0.042857
7 0.537500 0.586667 0.006429 0.020952
7 0.670714 0.578095 0.007143 0.022857
7 0.781429 0.583810 0.005714 0.020952
8 0.911429 0.539524 0.005714 0.014286
10 0.967500 0.514762 0.033571 0.021905
3 0.763214 0.608571 0.046429 0.034286
3 0.799286 0.622857 0.048571 0.032381
3 0.790714 0.590476 0.032857 0.024762
3 0.810357 0.600000 0.040714 0.028571
3 0.841786 0.611905 0.045000 0.027619
3 0.848571 0.593810 0.038571 0.023810
3 0.884286 0.601905 0.041429 0.030476
3 0.916071 0.591905 0.037857 0.023810
3 0.952143 0.582857 0.034286 0.022857
3 0.976071 0.578095 0.025000 0.022857
3 0.990714 0.571905 0.017143 0.023810
3 0.883571 0.584762 0.040000 0.022857
3 0.913571 0.576190 0.030000 0.024762
3 0.944643 0.571905 0.033571 0.023810
3 0.973571 0.553333 0.025714 0.017143
3 0.879286 0.568095 0.035714 0.029524
3 0.910714 0.566667 0.024286 0.020952
3 0.930000 0.563810 0.021429 0.024762
3 0.952143 0.556190 0.024286 0.019048
11 0.834643 0.580952 0.043571 0.034286
7 0.985000 0.634286 0.007143 0.032381
