0 0.551931 0.955473 0.028706 0.063080
3 0.524269 0.974490 0.041232 0.047310
3 0.451722 0.819109 0.048539 0.098330
3 0.411795 0.722635 0.044885 0.094620
3 0.466597 0.021336 0.032359 0.042672
3 0.289666 0.444805 0.036534 0.071429
3 0.263309 0.380798 0.037056 0.069573
3 0.239823 0.409555 0.037056 0.071429
11 0.208246 0.436456 0.040710 0.078850
3 0.182411 0.458720 0.038100 0.067718
1 0.178236 0.519017 0.014092 0.030612
5 0.169102 0.522263 0.012526 0.033395
10 0.197547 0.223562 0.053758 0.105751
10 0.098121 0.307978 0.073069 0.077922
3 0.088727 0.284787 0.048017 0.046382
3 0.081159 0.260668 0.040188 0.040816
11 0.069676 0.227737 0.052714 0.045455
3 0.058194 0.203618 0.041232 0.034323
3 0.049061 0.185065 0.049061 0.043599
3 0.158142 0.205473 0.031315 0.051020
3 0.136482 0.153989 0.028706 0.051948
3 0.157359 0.136364 0.033925 0.050093
3 0.175104 0.174861 0.022443 0.041744
11 0.114562 0.104824 0.031837 0.063080
10 0.134916 0.076531 0.039144 0.075139
10 0.115344 0.030612 0.020877 0.046382
4 0.048800 0.047310 0.051670 0.094620
5 0.017223 0.138219 0.014614 0.033395
5 0.163100 0.959184 0.066284 0.077922
