7 0.381429 0.671905 0.037143 0.077143
7 0.322500 0.516190 0.020714 0.059048
7 0.254643 0.462381 0.019286 0.044762
7 0.155000 0.270000 0.012857 0.025714
7 0.267857 0.269048 0.010000 0.025714
7 0.418929 0.330476 0.009286 0.030476
7 0.431786 0.330952 0.016429 0.033333
7 0.446786 0.334286 0.009286 0.030476
7 0.464643 0.351429 0.013571 0.036190
8 0.500714 0.338571 0.014286 0.025714
1 0.460714 0.344286 0.025714 0.021905
1 0.551071 0.358571 0.020714 0.037143
1 0.553214 0.358095 0.030714 0.032381
7 0.711071 0.308095 0.012143 0.035238
7 0.796429 0.310000 0.005714 0.027619
7 0.789643 0.304286 0.003571 0.023810
7 0.806429 0.310000 0.007143 0.029524
7 0.791071 0.312857 0.006429 0.027619
7 0.784286 0.313810 0.008571 0.031429
7 0.776429 0.304762 0.007143 0.026667
7 0.766786 0.300000 0.006429 0.030476
8 0.728571 0.300000 0.011429 0.022857
7 0.867857 0.262381 0.005714 0.020000
7 0.873571 0.262381 0.005714 0.018095
1 0.862857 0.341905 0.024286 0.022857
1 0.883929 0.340476 0.017857 0.025714
1 0.908929 0.350952 0.023571 0.025714
5 0.935714 0.355714 0.030000 0.023810
7 0.961071 0.343810 0.010714 0.036190
8 0.856429 0.299048 0.010000 0.020952
4 0.963214 0.229048 0.069286 0.031429
