7 0.347143 0.624762 0.012857 0.051429
8 0.684643 0.733810 0.020714 0.048571
7 0.368571 0.285238 0.005714 0.018095
7 0.377500 0.280952 0.006429 0.017143
7 0.518571 0.457143 0.007143 0.026667
7 0.527143 0.452857 0.008571 0.035238
7 0.531429 0.431429 0.011429 0.034286
7 0.543929 0.474762 0.013571 0.037143
7 0.561429 0.472381 0.015714 0.040000
8 0.538571 0.567619 0.014286 0.036190
7 0.574286 0.371905 0.011429 0.033333
7 0.903571 0.604762 0.017143 0.043810
7 0.768929 0.527143 0.015000 0.039048
7 0.781071 0.526667 0.010714 0.040000
8 0.857500 0.555238 0.010714 0.036190
8 0.854286 0.550000 0.011429 0.035238
8 0.948571 0.460952 0.014286 0.028571
8 0.660714 0.424286 0.008571 0.025714
8 0.727143 0.459048 0.007143 0.028571
8 0.708929 0.439524 0.009286 0.029524
8 0.724643 0.360952 0.006429 0.019048
8 0.986071 0.354286 0.006429 0.019048
8 0.933929 0.335238 0.006429 0.015238
5 0.945357 0.463810 0.016429 0.034286
5 0.858929 0.561429 0.025000 0.037143
5 0.708214 0.440476 0.022143 0.027619
5 0.660357 0.429524 0.025000 0.020952
1 0.728571 0.469048 0.020000 0.018095
1 0.783571 0.490000 0.024286 0.023810
7 0.731786 0.452381 0.006429 0.030476
7 0.723929 0.450476 0.006429 0.026667
7 0.647500 0.394286 0.006429 0.026667
1 0.654643 0.393810 0.012143 0.016190
5 0.723571 0.365714 0.017143 0.017143
3 0.836786 0.448095 0.046429 0.044762
7 0.967500 0.357143 0.010714 0.020952
5 0.986786 0.356190 0.015000 0.011429
5 0.933929 0.338571 0.019286 0.012381
3 0.984286 0.316667 0.027143 0.025714
3 0.971071 0.319048 0.023571 0.024762
3 0.953571 0.315714 0.027143 0.025714
3 0.944643 0.321905 0.025000 0.024762
3 0.925000 0.318095 0.025714 0.024762
3 0.908571 0.320000 0.025714 0.026667
3 0.891071 0.317619 0.027857 0.020000
3 0.875000 0.320000 0.025714 0.026667
3 0.854643 0.320952 0.027857 0.020952
7 0.868571 0.323810 0.005714 0.020952
7 0.836071 0.318095 0.032143 0.022857
7 0.832143 0.330000 0.035714 0.023810
4 0.880000 0.303333 0.038571 0.014286
11 0.823214 0.295714 0.027857 0.020000
3 0.809286 0.296190 0.024286 0.015238
11 0.798214 0.285714 0.032143 0.022857
3 0.736071 0.330952 0.045000 0.021905
3 0.766786 0.324286 0.037857 0.018095
3 0.757143 0.310476 0.030000 0.017143
3 0.725357 0.311905 0.022143 0.020000
3 0.713214 0.301905 0.025000 0.015238
10 0.716071 0.283333 0.039286 0.027619
3 0.705000 0.290952 0.025714 0.018095
3 0.838214 0.302381 0.026429 0.018095
3 0.648571 0.278095 0.024286 0.019048
3 0.661071 0.275238 0.023571 0.019048
4 0.697143 0.256190 0.017143 0.013333
4 0.742857 0.275238 0.038571 0.022857
3 0.676429 0.251429 0.024286 0.013333
3 0.674643 0.249048 0.025000 0.016190
3 0.631429 0.261429 0.017143 0.014286
3 0.611071 0.259524 0.017857 0.014286
3 0.612500 0.252381 0.016429 0.013333
2 0.648214 0.258095 0.039286 0.034286
2 0.605000 0.235714 0.032857 0.029524
3 0.592143 0.242857 0.012857 0.011429
3 0.585357 0.250476 0.017857 0.011429
3 0.580000 0.241905 0.012857 0.011429
11 0.578929 0.234286 0.010714 0.011429
11 0.577143 0.224286 0.011429 0.012381
3 0.573214 0.253810 0.015000 0.014286
3 0.583571 0.270952 0.021429 0.020000
3 0.576786 0.280476 0.019286 0.020000
11 0.562857 0.259048 0.015714 0.019048
3 0.560000 0.230476 0.011429 0.009524
10 0.549643 0.244762 0.020714 0.028571
3 0.532500 0.245714 0.016429 0.019048
11 0.556429 0.223333 0.017143 0.012381
3 0.547500 0.219524 0.012143 0.012381
3 0.506071 0.242857 0.015000 0.015238
3 0.496071 0.234286 0.010714 0.011429
11 0.572500 0.211905 0.009286 0.006667
3 0.561429 0.218571 0.012857 0.012381
3 0.544286 0.206667 0.007143 0.005714
4 0.568571 0.201429 0.015714 0.012381
3 0.539643 0.203333 0.006429 0.006667
3 0.526429 0.207619 0.008571 0.009524
3 0.526786 0.205238 0.007857 0.010476
3 0.515357 0.203810 0.007857 0.007619
11 0.532500 0.196667 0.007857 0.010476
3 0.516071 0.198095 0.006429 0.007619
11 0.511786 0.193810 0.006429 0.008571
3 0.505000 0.195714 0.005714 0.006667
11 0.525000 0.193810 0.007143 0.008571
11 0.520714 0.191905 0.005714 0.006667
10 0.517857 0.185238 0.010000 0.012381
3 0.498214 0.188571 0.007857 0.007619
4 0.537500 0.186667 0.013571 0.009524
11 0.512857 0.186190 0.007143 0.006667
3 0.488571 0.212857 0.007143 0.008571
3 0.480714 0.208571 0.005714 0.007619
3 0.485714 0.203810 0.008571 0.009524
3 0.473214 0.213333 0.006429 0.011429
3 0.469286 0.207619 0.008571 0.011429
3 0.470000 0.202381 0.007143 0.008571
3 0.467500 0.199524 0.006429 0.008571
3 0.477857 0.185238 0.005714 0.006667
3 0.492143 0.183810 0.004286 0.005714
3 0.488214 0.180000 0.005000 0.005714
3 0.485714 0.174286 0.004286 0.005714
3 0.478214 0.172381 0.003571 0.003810
3 0.479286 0.170476 0.002857 0.005714
3 0.491786 0.177143 0.005000 0.005714
3 0.498571 0.187143 0.004286 0.006667
3 0.501429 0.185238 0.004286 0.006667
3 0.497857 0.183810 0.004286 0.007619
3 0.492857 0.178095 0.004286 0.003810
7 0.438214 0.228095 0.005000 0.010476
4 0.458571 0.162381 0.032857 0.025714
7 0.425714 0.185714 0.002857 0.007619
7 0.430357 0.188095 0.002143 0.008571
7 0.432857 0.188571 0.002857 0.007619
7 0.432143 0.208095 0.002857 0.010476
7 0.390357 0.185714 0.002143 0.007619
7 0.387500 0.185238 0.002143 0.008571
7 0.431786 0.218095 0.002143 0.007619
7 0.429286 0.218571 0.002857 0.008571
4 0.431071 0.230476 0.006429 0.011429
4 0.438214 0.218095 0.006429 0.005714
4 0.396429 0.201905 0.047143 0.009524
4 0.382857 0.160476 0.015714 0.008571
