7 0.491429 0.791905 0.008571 0.014286
7 0.509643 0.789524 0.006429 0.009524
7 0.494643 0.797619 0.009286 0.010476
7 0.504643 0.795238 0.009286 0.009524
7 0.529286 0.754762 0.007143 0.012381
7 0.531786 0.736190 0.006429 0.013333
7 0.411786 0.725238 0.007857 0.010476
7 0.413214 0.710000 0.010714 0.018095
7 0.323214 0.747619 0.009286 0.011429
7 0.139643 0.673810 0.013571 0.012381
7 0.047857 0.241429 0.017143 0.012381
7 0.092500 0.355238 0.009286 0.020952
7 0.074286 0.499048 0.014286 0.017143
7 0.157857 0.564762 0.014286 0.015238
7 0.209286 0.613810 0.014286 0.010476
7 0.311786 0.614286 0.009286 0.009524
7 0.205000 0.494286 0.015714 0.009524
7 0.313214 0.462381 0.010714 0.006667
7 0.341786 0.481429 0.010714 0.008571
7 0.372857 0.468571 0.008571 0.005714
7 0.402143 0.468571 0.008571 0.009524
7 0.371071 0.439524 0.007857 0.006667
7 0.358571 0.457619 0.008571 0.008571
7 0.351786 0.447143 0.006429 0.004762
7 0.401071 0.315714 0.009286 0.012381
7 0.371429 0.380952 0.008571 0.009524
7 0.343214 0.390952 0.010714 0.014286
7 0.386786 0.395238 0.009286 0.009524
7 0.396786 0.399048 0.007857 0.009524
7 0.388929 0.417143 0.007857 0.009524
7 0.185714 0.346667 0.005714 0.009524
