3 0.811071 0.727619 0.086429 0.093333
10 0.573571 0.820952 0.060000 0.053333
3 0.511429 0.786190 0.045714 0.044762
7 0.594286 0.680476 0.012857 0.014286
7 0.526786 0.670952 0.015000 0.018095
7 0.515000 0.667619 0.011429 0.013333
7 0.592500 0.669524 0.013571 0.017143
3 0.634286 0.632857 0.051429 0.039048
3 0.568929 0.706190 0.046429 0.039048
3 0.462500 0.634286 0.027857 0.022857
3 0.377143 0.610000 0.015714 0.016190
8 0.296071 0.742381 0.003571 0.004762
5 0.297500 0.744762 0.009286 0.009524
8 0.427500 0.550476 0.005000 0.007619
5 0.429286 0.554286 0.007143 0.005714
7 0.430714 0.530000 0.008571 0.008571
7 0.368929 0.545714 0.006429 0.007619
3 0.340714 0.613333 0.010000 0.013333
3 0.336071 0.598571 0.012143 0.012381
3 0.297857 0.613333 0.010000 0.011429
3 0.280357 0.610000 0.007857 0.010476
7 0.231429 0.629524 0.004286 0.005714
5 0.217500 0.632381 0.003571 0.003810
8 0.217143 0.631429 0.001429 0.000000
3 0.216071 0.610952 0.002143 0.002857
3 0.217857 0.604286 0.002857 0.002857
5 0.227500 0.596667 0.002143 0.002857
3 0.192500 0.637143 0.002143 0.001905
4 0.190357 0.613810 0.036429 0.035238
3 0.940714 0.261905 0.052857 0.078095
7 0.951786 0.078095 0.013571 0.026667
3 0.928929 0.125714 0.036429 0.057143
3 0.892143 0.149524 0.031429 0.057143
3 0.853929 0.169524 0.030714 0.049524
3 0.820357 0.189048 0.032143 0.048571
0 0.793571 0.202381 0.022857 0.039048
3 0.825000 0.310952 0.031429 0.060000
3 0.792857 0.327143 0.034286 0.058095
3 0.765714 0.342381 0.031429 0.056190
1 0.673571 0.444286 0.012857 0.020000
7 0.476071 0.396190 0.006429 0.007619
7 0.472857 0.397143 0.007143 0.009524
3 0.620357 0.321429 0.020714 0.035238
3 0.607500 0.324286 0.017857 0.031429
3 0.593929 0.332857 0.019286 0.033333
3 0.581071 0.343810 0.020714 0.030476
3 0.548929 0.369524 0.017857 0.026667
3 0.534643 0.373333 0.017857 0.024762
3 0.522143 0.386190 0.015714 0.029524
3 0.511786 0.389524 0.015000 0.024762
3 0.509286 0.453333 0.014286 0.024762
3 0.500714 0.457619 0.011429 0.021905
3 0.486429 0.465238 0.018571 0.027619
3 0.477143 0.468571 0.015714 0.024762
3 0.465357 0.474286 0.015000 0.026667
3 0.471071 0.421905 0.012143 0.020952
