3 0.152750 0.930000 0.161500 0.138667
3 0.557750 0.967667 0.179500 0.056667
11 0.615250 0.675000 0.174500 0.140667
3 0.243500 0.535667 0.101000 0.082000
3 0.287750 0.486000 0.098500 0.068000
3 0.356000 0.471000 0.097000 0.066000
3 0.409750 0.439000 0.092500 0.068667
3 0.669250 0.316000 0.082500 0.042667
3 0.659000 0.347000 0.091000 0.043333
3 0.452000 0.373000 0.098000 0.058000
11 0.655500 0.381000 0.101000 0.074000
3 0.676500 0.247000 0.070000 0.038000
3 0.683500 0.173000 0.056000 0.038000
3 0.671250 0.216000 0.061500 0.038667
3 0.695000 0.158000 0.052000 0.026667
3 0.693500 0.145667 0.046000 0.019333
3 0.689750 0.133667 0.058500 0.023333
3 0.701750 0.104667 0.034500 0.025333
3 0.688500 0.117333 0.043000 0.025333
3 0.689750 0.094667 0.042500 0.024000
0 0.544000 0.178333 0.036000 0.023333
5 0.580750 0.159333 0.013500 0.017333
3 0.597000 0.059333 0.024000 0.020000
3 0.610000 0.042667 0.025000 0.021333
11 0.599750 0.035333 0.026500 0.022667
3 0.711000 0.061333 0.042000 0.021333
3 0.700500 0.045667 0.040000 0.016667
3 0.633250 0.023000 0.012500 0.016667
3 0.700250 0.034333 0.028500 0.018000
3 0.709500 0.022333 0.026000 0.012667
3 0.708500 0.015333 0.029000 0.012000
3 0.708500 0.008000 0.032000 0.013333
3 0.652750 0.018667 0.013500 0.020000
3 0.641500 0.009667 0.015000 0.012667
10 0.977250 0.159333 0.044500 0.085333
11 0.915750 0.053000 0.024500 0.031333
