2 0.610357 0.807741 0.057857 0.194162
3 0.537143 0.628173 0.024286 0.053299
3 0.557143 0.571066 0.021429 0.045685
11 0.655000 0.496827 0.024286 0.049492
3 0.583929 0.328680 0.016429 0.022843
3 0.401786 0.270939 0.010714 0.013959
3 0.438214 0.267132 0.012143 0.016497
3 0.472143 0.263959 0.010000 0.015228
3 0.531786 0.262056 0.012143 0.019036
11 0.457857 0.228426 0.010000 0.020305
5 0.712143 0.244289 0.007143 0.013959
8 0.712143 0.240482 0.004286 0.011421
3 0.404643 0.225254 0.010714 0.013959
3 0.318214 0.177665 0.010714 0.012690
10 0.292857 0.183376 0.017143 0.026650
10 0.925357 0.186548 0.032143 0.022843
10 0.901071 0.176396 0.026429 0.022843
3 0.907857 0.185279 0.011429 0.010152
3 0.579286 0.086929 0.008571 0.008883
3 0.635714 0.058376 0.007143 0.007614
10 0.679286 0.145939 0.025714 0.017766
3 0.702143 0.152284 0.010000 0.012690
4 0.677143 0.123096 0.051429 0.030457
10 0.661786 0.049492 0.010714 0.012690
4 0.761429 0.029822 0.074286 0.059645
