10 0.650000 0.525238 0.108571 0.128571
3 0.521071 0.668095 0.079286 0.094286
3 0.414286 0.714286 0.047143 0.053333
3 0.397857 0.754286 0.048571 0.064762
3 0.373929 0.730000 0.040714 0.050476
11 0.316071 0.782857 0.043571 0.060952
3 0.318929 0.808571 0.045000 0.057143
3 0.303214 0.773333 0.036429 0.051429
3 0.313571 0.737143 0.034286 0.047619
11 0.265357 0.872857 0.046429 0.060000
11 0.267857 0.820000 0.037143 0.055238
0 0.251786 0.816667 0.019286 0.025714
8 0.244643 0.815714 0.005000 0.012381
11 0.196071 0.932857 0.047857 0.061905
3 0.228929 0.881905 0.040714 0.051429
3 0.185357 0.900476 0.039286 0.050476
3 0.143929 0.954286 0.039286 0.041905
3 0.145357 0.986190 0.045000 0.025714
3 0.130714 0.982381 0.038571 0.033333
3 0.029286 0.987619 0.021429 0.022857
3 0.046429 0.976667 0.024286 0.035238
3 0.062857 0.961905 0.018571 0.030476
3 0.106786 0.913810 0.027857 0.044762
3 0.151786 0.905714 0.033571 0.051429
3 0.171786 0.886667 0.036429 0.057143
3 0.176786 0.853810 0.022143 0.031429
0 0.190357 0.842857 0.023571 0.034286
3 0.201071 0.840476 0.020714 0.033333
3 0.210357 0.853810 0.027857 0.033333
10 0.190357 0.779524 0.046429 0.063810
7 0.211786 0.786190 0.010714 0.012381
7 0.225714 0.768095 0.010000 0.010476
7 0.221786 0.764286 0.006429 0.008571
7 0.218929 0.765238 0.007857 0.010476
7 0.226429 0.762857 0.007143 0.007619
7 0.232857 0.763333 0.011429 0.010476
7 0.267857 0.717619 0.011429 0.012381
3 0.221071 0.745238 0.025000 0.029524
11 0.285357 0.707143 0.026429 0.035238
3 0.260000 0.699048 0.020000 0.020952
11 0.301071 0.668571 0.025000 0.032381
3 0.338929 0.573333 0.013571 0.020952
3 0.335000 0.612381 0.025714 0.024762
3 0.342143 0.596667 0.021429 0.021905
3 0.356071 0.573333 0.025000 0.026667
3 0.368571 0.546190 0.020000 0.023810
3 0.376786 0.532381 0.019286 0.019048
3 0.365357 0.648095 0.023571 0.042857
3 0.388571 0.622381 0.021429 0.042857
3 0.411429 0.594286 0.021429 0.041905
3 0.438929 0.561905 0.022143 0.040000
3 0.380000 0.610952 0.020000 0.037143
3 0.403929 0.583333 0.019286 0.033333
3 0.426429 0.551429 0.020000 0.034286
3 0.449286 0.527619 0.020000 0.034286
3 0.457857 0.496190 0.017143 0.028571
3 0.438571 0.520952 0.014286 0.024762
3 0.463571 0.473333 0.012857 0.022857
3 0.457143 0.495238 0.017143 0.028571
3 0.453571 0.479048 0.012857 0.022857
3 0.425000 0.521905 0.012857 0.022857
3 0.435000 0.497143 0.012857 0.022857
3 0.412857 0.527619 0.012857 0.022857
3 0.422143 0.506667 0.012857 0.022857
3 0.414286 0.549524 0.012857 0.022857
2 0.392857 0.560476 0.038571 0.063810
3 0.430000 0.485714 0.010000 0.020952
3 0.442857 0.453810 0.008571 0.014286
3 0.450000 0.452857 0.010000 0.021905
3 0.470714 0.450952 0.012857 0.020000
3 0.460000 0.458095 0.012857 0.022857
2 0.440357 0.475238 0.017857 0.030476
3 0.477143 0.430476 0.012857 0.020952
3 0.483929 0.415238 0.012143 0.017143
3 0.463214 0.444762 0.012143 0.017143
3 0.460357 0.433333 0.010714 0.015238
3 0.456071 0.426667 0.010714 0.015238
3 0.463929 0.417619 0.009286 0.012381
3 0.468929 0.426190 0.009286 0.018095
3 0.475000 0.412857 0.010000 0.018095
3 0.486786 0.401429 0.007857 0.014286
3 0.481071 0.394762 0.007857 0.014286
3 0.468214 0.407143 0.007857 0.014286
3 0.467500 0.392857 0.007857 0.014286
3 0.474643 0.389524 0.007857 0.013333
3 0.483214 0.384286 0.007857 0.010476
3 0.490357 0.390476 0.007857 0.009524
3 0.493929 0.379048 0.007857 0.011429
3 0.496071 0.369524 0.007857 0.011429
11 0.413929 0.457619 0.022143 0.020000
3 0.442143 0.416667 0.014286 0.016190
3 0.442143 0.401905 0.011429 0.013333
3 0.393214 0.491429 0.026429 0.026667
7 0.776429 0.153333 0.005714 0.011429
7 0.766786 0.161905 0.009286 0.017143
