3 0.022704 0.029221 0.028706 0.023191
3 0.128132 0.019481 0.031837 0.018553
3 0.098904 0.048701 0.030793 0.019481
3 0.159447 0.090445 0.030793 0.023191
3 0.179019 0.068646 0.029228 0.022263
3 0.250783 0.051484 0.027662 0.021336
3 0.279489 0.056122 0.030793 0.021336
11 0.387265 0.097403 0.016701 0.035250
11 0.433977 0.094156 0.014092 0.034323
11 0.450157 0.087199 0.016180 0.033395
3 0.470772 0.084879 0.013570 0.034323
3 0.528706 0.006957 0.024008 0.013915
1 0.553236 0.004638 0.002088 0.009276
7 0.553236 0.002319 0.001044 0.004638
7 0.596555 0.130798 0.003132 0.012987
3 0.697808 0.078386 0.030271 0.021336
3 0.760438 0.066790 0.029228 0.022263
3 0.786534 0.054267 0.027140 0.025046
11 0.918580 0.144249 0.020877 0.030612
3 0.945720 0.614100 0.029228 0.053803
3 0.841075 0.531540 0.052714 0.038961
3 0.752610 0.512059 0.024008 0.063080
3 0.656315 0.502319 0.046451 0.038033
3 0.585856 0.502783 0.051670 0.038961
3 0.597860 0.641929 0.053758 0.040816
3 0.597338 0.723562 0.061065 0.048237
3 0.595772 0.774583 0.057933 0.050093
3 0.407620 0.792672 0.057411 0.049165
3 0.415188 0.618738 0.053758 0.042672
3 0.416754 0.543599 0.049582 0.042672
10 0.357516 0.399351 0.088727 0.062152
3 0.445981 0.398423 0.019311 0.056586
3 0.468946 0.393321 0.019311 0.048237
11 0.489823 0.379870 0.015136 0.052876
10 0.543841 0.381262 0.021921 0.074212
3 0.588205 0.390538 0.018789 0.057514
10 0.669624 0.378015 0.059499 0.049165
3 0.191545 0.426716 0.024008 0.059369
3 0.139353 0.431818 0.028184 0.062152
3 0.025574 0.666048 0.051148 0.046382
