3 0.798017 0.819573 0.092902 0.088126
3 0.727296 0.729128 0.077766 0.077922
3 0.467641 0.915584 0.052192 0.157699
3 0.424061 0.842764 0.062109 0.145640
3 0.567589 0.310297 0.021399 0.052876
7 0.623173 0.595547 0.010438 0.038961
7 0.634134 0.601577 0.010438 0.039889
7 0.294885 0.225881 0.032359 0.039889
10 0.333246 0.226809 0.053758 0.052876
11 0.337683 0.273655 0.036534 0.038961
0 0.381785 0.243506 0.037056 0.039889
5 0.318111 0.586735 0.012004 0.045455
5 0.306889 0.581633 0.009395 0.046382
5 0.295668 0.582096 0.010960 0.041744
5 0.288883 0.583488 0.009916 0.037106
5 0.279749 0.579777 0.013570 0.037106
5 0.252349 0.586271 0.009916 0.042672
5 0.243737 0.586271 0.013570 0.044527
5 0.239040 0.573284 0.012526 0.035250
5 0.230167 0.582560 0.010438 0.038961
5 0.217902 0.591373 0.014092 0.038033
5 0.207203 0.572356 0.016701 0.037106
5 0.194937 0.566327 0.015136 0.032468
5 0.195981 0.586735 0.016180 0.043599
5 0.182672 0.588126 0.019833 0.044527
5 0.169363 0.601577 0.025574 0.041744
0 0.643006 0.583024 0.026096 0.058442
9 0.633351 0.438776 0.014092 0.037106
8 0.665449 0.417904 0.009395 0.023191
8 0.708246 0.340445 0.009395 0.027829
8 0.660230 0.352968 0.007307 0.025046
8 0.725209 0.373377 0.010960 0.017625
9 0.633873 0.306122 0.018267 0.040816
9 0.652401 0.384972 0.024008 0.025974
9 0.639092 0.398887 0.019311 0.053803
8 0.669624 0.378479 0.004175 0.011132
8 0.664666 0.376623 0.004697 0.012987
7 0.586900 0.241651 0.006785 0.025046
6 0.710595 0.086735 0.053758 0.047310
11 0.614823 0.014842 0.010438 0.027829
6 0.515919 0.042208 0.091336 0.062152
