3 0.695714 0.868655 0.030000 0.128173
3 0.573929 0.421320 0.029286 0.101523
3 0.911429 0.094543 0.062857 0.041878
3 0.229286 0.064086 0.058571 0.041878
3 0.440714 0.041244 0.055714 0.044416
3 0.642143 0.034264 0.054286 0.043147
3 0.648214 0.197970 0.059286 0.068528
3 0.770000 0.152919 0.060000 0.044416
3 0.777143 0.091371 0.058571 0.050761
11 0.675357 0.447970 0.032143 0.114213
2 0.060357 0.124365 0.120714 0.104061
3 0.029286 0.088198 0.051429 0.036802
7 0.243929 0.348985 0.009286 0.022843
7 0.320714 0.206853 0.007143 0.030457
7 0.338214 0.206853 0.007857 0.025381
7 0.423214 0.270939 0.007857 0.021574
7 0.478214 0.395939 0.006429 0.015228
7 0.465357 0.435279 0.007857 0.017766
7 0.462500 0.461294 0.007857 0.019036
7 0.482857 0.344543 0.007143 0.024112
2 0.520000 0.080584 0.151429 0.105330
7 0.641429 0.756345 0.008571 0.022843
7 0.652500 0.741751 0.007857 0.016497
3 0.915000 0.145939 0.064286 0.048223
