2 0.725357 0.888325 0.042143 0.111675
5 0.743571 0.973350 0.008571 0.020305
3 0.736786 0.817259 0.023571 0.030457
2 0.681071 0.765228 0.055000 0.078680
2 0.790714 0.828046 0.062857 0.087563
3 0.818571 0.846447 0.014286 0.020305
10 0.811786 0.806472 0.033571 0.052030
3 0.825000 0.804569 0.017143 0.022843
3 0.791071 0.771574 0.019286 0.025381
3 0.757143 0.739213 0.021429 0.029188
10 0.720000 0.734137 0.032857 0.052030
3 0.805714 0.727792 0.018571 0.016497
3 0.965714 0.826777 0.012857 0.031726
3 0.948929 0.817259 0.015000 0.032995
3 0.960714 0.778553 0.014286 0.031726
3 0.975357 0.789340 0.015000 0.030457
2 0.988214 0.750000 0.020714 0.045685
3 0.852143 0.937817 0.028571 0.035533
2 0.864643 0.972081 0.060714 0.050761
3 0.573214 0.647208 0.019286 0.022843
11 0.696071 0.663071 0.020714 0.029188
10 0.673214 0.642132 0.025000 0.035533
3 0.648571 0.619924 0.018571 0.024112
3 0.502500 0.555203 0.016429 0.021574
11 0.549643 0.526015 0.016429 0.026650
11 0.498214 0.458756 0.015000 0.024112
4 0.493929 0.431472 0.017857 0.025381
3 0.729286 0.384518 0.011429 0.017766
3 0.715357 0.375000 0.013571 0.016497
3 0.726786 0.363579 0.012143 0.016497
3 0.737500 0.354061 0.010714 0.015228
2 0.755357 0.290609 0.027857 0.038071
2 0.745357 0.281726 0.026429 0.038071
2 0.701071 0.244289 0.029286 0.039340
3 0.693214 0.175127 0.012143 0.015228
10 0.706429 0.164975 0.015714 0.025381
11 0.719643 0.187817 0.013571 0.017766
3 0.721071 0.180203 0.010714 0.015228
10 0.734286 0.187183 0.018571 0.026650
3 0.748571 0.212563 0.014286 0.019036
3 0.751429 0.206853 0.012857 0.015228
3 0.467500 0.137056 0.012143 0.012690
10 0.479286 0.124365 0.017143 0.020305
3 0.247500 0.067893 0.013571 0.011421
3 0.249643 0.119289 0.009286 0.015228
3 0.250714 0.133883 0.008571 0.011421
3 0.280714 0.175761 0.010000 0.013959
3 0.257500 0.194797 0.009286 0.011421
3 0.286429 0.199873 0.010000 0.013959
3 0.301786 0.207487 0.010714 0.013959
2 0.284286 0.247462 0.014286 0.025381
3 0.304286 0.272843 0.008571 0.012690
3 0.321071 0.283629 0.012143 0.013959
3 0.335714 0.310914 0.011429 0.017766
3 0.215357 0.519036 0.009286 0.020305
