7 0.064286 0.468095 0.004286 0.020000
7 0.124286 0.487619 0.005714 0.024762
7 0.161429 0.447143 0.004286 0.018095
7 0.150000 0.579524 0.007143 0.027619
7 0.083214 0.652381 0.006429 0.038095
7 0.037857 0.600952 0.007143 0.034286
7 0.124286 0.896667 0.007143 0.027619
7 0.128929 0.924286 0.007857 0.027619
7 0.207143 0.513810 0.004286 0.020000
7 0.251071 0.436190 0.007857 0.026667
7 0.262500 0.462857 0.013571 0.028571
7 0.288214 0.429048 0.003571 0.010476
7 0.283929 0.389524 0.006429 0.019048
7 0.276786 0.386667 0.005000 0.019048
7 0.272500 0.354762 0.003571 0.008571
7 0.316429 0.334286 0.002857 0.015238
7 0.312857 0.330952 0.002857 0.016190
7 0.315000 0.171905 0.002857 0.012381
7 0.439286 0.207619 0.001429 0.007619
7 0.415357 0.190476 0.002143 0.009524
7 0.410000 0.189524 0.001429 0.011429
7 0.360714 0.351905 0.002857 0.010476
7 0.340714 0.370952 0.002857 0.010476
7 0.375000 0.452381 0.002857 0.009524
7 0.384643 0.448095 0.003571 0.010476
7 0.340714 0.560476 0.004286 0.018095
3 0.411071 0.631429 0.049286 0.080000
5 0.507500 0.558095 0.039286 0.055238
3 0.453214 0.562381 0.040714 0.063810
3 0.512143 0.451429 0.037143 0.051429
7 0.500357 0.336667 0.003571 0.010476
7 0.401429 0.309048 0.002857 0.010476
7 0.505357 0.213810 0.003571 0.012381
3 0.553214 0.132381 0.012143 0.020952
7 0.499286 0.206190 0.001429 0.006667
7 0.490357 0.218095 0.002143 0.007619
3 0.530714 0.415714 0.030000 0.044762
3 0.596786 0.124286 0.015000 0.014286
3 0.564286 0.133810 0.018571 0.014286
3 0.580000 0.121429 0.014286 0.012381
3 0.619643 0.260952 0.017857 0.026667
3 0.572500 0.349524 0.027857 0.040000
3 0.550357 0.380476 0.026429 0.037143
3 0.605000 0.284286 0.022857 0.031429
3 0.480000 0.514286 0.034286 0.055238
3 0.613929 0.564286 0.035000 0.079048
3 0.638571 0.627619 0.041429 0.102857
3 0.748571 0.485238 0.025714 0.044762
5 0.668214 0.212857 0.005000 0.014286
8 0.668214 0.208571 0.003571 0.007619
3 0.706786 0.098571 0.012143 0.014286
3 0.711429 0.088095 0.010000 0.012381
3 0.777143 0.013810 0.008571 0.010476
3 0.787500 0.023810 0.009286 0.011429
3 0.828214 0.039524 0.009286 0.008571
3 0.824286 0.055238 0.011429 0.011429
3 0.841786 0.028095 0.012143 0.018095
3 0.813214 0.131905 0.013571 0.012381
3 0.829643 0.159048 0.013571 0.017143
3 0.803929 0.153333 0.012143 0.011429
11 0.809643 0.181905 0.013571 0.017143
3 0.771429 0.197619 0.015714 0.027619
3 0.789286 0.233333 0.014286 0.022857
3 0.830714 0.391905 0.024286 0.039048
3 0.788929 0.422381 0.022143 0.035238
3 0.777143 0.600000 0.038571 0.068571
3 0.986786 0.659524 0.025000 0.077143
3 0.957857 0.387619 0.061429 0.097143
3 0.907500 0.152381 0.030714 0.060952
3 0.990357 0.063333 0.017857 0.020000
3 0.409643 0.753810 0.039286 0.056190
3 0.373214 0.799048 0.036429 0.076190
3 0.325000 0.882381 0.032857 0.065714
7 0.032857 0.648095 0.010000 0.039048
