3 0.412143 0.238095 0.014286 0.005714
3 0.421071 0.230000 0.015000 0.006667
3 0.426071 0.226190 0.012143 0.006667
3 0.389286 0.228095 0.011429 0.006667
3 0.309643 0.287619 0.022143 0.011429
11 0.303214 0.292857 0.020714 0.010476
11 0.373214 0.277619 0.022143 0.016190
11 0.364643 0.238571 0.019286 0.010476
10 0.466786 0.205238 0.017857 0.010476
10 0.451786 0.266190 0.023571 0.037143
10 0.526786 0.243333 0.039286 0.031429
2 0.499286 0.221905 0.014286 0.020952
3 0.513214 0.203810 0.006429 0.007619
3 0.509643 0.212857 0.005000 0.006667
10 0.556071 0.138095 0.003571 0.005714
6 0.525357 0.868571 0.139286 0.257143
0 0.191786 0.904286 0.039286 0.075238
3 0.248214 0.888095 0.069286 0.128571
3 0.422143 0.400000 0.014286 0.020952
3 0.261071 0.525714 0.025000 0.038095
3 0.384286 0.452857 0.022857 0.033333
3 0.313929 0.435238 0.015000 0.028571
3 0.454643 0.354762 0.012143 0.018095
3 0.472500 0.295238 0.010714 0.017143
3 0.485000 0.258095 0.008571 0.011429
3 0.471429 0.276190 0.008571 0.013333
7 0.296071 0.426190 0.005000 0.016190
7 0.357500 0.409048 0.002143 0.012381
7 0.298929 0.421905 0.003571 0.013333
7 0.317857 0.403333 0.004286 0.014286
7 0.450714 0.299524 0.002857 0.010476
10 0.431786 0.355238 0.017857 0.024762
10 0.337857 0.537143 0.040000 0.072381
10 0.385000 0.519048 0.061429 0.121905
7 0.508214 0.518095 0.006429 0.020952
7 0.505000 0.557619 0.007143 0.021905
7 0.513571 0.655238 0.007143 0.024762
7 0.503571 0.610000 0.008571 0.025714
7 0.493214 0.569524 0.005000 0.022857
7 0.498929 0.754762 0.010714 0.027619
8 0.462143 0.834762 0.012857 0.014286
8 0.763571 0.515714 0.007143 0.012381
5 0.761786 0.521905 0.007857 0.011429
8 0.652500 0.474762 0.006429 0.008571
8 0.722857 0.568571 0.011429 0.011429
8 0.736786 0.602857 0.009286 0.017143
7 0.580000 0.469524 0.010000 0.024762
7 0.567500 0.490952 0.003571 0.018095
8 0.660357 0.473810 0.007857 0.010476
10 0.687857 0.340000 0.037143 0.064762
10 0.674643 0.240952 0.040714 0.032381
6 0.549286 0.319524 0.007143 0.023810
8 0.673929 0.493810 0.005000 0.008571
8 0.715714 0.357619 0.005714 0.010476
1 0.715714 0.360476 0.005714 0.008571
4 0.726429 0.377143 0.004286 0.015238
1 0.371429 0.358095 0.008571 0.011429
9 0.404643 0.329524 0.007857 0.013333
4 0.458214 0.188571 0.026429 0.013333
3 0.427143 0.197143 0.010000 0.003810
