7 0.346786 0.888571 0.012143 0.036190
7 0.359643 0.871429 0.012143 0.030476
7 0.374643 0.860000 0.013571 0.030476
8 0.273214 0.748095 0.016429 0.027619
5 0.275714 0.753333 0.024286 0.045714
7 0.302143 0.646190 0.007143 0.027619
7 0.308929 0.641905 0.006429 0.024762
7 0.334643 0.575238 0.006429 0.024762
7 0.406786 0.641905 0.009286 0.030476
8 0.415714 0.553810 0.008571 0.018095
5 0.416786 0.560476 0.013571 0.023810
8 0.446786 0.515238 0.005000 0.015238
5 0.446786 0.521429 0.009286 0.020000
7 0.477143 0.481905 0.005714 0.017143
11 0.487857 0.491905 0.032857 0.039048
3 0.399643 0.535238 0.039286 0.045714
7 0.370714 0.453810 0.004286 0.020000
7 0.367857 0.449524 0.004286 0.017143
7 0.361786 0.440476 0.005000 0.018095
7 0.366786 0.438571 0.005000 0.018095
7 0.375714 0.430000 0.005714 0.018095
7 0.460000 0.395714 0.004286 0.018095
7 0.456071 0.394286 0.003571 0.019048
7 0.450357 0.390476 0.005000 0.015238
7 0.446786 0.389048 0.003571 0.018095
7 0.096786 0.777143 0.013571 0.032381
7 0.086786 0.789524 0.016429 0.030476
7 0.510000 0.417143 0.005714 0.019048
3 0.520000 0.397143 0.024286 0.026667
10 0.542143 0.363810 0.024286 0.038095
7 0.644643 0.468571 0.005000 0.020952
7 0.640714 0.462857 0.010000 0.020952
7 0.518571 0.318571 0.004286 0.014286
7 0.872857 0.518095 0.014286 0.026667
7 0.818214 0.453333 0.007857 0.022857
7 0.841786 0.355714 0.006429 0.018095
7 0.829643 0.352857 0.006429 0.018095
7 0.857857 0.310476 0.005714 0.015238
7 0.843214 0.300476 0.006429 0.014286
7 0.828214 0.300476 0.005000 0.014286
7 0.858571 0.282381 0.004286 0.014286
7 0.923929 0.242857 0.005000 0.011429
7 0.895357 0.235714 0.006429 0.012381
7 0.864643 0.251905 0.003571 0.012381
7 0.851071 0.251905 0.005000 0.012381
7 0.936786 0.226667 0.005000 0.011429
7 0.926429 0.229048 0.005714 0.010476
3 0.780714 0.182381 0.015714 0.006667
3 0.785000 0.180476 0.015714 0.008571
3 0.784643 0.176190 0.016429 0.007619
4 0.813929 0.159524 0.075000 0.025714
7 0.805714 0.176667 0.002857 0.008571
7 0.808929 0.177143 0.002143 0.009524
