4 0.072500 0.228000 0.066000 0.048000
9 0.142250 0.220000 0.031500 0.021333
5 0.149500 0.235000 0.018000 0.015333
5 0.163500 0.226000 0.014000 0.022667
5 0.171000 0.216667 0.012000 0.022667
5 0.179500 0.203000 0.011000 0.024667
5 0.176000 0.263000 0.018000 0.018000
1 0.187250 0.250333 0.017500 0.018000
5 0.192750 0.233667 0.012500 0.024667
5 0.199750 0.214333 0.020500 0.019333
5 0.204250 0.225000 0.013500 0.019333
5 0.209250 0.221667 0.011500 0.022000
5 0.219000 0.217333 0.011000 0.021333
5 0.226250 0.211000 0.012500 0.022000
5 0.234750 0.207333 0.011500 0.021333
5 0.241750 0.204333 0.010500 0.022000
5 0.254250 0.200000 0.014500 0.022667
5 0.260750 0.189000 0.013500 0.022000
9 0.190750 0.190667 0.016500 0.034667
9 0.160000 0.178667 0.015000 0.030667
9 0.142500 0.192000 0.018000 0.029333
5 0.128500 0.200333 0.012000 0.019333
9 0.148500 0.216667 0.026000 0.018667
9 0.162500 0.203000 0.024000 0.019333
9 0.189000 0.162333 0.018000 0.028667
1 0.255500 0.126667 0.016000 0.021333
11 0.235250 0.056333 0.038500 0.036667
7 0.282750 0.013333 0.010500 0.020000
7 0.294500 0.021667 0.008000 0.019333
7 0.316750 0.039667 0.009500 0.023333
7 0.320500 0.028000 0.008000 0.020000
7 0.305750 0.011667 0.010500 0.020667
7 0.315250 0.008667 0.008500 0.016000
7 0.324750 0.020667 0.009500 0.024000
7 0.336000 0.027667 0.007000 0.023333
7 0.342000 0.033667 0.007000 0.019333
8 0.342000 0.026667 0.004000 0.010667
7 0.356500 0.078000 0.010000 0.021333
7 0.368000 0.067667 0.007000 0.023333
7 0.359000 0.106333 0.009000 0.023333
7 0.198250 0.287000 0.012500 0.019333
11 0.256250 0.301000 0.038500 0.048667
9 0.272000 0.239667 0.034000 0.028667
10 0.273000 0.281000 0.044000 0.060667
11 0.298500 0.249667 0.048000 0.046000
11 0.343250 0.212667 0.044500 0.054667
7 0.361750 0.327667 0.009500 0.016667
7 0.430750 0.303667 0.007500 0.018000
7 0.426250 0.300333 0.003500 0.011333
8 0.414500 0.287000 0.008000 0.016667
8 0.406000 0.281000 0.010000 0.015333
8 0.380000 0.228333 0.007000 0.012667
7 0.402250 0.223333 0.007500 0.018667
7 0.411750 0.225000 0.007500 0.018000
7 0.428000 0.222333 0.009000 0.026000
7 0.376500 0.186000 0.006000 0.013333
10 0.453250 0.017000 0.036500 0.034000
11 0.430000 0.046000 0.034000 0.029333
11 0.505500 0.070667 0.027000 0.033333
5 0.488250 0.032333 0.012500 0.022000
3 0.490500 0.213667 0.050000 0.048667
7 0.515750 0.155667 0.005500 0.018000
3 0.550750 0.172000 0.037500 0.054667
11 0.578750 0.191333 0.042500 0.046667
7 0.591000 0.198667 0.007000 0.012000
7 0.562750 0.234333 0.005500 0.018000
8 0.564750 0.228000 0.002500 0.009333
7 0.567250 0.240000 0.005500 0.012000
7 0.572500 0.237000 0.006000 0.018000
7 0.578750 0.237000 0.004500 0.018000
7 0.520250 0.297333 0.009500 0.020000
7 0.561250 0.128333 0.005500 0.019333
7 0.563250 0.135667 0.005500 0.022000
7 0.569000 0.134000 0.006000 0.022667
7 0.570500 0.121667 0.005000 0.018000
8 0.578750 0.127000 0.008500 0.019333
5 0.578750 0.130000 0.004500 0.025333
7 0.588250 0.144667 0.008500 0.021333
7 0.591750 0.154000 0.005500 0.021333
7 0.569750 0.029333 0.004500 0.017333
7 0.556500 0.006333 0.004000 0.012667
7 0.573750 0.025333 0.005500 0.024000
7 0.577500 0.035333 0.005000 0.018667
7 0.578750 0.028000 0.004500 0.018667
1 0.587750 0.026667 0.010500 0.022667
7 0.596750 0.060667 0.006500 0.024000
7 0.601000 0.082000 0.007000 0.021333
7 0.617750 0.095333 0.004500 0.012000
7 0.624000 0.091667 0.006000 0.020667
7 0.607750 0.116333 0.007500 0.022000
7 0.611000 0.136667 0.008000 0.021333
5 0.653250 0.089667 0.012500 0.019333
8 0.664000 0.081333 0.007000 0.020000
8 0.649000 0.170333 0.008000 0.018000
8 0.665750 0.111667 0.008500 0.020667
8 0.670000 0.109667 0.008000 0.016667
5 0.664750 0.117333 0.014500 0.020000
7 0.691000 0.032000 0.011000 0.022667
7 0.699500 0.065667 0.010000 0.022000
7 0.714500 0.070333 0.009000 0.023333
7 0.714250 0.063000 0.008500 0.022000
5 0.710250 0.019667 0.012500 0.022000
7 0.717500 0.009000 0.006000 0.018000
1 0.732250 0.029667 0.010500 0.023333
7 0.751000 0.043000 0.007000 0.020667
8 0.766500 0.047333 0.010000 0.018667
8 0.768250 0.043000 0.007500 0.016667
5 0.765500 0.049667 0.007000 0.018000
8 0.725750 0.110333 0.009500 0.020667
1 0.724750 0.115000 0.009500 0.022000
7 0.738250 0.114000 0.007500 0.021333
8 0.718250 0.183000 0.008500 0.018000
1 0.715750 0.188000 0.013500 0.022667
7 0.751250 0.191333 0.011500 0.022667
8 0.755750 0.218667 0.011500 0.017333
5 0.754500 0.222000 0.010000 0.024000
7 0.750250 0.258000 0.009500 0.018667
8 0.812750 0.048667 0.009500 0.017333
7 0.813750 0.032000 0.008500 0.018667
7 0.817750 0.025000 0.008500 0.018000
8 0.811250 0.062333 0.007500 0.012667
8 0.793500 0.077000 0.008000 0.012667
8 0.783000 0.081667 0.008000 0.016667
5 0.768000 0.085333 0.016000 0.018667
7 0.801250 0.285000 0.014500 0.022000
7 0.809500 0.271333 0.014000 0.016000
7 0.810750 0.264667 0.010500 0.017333
7 0.821500 0.268333 0.013000 0.016667
7 0.816000 0.281000 0.012000 0.020667
9 0.854750 0.265667 0.030500 0.032667
1 0.880250 0.251000 0.020500 0.023333
1 0.898000 0.279333 0.019000 0.014667
8 0.849250 0.304667 0.010500 0.013333
7 0.863250 0.308667 0.013500 0.018667
7 0.867500 0.327667 0.015000 0.020667
7 0.875500 0.331667 0.013000 0.018000
7 0.851250 0.338000 0.013500 0.020000
7 0.849750 0.355667 0.014500 0.019333
8 0.818750 0.354333 0.011500 0.016667
8 0.881750 0.363667 0.014500 0.018000
7 0.870750 0.391667 0.015500 0.019333
7 0.784250 0.208000 0.010500 0.020000
7 0.879750 0.405000 0.012500 0.014000
7 0.892750 0.399000 0.013500 0.016667
7 0.899500 0.384667 0.016000 0.017333
7 0.903500 0.395667 0.015000 0.015333
8 0.881500 0.428333 0.020000 0.018000
8 0.883750 0.437333 0.012500 0.010667
5 0.880000 0.430000 0.016000 0.028000
5 0.971250 0.405000 0.016500 0.026000
1 0.988000 0.438667 0.022000 0.017333
11 0.961750 0.465333 0.065500 0.068000
7 0.895000 0.483333 0.016000 0.017333
7 0.983750 0.533667 0.022500 0.015333
7 0.963750 0.560000 0.020500 0.012000
7 0.976250 0.572000 0.019500 0.013333
11 0.694750 0.349000 0.046500 0.058000
11 0.653500 0.359333 0.051000 0.037333
5 0.630500 0.316000 0.011000 0.029333
5 0.582500 0.387667 0.012000 0.022000
5 0.729250 0.395667 0.018500 0.016667
5 0.737500 0.403667 0.018000 0.019333
8 0.705250 0.419333 0.011500 0.012000
8 0.716250 0.422333 0.007500 0.008667
8 0.712000 0.433333 0.009000 0.013333
8 0.703000 0.428333 0.009000 0.012667
8 0.437000 0.382333 0.009000 0.012667
5 0.437000 0.389000 0.009000 0.024667
11 0.475000 0.442667 0.035000 0.080000
9 0.450500 0.499667 0.019000 0.044667
11 0.404500 0.475667 0.033000 0.064667
11 0.326250 0.507667 0.055500 0.050000
11 0.470250 0.581000 0.057500 0.047333
3 0.421000 0.518667 0.036000 0.074667
7 0.394250 0.512333 0.009500 0.015333
7 0.381500 0.526000 0.012000 0.013333
7 0.385000 0.539333 0.009000 0.013333
7 0.361500 0.531333 0.010000 0.013333
7 0.355500 0.543333 0.010000 0.013333
8 0.406750 0.594333 0.008500 0.008667
8 0.408250 0.600333 0.006500 0.007333
8 0.418750 0.587000 0.013500 0.014000
9 0.415750 0.593667 0.027500 0.031333
5 0.128000 0.262333 0.022000 0.016667
8 0.138250 0.261667 0.010500 0.011333
11 0.062000 0.530000 0.051000 0.044000
3 0.131500 0.579667 0.056000 0.046000
3 0.193750 0.565667 0.048500 0.066000
3 0.128750 0.644000 0.063500 0.057333
3 0.206500 0.630333 0.060000 0.054000
7 0.188500 0.649667 0.016000 0.011333
7 0.205750 0.667333 0.020500 0.008000
3 0.265750 0.599333 0.049500 0.065333
3 0.238250 0.674667 0.064500 0.053333
11 0.084250 0.742667 0.055500 0.038667
7 0.112500 0.749000 0.021000 0.010000
7 0.116750 0.758000 0.017500 0.012000
3 0.025500 0.786667 0.051000 0.078667
3 0.068500 0.789667 0.064000 0.056667
3 0.055000 0.837333 0.079000 0.068000
3 0.117750 0.839333 0.068500 0.062667
11 0.147000 0.918667 0.057000 0.076000
11 0.156750 0.963333 0.065500 0.072000
7 0.200250 0.827333 0.016500 0.013333
3 0.263750 0.919000 0.040500 0.098000
3 0.217500 0.862667 0.058000 0.090667
7 0.239250 0.808000 0.014500 0.009333
11 0.197000 0.797000 0.066000 0.076667
11 0.284500 0.735000 0.066000 0.044667
11 0.308250 0.687667 0.063500 0.038000
11 0.350750 0.864333 0.032500 0.098000
11 0.447500 0.833000 0.065000 0.064667
3 0.411250 0.743333 0.061500 0.054667
3 0.401500 0.686000 0.061000 0.049333
3 0.433250 0.655333 0.058500 0.048000
3 0.464500 0.629667 0.057000 0.048667
8 0.494750 0.683333 0.007500 0.014667
8 0.504000 0.685333 0.011000 0.016000
5 0.503250 0.685000 0.024500 0.015333
3 0.481250 0.726667 0.063500 0.053333
3 0.504250 0.781333 0.064500 0.061333
3 0.557250 0.760000 0.066500 0.057333
11 0.576250 0.723667 0.070500 0.064667
3 0.642500 0.726333 0.067000 0.060667
8 0.621500 0.792333 0.012000 0.016667
9 0.623000 0.792333 0.020000 0.020667
3 0.583500 0.827333 0.063000 0.050667
11 0.576000 0.914333 0.069000 0.084667
3 0.664000 0.879000 0.068000 0.070000
3 0.770250 0.923667 0.069500 0.054000
11 0.838750 0.973667 0.074500 0.051333
3 0.811000 0.819000 0.069000 0.063333
11 0.885250 0.859000 0.062500 0.051333
3 0.963000 0.903000 0.073000 0.063333
