7 0.456429 0.776015 0.010000 0.021574
7 0.442500 0.982234 0.007857 0.030457
7 0.433571 0.982868 0.010000 0.026650
7 0.398929 0.726523 0.009286 0.041878
7 0.423929 0.494289 0.009286 0.024112
7 0.412857 0.487310 0.007143 0.027919
7 0.531071 0.742386 0.009286 0.030457
8 0.531071 0.734772 0.006429 0.020305
8 0.423929 0.487310 0.007857 0.012690
7 0.457500 0.656726 0.009286 0.019036
7 0.468571 0.677030 0.007143 0.016497
7 0.475714 0.685914 0.007143 0.021574
7 0.470714 0.663071 0.007143 0.013959
7 0.477500 0.670051 0.005000 0.017766
7 0.608929 0.568528 0.006429 0.020305
7 0.603571 0.572335 0.005714 0.015228
8 0.584643 0.576142 0.009286 0.012690
7 0.560000 0.536168 0.005714 0.013959
7 0.576786 0.531726 0.006429 0.027919
7 0.569643 0.526650 0.007857 0.035533
7 0.473929 0.566624 0.007857 0.026650
7 0.457500 0.451142 0.007857 0.026650
7 0.451071 0.444797 0.006429 0.029188
7 0.463571 0.427665 0.005714 0.030457
7 0.467500 0.418782 0.006429 0.032995
8 0.556429 0.328680 0.007143 0.012690
8 0.576429 0.343909 0.007143 0.010152
8 0.586429 0.342640 0.007143 0.015228
8 0.583929 0.329949 0.007857 0.017766
7 0.664286 0.218274 0.007143 0.015228
7 0.681071 0.214467 0.006429 0.027919
7 0.506071 0.168147 0.006429 0.026650
7 0.499643 0.175127 0.003571 0.020305
7 0.468571 0.089467 0.005714 0.016497
8 0.583571 0.074873 0.004286 0.012690
8 0.579643 0.081853 0.003571 0.008883
7 0.603571 0.051396 0.005714 0.024112
7 0.611429 0.050761 0.007143 0.025381
7 0.466786 0.026650 0.007857 0.017766
3 0.877500 0.487944 0.066429 0.128173
7 0.718929 0.381980 0.009286 0.020305
7 0.716429 0.375635 0.010000 0.015228
7 0.695000 0.265228 0.007143 0.022843
8 0.576071 0.323604 0.009286 0.015228
4 0.523214 0.111041 0.020714 0.021574
4 0.543929 0.065990 0.020714 0.022843
8 0.435714 0.178299 0.007143 0.016497
