3 0.512857 0.660476 0.054286 0.056190
3 0.595714 0.651429 0.035714 0.047619
3 0.639643 0.650476 0.033571 0.049524
3 0.616786 0.612381 0.026429 0.032381
3 0.744286 0.612857 0.025714 0.037143
3 0.772500 0.578571 0.022143 0.021905
3 0.760714 0.530952 0.012857 0.012381
3 0.769286 0.505714 0.010000 0.011429
3 0.724286 0.490000 0.008571 0.010476
2 0.739286 0.464286 0.005714 0.008571
3 0.747143 0.467143 0.004286 0.004762
3 0.761429 0.468571 0.004286 0.003810
11 0.800000 0.469524 0.004286 0.005714
11 0.803929 0.464762 0.003571 0.005714
3 0.798214 0.460000 0.003571 0.003810
3 0.796071 0.454286 0.003571 0.003810
3 0.780714 0.455714 0.002857 0.002857
10 0.765000 0.447143 0.002857 0.006667
7 0.028571 0.654762 0.011429 0.042857
7 0.037143 0.651429 0.011429 0.045714
