3 0.497651 0.962894 0.039144 0.070501
10 0.431106 0.911410 0.048017 0.173469
0 0.450157 0.674861 0.024530 0.097403
10 0.514092 0.659091 0.040710 0.175325
3 0.519050 0.461967 0.029749 0.105751
8 0.519572 0.467532 0.005741 0.014842
7 0.462161 0.254638 0.007829 0.036178
7 0.469468 0.164193 0.005741 0.033395
5 0.486169 0.128942 0.005741 0.033395
9 0.586900 0.103896 0.012004 0.038961
3 0.675104 0.587662 0.084029 0.058442
5 0.682411 0.489332 0.026618 0.023191
5 0.665710 0.437848 0.066284 0.057514
7 0.908925 0.399814 0.026618 0.051948
9 0.778967 0.971243 0.065240 0.053803
7 0.469468 0.022727 0.005741 0.026902
1 0.470251 0.031540 0.003132 0.031540
7 0.502349 0.018553 0.005741 0.029685
1 0.503653 0.028757 0.005219 0.027829
5 0.502871 0.118275 0.006785 0.032468
5 0.718685 0.682746 0.029228 0.025974
8 0.485386 0.117811 0.007307 0.025974
8 0.502349 0.107607 0.005741 0.025974
8 0.479906 0.511132 0.010960 0.020408
9 0.479645 0.513915 0.012526 0.059369
8 0.586378 0.949907 0.013048 0.027829
5 0.586117 0.949907 0.008351 0.063080
11 0.402140 0.016234 0.036013 0.032468
