3 0.888570 0.914193 0.033925 0.091837
3 0.947025 0.793599 0.050626 0.041744
3 0.820981 0.652134 0.026096 0.076067
3 0.632046 0.690167 0.022965 0.079777
3 0.604906 0.687384 0.021921 0.079777
3 0.869259 0.528293 0.044363 0.032468
3 0.931106 0.351113 0.029228 0.045455
3 0.883612 0.361317 0.020877 0.047310
3 0.862996 0.158163 0.015136 0.030612
3 0.866388 0.085343 0.019833 0.038961
3 0.847599 0.084879 0.020877 0.038033
3 0.884916 0.077922 0.016180 0.035250
3 0.656837 0.254174 0.017223 0.040816
3 0.635699 0.256957 0.015658 0.038961
3 0.431367 0.667440 0.020355 0.075139
3 0.403445 0.661874 0.021921 0.075139
3 0.320720 0.643785 0.023486 0.074212
3 0.252349 0.684601 0.047495 0.038961
3 0.489562 0.243970 0.014614 0.042672
3 0.484342 0.152597 0.013570 0.036178
3 0.440240 0.156308 0.015136 0.045455
3 0.450157 0.121985 0.015136 0.043599
3 0.423278 0.156308 0.014614 0.045455
11 0.452766 0.072356 0.010960 0.042672
3 0.014614 0.392857 0.027140 0.060297
3 0.007046 0.235158 0.014092 0.049165
11 0.068633 0.131262 0.019311 0.047310
3 0.026618 0.118275 0.020877 0.041744
5 0.054541 0.091837 0.005741 0.020408
8 0.052975 0.086735 0.005741 0.015770
9 0.056106 0.063080 0.008873 0.020408
8 0.054280 0.059369 0.006263 0.011132
5 0.005741 0.085343 0.007307 0.018553
3 0.042276 0.046382 0.019833 0.038961
3 0.050626 0.013915 0.019833 0.027829
3 0.121086 0.123377 0.019833 0.035250
3 0.125000 0.092301 0.016180 0.034323
3 0.130741 0.046846 0.016180 0.032468
3 0.137004 0.012987 0.017223 0.025974
0 0.272182 0.147032 0.008873 0.030612
3 0.294102 0.153525 0.018267 0.038033
3 0.312891 0.150742 0.019311 0.038033
3 0.331159 0.151206 0.019311 0.042672
