4 0.492857 0.402381 0.005714 0.016190
4 0.476429 0.170000 0.015714 0.029524
4 0.485357 0.142857 0.009286 0.020952
4 0.452500 0.219048 0.015000 0.017143
4 0.482857 0.286190 0.002857 0.008571
4 0.452143 0.321429 0.004286 0.021905
4 0.476071 0.239048 0.003571 0.003810
8 0.305000 0.863333 0.004286 0.010476
8 0.311071 0.855238 0.003571 0.011429
7 0.422500 0.719524 0.003571 0.010476
7 0.418571 0.686667 0.001429 0.009524
7 0.422143 0.664762 0.001429 0.009524
7 0.423214 0.646190 0.002143 0.010476
7 0.498214 0.430952 0.000714 0.004762
7 0.487857 0.384762 0.001429 0.005714
10 0.401071 0.356667 0.009286 0.023810
4 0.518214 0.333810 0.015000 0.014286
10 0.470000 0.206667 0.002857 0.007619
10 0.473571 0.196667 0.001429 0.004762
5 0.514286 0.903810 0.004286 0.019048
3 0.561071 0.748571 0.013571 0.024762
11 0.579643 0.864762 0.017857 0.034286
6 0.424286 0.882381 0.048571 0.042857
7 0.453214 0.892381 0.000714 0.013333
3 0.705357 0.670476 0.010714 0.020952
3 0.691786 0.685714 0.010714 0.022857
4 0.513929 0.592857 0.006429 0.016190
4 0.502857 0.552381 0.005714 0.009524
6 0.421071 0.570476 0.023571 0.072381
4 0.250357 0.805238 0.009286 0.020000
10 0.342143 0.541429 0.012857 0.031429
