11 0.688571 0.797589 0.038571 0.034264
10 0.778214 0.704949 0.027857 0.057107
11 0.766429 0.657360 0.015714 0.035533
11 0.798214 0.715102 0.010714 0.021574
11 0.758571 0.563452 0.017143 0.048223
10 0.748214 0.579315 0.033571 0.102792
3 0.726429 0.513325 0.014286 0.034264
11 0.717143 0.465102 0.011429 0.034264
11 0.708571 0.430203 0.011429 0.038071
7 0.765357 0.406091 0.002143 0.010152
11 0.676071 0.303299 0.012143 0.032995
11 0.637143 0.185914 0.011429 0.031726
11 0.580357 0.088198 0.009286 0.021574
10 0.639643 0.147843 0.020714 0.041878
10 0.677857 0.220812 0.017143 0.040609
3 0.660000 0.253173 0.011429 0.021574
10 0.744643 0.246827 0.019286 0.052030
2 0.565357 0.043147 0.010714 0.035533
3 0.573571 0.039975 0.007143 0.013959
5 0.471071 0.031726 0.003571 0.015228
11 0.848214 0.953046 0.030714 0.073604
