3 0.923571 0.822857 0.124286 0.083810
3 0.685714 0.674762 0.048571 0.033333
3 0.611786 0.723810 0.070714 0.047619
3 0.586429 0.665714 0.050000 0.036190
10 0.340000 0.650000 0.038571 0.035238
3 0.430714 0.687143 0.030000 0.040952
3 0.471786 0.680000 0.027857 0.038095
3 0.454286 0.650476 0.024286 0.030476
3 0.490714 0.637619 0.018571 0.027619
3 0.551429 0.644286 0.020000 0.027619
3 0.551071 0.616190 0.016429 0.022857
3 0.523929 0.603333 0.015000 0.020000
3 0.550000 0.591905 0.011429 0.020000
3 0.552857 0.575238 0.010000 0.015238
3 0.552500 0.565238 0.009286 0.012381
3 0.528929 0.571905 0.010714 0.012381
3 0.510714 0.551905 0.008571 0.008571
3 0.486429 0.545238 0.008571 0.008571
7 0.475714 0.531429 0.001429 0.007619
7 0.499286 0.527143 0.001429 0.006667
3 0.541071 0.544762 0.007857 0.007619
3 0.528214 0.538571 0.006429 0.006667
3 0.533929 0.530000 0.005000 0.006667
3 0.517500 0.538095 0.006429 0.007619
11 0.541071 0.516190 0.003571 0.005714
3 0.547500 0.509524 0.002143 0.001905
3 0.538929 0.510476 0.002143 0.001905
3 0.530357 0.507619 0.002143 0.001905
11 0.531786 0.505714 0.002143 0.001905
3 0.539286 0.505714 0.001429 0.001905
2 0.540000 0.503810 0.002857 0.003810
10 0.543571 0.504762 0.002857 0.003810
3 0.565714 0.508095 0.002857 0.002857
11 0.580714 0.508095 0.002857 0.002857
3 0.582143 0.511429 0.002857 0.001905
3 0.584286 0.518095 0.004286 0.003810
3 0.602143 0.524762 0.004286 0.005714
10 0.620357 0.515714 0.012143 0.006667
10 0.615357 0.514762 0.013571 0.006667
7 0.622500 0.525714 0.000714 0.003810
7 0.616071 0.525238 0.000714 0.004762
3 0.636786 0.554286 0.009286 0.009524
