3 0.246781 0.658397 0.080114 0.204198
3 0.355508 0.684637 0.082976 0.224237
3 0.458155 0.761927 0.062232 0.195611
7 0.054006 0.267176 0.040773 0.041985
7 0.253577 0.125477 0.023605 0.039122
7 0.143419 0.062977 0.033619 0.064885
7 0.089771 0.083969 0.040773 0.055344
7 0.099428 0.344943 0.044349 0.041031
7 0.454220 0.437500 0.027182 0.027672
7 0.452790 0.406966 0.020029 0.027672
7 0.490701 0.469943 0.014306 0.027672
7 0.777897 0.599237 0.027897 0.024809
10 0.077611 0.571088 0.155222 0.292939
3 0.502861 0.073473 0.138770 0.118321
3 0.896996 0.236164 0.141631 0.107824
3 0.747854 0.327290 0.079399 0.188931
3 0.674535 0.300095 0.075823 0.187977
3 0.596567 0.265267 0.090129 0.196565
11 0.424177 0.224714 0.101574 0.184160
11 0.507153 0.260019 0.097282 0.210878
11 0.818312 0.380725 0.078684 0.179389
11 0.891631 0.419370 0.087983 0.189885
11 0.957439 0.426050 0.075107 0.191794
1 0.648784 0.074427 0.024320 0.064885
7 0.118383 0.436546 0.042203 0.025763
7 0.086552 0.378817 0.044349 0.028626
7 0.066524 0.406011 0.048641 0.035305
7 0.065451 0.367366 0.033619 0.017176
7 0.062232 0.353053 0.044349 0.019084
7 0.043634 0.348760 0.034335 0.018130
7 0.481044 0.447042 0.015021 0.031489
7 0.380901 0.282920 0.012160 0.027672
7 0.523963 0.350668 0.015021 0.039122
8 0.463877 0.495706 0.029328 0.033397
8 0.662017 0.572042 0.025036 0.029580
8 0.827253 0.571088 0.037911 0.037214
8 0.018598 0.392176 0.024320 0.030534
1 0.463877 0.498092 0.049356 0.034351
1 0.656652 0.574427 0.054363 0.026718
5 0.820100 0.572996 0.032189 0.058206
6 0.812232 0.697519 0.030758 0.036260
7 0.793991 0.692271 0.047210 0.033397
7 0.854435 0.544370 0.029328 0.027672
0 0.961016 0.551050 0.062232 0.073473
7 0.682761 0.012882 0.020744 0.025763
