11 0.832857 0.515863 0.074286 0.064721
11 0.958571 0.463198 0.072857 0.083756
11 0.763214 0.390863 0.029286 0.091371
11 0.725000 0.401650 0.032857 0.095178
11 0.688571 0.414975 0.031429 0.096447
11 0.643571 0.454949 0.037143 0.100254
3 0.913929 0.282360 0.049286 0.052030
2 0.684643 0.177030 0.055000 0.168782
3 0.630714 0.239213 0.030000 0.085025
2 0.600714 0.196701 0.064286 0.190355
11 0.593571 0.378173 0.035714 0.096447
2 0.553571 0.371193 0.060000 0.173858
3 0.632143 0.085025 0.028571 0.058376
3 0.509643 0.755076 0.052143 0.121827
2 0.503571 0.576142 0.085714 0.246193
10 0.367143 0.887056 0.130000 0.116751
11 0.318929 0.743020 0.070714 0.087563
2 0.181071 0.640228 0.162143 0.176396
3 0.065000 0.549492 0.042857 0.058376
2 0.023929 0.517132 0.045000 0.128173
3 0.308214 0.331218 0.039286 0.068528
3 0.381786 0.477792 0.053571 0.057107
7 0.007500 0.803299 0.013571 0.032995
10 0.644643 0.022208 0.029286 0.041878
7 0.692500 0.279188 0.007857 0.027919
7 0.668571 0.356599 0.007143 0.025381
2 0.942500 0.174492 0.113571 0.128173
2 0.822143 0.123096 0.132857 0.119289
7 0.817500 0.064721 0.006429 0.022843
7 0.825714 0.074873 0.007143 0.025381
7 0.731786 0.166244 0.007857 0.035533
7 0.725000 0.159264 0.008571 0.029188
