10 0.601786 0.877538 0.039286 0.107868
10 0.665000 0.701777 0.044286 0.111675
11 0.628214 0.720812 0.022143 0.058376
3 0.550714 0.543147 0.018571 0.045685
3 0.580000 0.497462 0.015714 0.040609
7 0.630357 0.508249 0.006429 0.016497
7 0.491429 0.340102 0.002857 0.015228
7 0.483929 0.382614 0.003571 0.016497
3 0.521429 0.361675 0.015714 0.030457
5 0.512143 0.326142 0.004286 0.017766
8 0.512143 0.322970 0.004286 0.013959
10 0.568929 0.296320 0.013571 0.039340
3 0.512857 0.289975 0.010000 0.026650
3 0.514643 0.262690 0.010714 0.025381
2 0.518214 0.215102 0.013571 0.041878
3 0.524286 0.194162 0.008571 0.020305
11 0.538571 0.194162 0.008571 0.020305
7 0.498929 0.192259 0.002143 0.011421
7 0.506429 0.192259 0.002857 0.013959
7 0.501429 0.176396 0.002857 0.012690
7 0.480357 0.131980 0.002143 0.010152
3 0.411786 0.110406 0.017857 0.015228
2 0.445000 0.102792 0.040000 0.038071
7 0.542857 0.081853 0.002857 0.013959
7 0.550357 0.085025 0.002143 0.012690
7 0.565714 0.086294 0.002857 0.012690
7 0.511429 0.058376 0.001429 0.012690
7 0.520000 0.046320 0.002857 0.013959
7 0.535357 0.014594 0.002143 0.011421
7 0.513929 0.028553 0.002143 0.011421
7 0.318571 0.180838 0.002857 0.013959
7 0.318929 0.130076 0.003571 0.011421
7 0.113571 0.341371 0.004286 0.015228
7 0.155000 0.319797 0.002857 0.012690
7 0.116786 0.270305 0.003571 0.012690
7 0.123929 0.253807 0.003571 0.012690
7 0.128929 0.245558 0.003571 0.011421
7 0.129286 0.239213 0.004286 0.011421
7 0.133571 0.241117 0.004286 0.012690
7 0.136429 0.240482 0.004286 0.013959
7 0.137143 0.251269 0.004286 0.012690
7 0.146071 0.240482 0.005000 0.013959
7 0.150714 0.245558 0.004286 0.013959
7 0.157143 0.246827 0.004286 0.011421
7 0.165000 0.241117 0.004286 0.017766
7 0.169643 0.242386 0.003571 0.012690
7 0.171786 0.246827 0.003571 0.013959
7 0.086429 0.293147 0.005714 0.015228
7 0.208929 0.255711 0.005000 0.013959
7 0.218929 0.259518 0.005000 0.013959
7 0.246071 0.262690 0.005000 0.012690
7 0.245714 0.259518 0.004286 0.013959
7 0.251071 0.257614 0.005000 0.015228
10 0.360000 0.086929 0.022857 0.026650
3 0.392500 0.039340 0.009286 0.017766
3 0.397857 0.024746 0.008571 0.013959
3 0.404643 0.012056 0.009286 0.016497
7 0.617143 0.128807 0.002857 0.013959
3 0.236071 0.052030 0.015000 0.017766
2 0.234286 0.032995 0.020000 0.027919
10 0.221071 0.010152 0.015000 0.020305
