3 0.380357 0.624762 0.052143 0.060952
3 0.452500 0.648095 0.033571 0.069524
3 0.521786 0.663810 0.037857 0.095238
3 0.558214 0.672857 0.037857 0.084762
3 0.638214 0.690476 0.036429 0.091429
3 0.677143 0.697619 0.038571 0.098095
3 0.647857 0.580000 0.065714 0.040000
3 0.790000 0.498095 0.067143 0.028571
3 0.775714 0.530952 0.070000 0.033333
11 0.591786 0.446190 0.057857 0.037143
3 0.069643 0.273333 0.025000 0.019048
3 0.088929 0.262381 0.023571 0.023810
3 0.153929 0.227143 0.022143 0.020000
3 0.166786 0.221429 0.027857 0.016190
3 0.251071 0.213810 0.025000 0.021905
3 0.222500 0.226190 0.025000 0.021905
3 0.181429 0.212857 0.028571 0.014286
3 0.665714 0.159524 0.022857 0.010476
3 0.656429 0.166667 0.024286 0.015238
3 0.210714 0.253333 0.031429 0.020952
3 0.135357 0.237143 0.030714 0.017143
3 0.115357 0.245714 0.027857 0.019048
3 0.207500 0.199524 0.020714 0.016190
3 0.266071 0.170476 0.023571 0.013333
10 0.232500 0.177143 0.039286 0.028571
11 0.277500 0.160476 0.023571 0.016190
3 0.360357 0.123333 0.020714 0.010476
10 0.327143 0.165238 0.061429 0.042857
11 0.625714 0.075714 0.018571 0.029524
3 0.645714 0.070476 0.007143 0.009524
6 0.692857 0.054286 0.020000 0.026667
3 0.737500 0.004762 0.002143 0.003810
7 0.683929 0.173333 0.002143 0.011429
7 0.687857 0.164286 0.002857 0.008571
11 0.971786 0.382857 0.055000 0.032381
11 0.871071 0.354762 0.065000 0.035238
10 0.896071 0.380476 0.077857 0.044762
10 0.887500 0.338095 0.083571 0.060952
10 0.881786 0.350476 0.075000 0.064762
10 0.962857 0.364286 0.072857 0.044762
