3 0.494250 0.834667 0.094500 0.221333
5 0.216000 0.707667 0.032000 0.076667
5 0.256500 0.571000 0.050000 0.040667
5 0.310250 0.435000 0.037500 0.039333
5 0.416500 0.379667 0.029000 0.028667
5 0.449500 0.328000 0.038000 0.028000
5 0.371250 0.303667 0.023500 0.023333
5 0.374500 0.285667 0.022000 0.023333
1 0.443250 0.356667 0.028500 0.029333
3 0.978750 0.320333 0.041500 0.039333
11 0.916250 0.280000 0.052500 0.040000
7 0.933750 0.314000 0.013500 0.034667
5 0.830250 0.211667 0.013500 0.012667
1 0.826250 0.210333 0.016500 0.012667
5 0.813250 0.207000 0.016500 0.010000
5 0.812750 0.200667 0.011500 0.008000
5 0.788000 0.189000 0.006000 0.012667
5 0.779000 0.183333 0.005000 0.014667
5 0.770500 0.179667 0.006000 0.015333
5 0.581750 0.335333 0.010500 0.026667
5 0.591750 0.328000 0.011500 0.022667
5 0.545500 0.311333 0.010000 0.026667
8 0.580250 0.316333 0.011500 0.022000
8 0.590000 0.311333 0.012000 0.020000
8 0.545250 0.295333 0.011500 0.020000
3 0.495500 0.367333 0.041000 0.056000
1 0.458000 0.298333 0.025000 0.026000
1 0.452750 0.241333 0.006500 0.018667
8 0.453000 0.229333 0.006000 0.018667
3 0.492500 0.271333 0.030000 0.036000
11 0.495250 0.239000 0.022500 0.039333
3 0.724750 0.208667 0.028500 0.029333
11 0.742250 0.174667 0.024500 0.026667
3 0.718750 0.164333 0.018500 0.016667
3 0.712250 0.155000 0.013500 0.018000
3 0.693750 0.153333 0.019500 0.018667
3 0.671500 0.135667 0.012000 0.011333
3 0.662500 0.128667 0.013000 0.012000
3 0.662750 0.120333 0.008500 0.010000
3 0.645500 0.119333 0.011000 0.009333
3 0.640250 0.116333 0.009500 0.008667
3 0.634750 0.114333 0.008500 0.008667
3 0.630000 0.111333 0.009000 0.009333
3 0.623250 0.107000 0.009500 0.008667
3 0.614250 0.103333 0.009500 0.010667
3 0.610250 0.101333 0.007500 0.012000
3 0.621750 0.112000 0.009500 0.008000
3 0.620750 0.117000 0.009500 0.011333
10 0.646250 0.144000 0.022500 0.030667
10 0.589000 0.103333 0.011000 0.018667
3 0.579500 0.098667 0.008000 0.010667
3 0.579500 0.093333 0.007000 0.008000
3 0.573000 0.090000 0.006000 0.006667
3 0.608500 0.095333 0.020000 0.009333
3 0.603250 0.093667 0.014500 0.008667
3 0.594250 0.091667 0.005500 0.004667
3 0.590250 0.089000 0.004500 0.006000
3 0.587500 0.087333 0.005000 0.006667
9 0.566500 0.088000 0.003000 0.005333
1 0.457500 0.128000 0.006000 0.008000
5 0.459250 0.123333 0.008500 0.008000
10 0.559250 0.181667 0.018500 0.024667
2 0.555000 0.149667 0.020000 0.036667
11 0.477500 0.136000 0.011000 0.017333
7 0.468750 0.145667 0.003500 0.015333
3 0.495750 0.137667 0.010500 0.014000
3 0.539750 0.103000 0.007500 0.010000
3 0.521250 0.095667 0.007500 0.008667
3 0.512750 0.075333 0.004500 0.005333
3 0.511500 0.072000 0.005000 0.005333
3 0.499250 0.128667 0.009500 0.012000
3 0.494250 0.123667 0.008500 0.010000
3 0.498750 0.119667 0.008500 0.008667
3 0.494250 0.111000 0.007500 0.007333
3 0.494500 0.108000 0.006000 0.006667
3 0.495250 0.104333 0.007500 0.006000
3 0.494000 0.098333 0.007000 0.008667
3 0.488000 0.095000 0.013000 0.007333
3 0.490000 0.094000 0.010000 0.009333
3 0.496500 0.091000 0.005000 0.007333
11 0.493250 0.089000 0.003500 0.007333
7 0.495750 0.085000 0.001500 0.007333
7 0.507500 0.086333 0.002000 0.007333
7 0.500500 0.096667 0.003000 0.008000
8 0.508500 0.094333 0.002000 0.004667
5 0.508750 0.099667 0.003500 0.004667
