7 0.027857 0.191429 0.007143 0.005714
7 0.029286 0.198571 0.005714 0.008571
7 0.043929 0.190476 0.006429 0.007619
7 0.020714 0.226667 0.007143 0.005714
7 0.033571 0.243333 0.004286 0.006667
7 0.028929 0.237619 0.006429 0.006667
7 0.032143 0.233810 0.005714 0.006667
7 0.026429 0.230952 0.005714 0.004762
7 0.025357 0.276190 0.010714 0.005714
7 0.025357 0.282381 0.010714 0.004762
7 0.026429 0.289048 0.010000 0.004762
7 0.025357 0.299048 0.012143 0.005714
7 0.026071 0.307619 0.009286 0.007619
7 0.041071 0.322857 0.005000 0.007619
7 0.047143 0.368095 0.008571 0.002857
7 0.050357 0.373333 0.007857 0.005714
7 0.051786 0.380476 0.007857 0.006667
7 0.045000 0.379524 0.007143 0.006667
7 0.045000 0.412381 0.014286 0.007619
7 0.066071 0.498095 0.007857 0.007619
7 0.081786 0.519524 0.009286 0.004762
7 0.075357 0.519048 0.009286 0.005714
7 0.065714 0.620952 0.011429 0.003810
7 0.063571 0.624762 0.010000 0.003810
7 0.060714 0.644762 0.008571 0.007619
7 0.068929 0.666190 0.009286 0.008571
7 0.065000 0.686190 0.010000 0.002857
7 0.056786 0.717143 0.012143 0.007619
7 0.073571 0.714286 0.008571 0.005714
7 0.070000 0.730952 0.008571 0.006667
7 0.081786 0.730000 0.009286 0.006667
7 0.067500 0.693333 0.009286 0.003810
7 0.091071 0.758095 0.009286 0.005714
7 0.089286 0.868095 0.012857 0.012381
7 0.092500 0.881429 0.010714 0.008571
7 0.065000 0.989524 0.010000 0.011429
7 0.077143 0.979048 0.007143 0.007619
7 0.088929 0.964762 0.010714 0.007619
7 0.085714 0.972857 0.008571 0.004762
1 0.275714 0.807619 0.005714 0.015238
5 0.286786 0.784762 0.007857 0.017143
3 0.551071 0.021429 0.015000 0.035238
3 0.622143 0.101905 0.028571 0.020952
10 0.793929 0.519524 0.017857 0.048571
10 0.848929 0.433810 0.017857 0.031429
5 0.820357 0.403333 0.005000 0.014286
5 0.963929 0.641429 0.007857 0.008571
3 0.974286 0.600952 0.024286 0.038095
10 0.925357 0.486190 0.049286 0.031429
3 0.557857 0.540952 0.014286 0.038095
3 0.577857 0.418095 0.012857 0.036190
10 0.538571 0.338571 0.014286 0.037143
