3 0.136429 0.931905 0.065714 0.044762
3 0.135357 0.889048 0.059286 0.039048
3 0.127143 0.787143 0.071429 0.040952
3 0.227143 0.880952 0.030000 0.081905
3 0.280000 0.920476 0.061429 0.040952
3 0.278571 0.820000 0.061429 0.038095
3 0.282143 0.779048 0.057143 0.038095
3 0.280357 0.733810 0.063571 0.037143
3 0.399286 0.959048 0.030000 0.080000
3 0.400357 0.854762 0.029286 0.082857
3 0.405714 0.767619 0.028571 0.074286
9 0.405000 0.703810 0.031429 0.026667
3 0.413571 0.629048 0.030000 0.079048
3 0.406786 0.559048 0.056429 0.034286
3 0.406786 0.490000 0.057857 0.031429
3 0.409286 0.445714 0.052857 0.036190
3 0.412143 0.409524 0.055714 0.034286
3 0.415714 0.370000 0.057143 0.037143
3 0.415000 0.332857 0.058571 0.037143
3 0.415000 0.291429 0.050000 0.032381
3 0.421071 0.195714 0.055000 0.046667
11 0.367500 0.178095 0.025000 0.060952
3 0.425714 0.024762 0.057143 0.038095
5 0.344286 0.157619 0.018571 0.014286
7 0.355000 0.212381 0.007143 0.017143
7 0.340357 0.302381 0.007857 0.014286
3 0.546429 0.963810 0.028571 0.070476
3 0.611786 0.798095 0.026429 0.085714
5 0.567143 0.499524 0.008571 0.027619
8 0.567143 0.497619 0.008571 0.014286
5 0.557857 0.082381 0.008571 0.027619
8 0.558571 0.077143 0.007143 0.015238
9 0.740357 0.879048 0.015000 0.045714
11 0.802143 0.792857 0.025714 0.063810
7 0.766429 0.709524 0.005714 0.019048
3 0.742143 0.622857 0.025714 0.066667
7 0.760714 0.424762 0.010000 0.017143
3 0.745714 0.472381 0.025714 0.070476
3 0.877857 0.503333 0.052857 0.033333
1 0.749643 0.277619 0.015000 0.018095
7 0.780357 0.055238 0.007857 0.020952
5 0.767857 0.045714 0.017143 0.015238
3 0.750714 0.052381 0.031429 0.036190
