7 0.807857 0.971429 0.041429 0.055238
7 0.452143 0.864286 0.028571 0.061905
10 0.338929 0.813810 0.237857 0.151429
0 0.371429 0.635714 0.055714 0.103810
3 0.658571 0.551905 0.121429 0.155238
3 0.724643 0.453333 0.122143 0.114286
3 0.546429 0.325238 0.062857 0.111429
11 0.608929 0.238095 0.045000 0.072381
11 0.430000 0.184286 0.048571 0.069524
0 0.510357 0.470476 0.040714 0.093333
7 0.496071 0.478095 0.017857 0.057143
7 0.427857 0.510952 0.017143 0.050476
7 0.479643 0.346667 0.017857 0.055238
7 0.423214 0.266190 0.015000 0.046667
8 0.471071 0.208571 0.010714 0.041905
8 0.702857 0.281905 0.018571 0.038095
8 0.684643 0.194762 0.015000 0.029524
7 0.686429 0.126190 0.011429 0.039048
0 0.462500 0.353810 0.043571 0.052381
0 0.731786 0.342857 0.069286 0.049524
10 0.727143 0.225238 0.128571 0.075238
10 0.710357 0.111905 0.063571 0.109524
10 0.581786 0.053810 0.053571 0.107619
7 0.613214 0.015238 0.007857 0.030476
8 0.449643 0.041905 0.010714 0.026667
7 0.664286 0.278571 0.014286 0.046667
7 0.856786 0.466190 0.033571 0.056190
8 0.872857 0.471429 0.024286 0.045714
3 0.957143 0.618095 0.084286 0.112381
