3 0.103214 0.802381 0.202143 0.132381
3 0.346429 0.830476 0.205714 0.135238
3 0.621071 0.824762 0.209286 0.135238
3 0.911071 0.835238 0.176429 0.121905
7 0.154643 0.960000 0.040714 0.070476
7 0.134643 0.968095 0.035000 0.056190
3 0.037500 0.367143 0.070714 0.035238
3 0.049643 0.324286 0.065000 0.046667
3 0.107857 0.332857 0.067143 0.035238
7 0.242143 0.331429 0.024286 0.041905
7 0.511429 0.340476 0.017143 0.033333
7 0.550714 0.332857 0.012857 0.035238
7 0.638571 0.335238 0.017143 0.038095
7 0.770000 0.327619 0.011429 0.026667
7 0.805000 0.332857 0.014286 0.042857
3 0.285357 0.290000 0.059286 0.029524
3 0.433571 0.285238 0.040000 0.027619
3 0.536429 0.279524 0.032857 0.029524
7 0.824286 0.240476 0.011429 0.027619
7 0.778571 0.319524 0.012857 0.033333
