3 0.751786 0.499365 0.027857 0.115482
3 0.674286 0.494289 0.027143 0.095178
3 0.571071 0.513959 0.025000 0.111675
3 0.513929 0.498731 0.026429 0.088832
3 0.475714 0.527284 0.028571 0.105330
3 0.635714 0.741751 0.025714 0.102792
3 0.565357 0.746827 0.026429 0.105330
3 0.519286 0.744924 0.041429 0.081218
3 0.252143 0.182107 0.057143 0.041878
3 0.239643 0.446701 0.050714 0.045685
3 0.042500 0.442893 0.067857 0.055838
3 0.415714 0.623096 0.057143 0.053299
3 0.428571 0.685279 0.061429 0.058376
3 0.412500 0.738579 0.056429 0.073604
3 0.347857 0.531726 0.024286 0.101523
3 0.315000 0.543782 0.025714 0.100254
3 0.284286 0.534898 0.024286 0.097716
3 0.221429 0.537437 0.025714 0.097716
3 0.187500 0.542513 0.029286 0.102792
3 0.155357 0.526015 0.025000 0.090102
3 0.125714 0.529822 0.025714 0.092640
3 0.091786 0.532995 0.029286 0.101523
3 0.059643 0.536802 0.026429 0.081218
3 0.028214 0.534898 0.027857 0.102792
3 0.027143 0.757614 0.047143 0.096447
3 0.062143 0.760152 0.040000 0.096447
3 0.099286 0.757614 0.047143 0.104061
3 0.186429 0.738579 0.054286 0.101523
3 0.237143 0.748731 0.044286 0.088832
3 0.358571 0.753173 0.051429 0.095178
11 0.303571 0.760152 0.038571 0.086294
3 0.269286 0.743020 0.032857 0.102792
11 0.387857 0.556472 0.045714 0.095178
3 0.251429 0.532995 0.031429 0.096447
11 0.140000 0.751904 0.062857 0.102792
3 0.337500 0.187183 0.055000 0.046954
11 0.075357 0.182741 0.052143 0.043147
11 0.598571 0.741117 0.021429 0.091371
11 0.791429 0.526015 0.025714 0.092640
3 0.845000 0.744924 0.031429 0.098985
3 0.880357 0.741751 0.026429 0.097716
3 0.920000 0.743655 0.028571 0.088832
7 0.420357 0.405457 0.007857 0.016497
7 0.411429 0.417513 0.007143 0.015228
