10 0.158214 0.512690 0.103571 0.071066
10 0.264286 0.504442 0.090000 0.077411
10 0.631429 0.528553 0.105714 0.085025
10 0.891786 0.506345 0.100714 0.086294
10 0.931071 0.359772 0.087857 0.064721
3 0.511786 0.920685 0.025000 0.110406
3 0.578214 0.916878 0.026429 0.090102
3 0.607500 0.909898 0.023571 0.086294
3 0.637857 0.916244 0.027143 0.088832
3 0.690357 0.908629 0.036429 0.098985
3 0.581429 0.984137 0.025714 0.026650
3 0.668214 0.973985 0.027857 0.046954
3 0.703571 0.979695 0.025714 0.035533
3 0.093571 0.062817 0.017143 0.019036
10 0.622857 0.624365 0.034286 0.091371
10 0.587500 0.625635 0.033571 0.083756
3 0.022857 0.921320 0.037143 0.083756
