11 0.382143 0.354286 0.030000 0.020952
3 0.400357 0.367143 0.010714 0.006667
3 0.122143 0.471429 0.015714 0.013333
3 0.137500 0.480000 0.020714 0.015238
3 0.010714 0.519524 0.020000 0.018095
5 0.092500 0.552857 0.010714 0.014286
5 0.126071 0.555238 0.013571 0.013333
5 0.130357 0.550476 0.012143 0.019048
5 0.112500 0.542857 0.010714 0.011429
5 0.119286 0.537619 0.007143 0.008571
5 0.205714 0.573810 0.012857 0.012381
5 0.125714 0.564762 0.010000 0.007619
5 0.110000 0.573333 0.011429 0.011429
5 0.096071 0.570476 0.010714 0.011429
5 0.121071 0.566667 0.009286 0.011429
11 0.212500 0.561429 0.016429 0.018095
11 0.208571 0.623810 0.032857 0.041905
3 0.199286 0.659048 0.031429 0.032381
11 0.109286 0.978571 0.071429 0.040952
3 0.265357 0.824286 0.045000 0.060000
3 0.307500 0.820476 0.039286 0.054286
3 0.431071 0.602857 0.022143 0.028571
11 0.389286 0.646667 0.028571 0.030476
11 0.358214 0.702381 0.043571 0.056190
5 0.437857 0.670000 0.012857 0.012381
5 0.444643 0.661429 0.010714 0.012381
5 0.451786 0.649048 0.009286 0.016190
5 0.455714 0.635714 0.011429 0.014286
3 0.489286 0.534762 0.020000 0.020000
3 0.487500 0.511905 0.017857 0.020000
3 0.521429 0.499048 0.017143 0.019048
3 0.516786 0.484762 0.017857 0.019048
3 0.539643 0.455714 0.013571 0.018095
3 0.567500 0.440476 0.012143 0.018095
3 0.581786 0.420952 0.015000 0.015238
11 0.557500 0.425238 0.019286 0.027619
11 0.598929 0.597143 0.043571 0.036190
3 0.754643 0.207143 0.003571 0.002857
11 0.706429 0.241905 0.005714 0.009524
11 0.695357 0.256190 0.007857 0.015238
3 0.693571 0.234286 0.005714 0.007619
11 0.684286 0.274286 0.005714 0.007619
11 0.662857 0.298095 0.005714 0.009524
11 0.643929 0.323810 0.009286 0.015238
11 0.654286 0.309524 0.007143 0.013333
11 0.630714 0.343333 0.014286 0.023810
3 0.677143 0.273333 0.005714 0.007619
3 0.676786 0.286190 0.003571 0.004762
3 0.672500 0.292857 0.005000 0.006667
11 0.611071 0.365714 0.006429 0.013333
2 0.594286 0.390000 0.024286 0.029524
