3 0.634286 0.010952 0.021429 0.021905
7 0.671429 0.007619 0.005714 0.015238
5 0.512500 0.017619 0.017857 0.014286
5 0.513929 0.028571 0.019286 0.015238
5 0.491071 0.062381 0.017857 0.027619
5 0.493571 0.080952 0.018571 0.020952
5 0.502500 0.095238 0.019286 0.019048
5 0.480714 0.200476 0.022857 0.020000
5 0.636429 0.288571 0.020000 0.026667
5 0.633214 0.308095 0.013571 0.025714
5 0.462143 0.281905 0.024286 0.022857
5 0.461429 0.298571 0.022857 0.023810
5 0.446786 0.390952 0.022143 0.027619
5 0.442143 0.410000 0.025714 0.020000
5 0.500000 0.455238 0.012857 0.041905
0 0.429286 0.469048 0.042857 0.031429
5 0.459286 0.683810 0.011429 0.038095
5 0.599286 0.777143 0.030000 0.022857
5 0.583571 0.894286 0.028571 0.017143
5 0.580714 0.933333 0.020000 0.041905
7 0.427500 0.895714 0.015000 0.014286
8 0.459286 0.678095 0.010000 0.009524
8 0.460714 0.672381 0.007143 0.005714
7 0.626071 0.640476 0.006429 0.020000
8 0.499286 0.456190 0.010000 0.024762
5 0.601429 0.459524 0.027143 0.025714
3 0.539643 0.035714 0.026429 0.052381
3 0.529286 0.094762 0.024286 0.058095
3 0.518929 0.155238 0.026429 0.060952
3 0.610357 0.259524 0.026429 0.065714
3 0.490000 0.317619 0.031429 0.071429
3 0.482143 0.401429 0.030000 0.079048
3 0.496071 0.576667 0.033571 0.086667
3 0.356071 0.472857 0.075000 0.050476
11 0.319286 0.522381 0.055714 0.037143
3 0.408929 0.552857 0.077857 0.048571
3 0.436429 0.644286 0.038571 0.101905
3 0.522500 0.682381 0.045000 0.109524
3 0.563214 0.741905 0.035000 0.095238
3 0.392857 0.905714 0.050000 0.131429
3 0.541429 0.943810 0.042857 0.110476
