1 0.213250 0.947667 0.042500 0.102000
11 0.403250 0.841000 0.100500 0.246000
3 0.452750 0.609000 0.080500 0.164667
11 0.364750 0.013667 0.025500 0.027333
11 0.425500 0.046667 0.038000 0.028000
2 0.883250 0.811000 0.232500 0.375333
3 0.488500 0.387667 0.048000 0.091333
3 0.520250 0.245000 0.034500 0.054000
11 0.690250 0.298667 0.048500 0.094667
3 0.532750 0.171333 0.029500 0.041333
3 0.539500 0.135667 0.030000 0.046000
3 0.544500 0.111333 0.025000 0.032000
3 0.550750 0.072667 0.022500 0.030667
3 0.554000 0.053667 0.021000 0.024667
3 0.555750 0.038333 0.019500 0.022000
3 0.559250 0.026333 0.018500 0.024667
3 0.559750 0.013000 0.016500 0.019333
3 0.563250 0.006333 0.016500 0.012667
10 0.611500 0.161333 0.026000 0.049333
3 0.648500 0.095000 0.025000 0.034000
3 0.659250 0.049667 0.022500 0.032667
3 0.634500 0.007667 0.017000 0.015333
8 0.595750 0.015667 0.005500 0.019333
5 0.595500 0.019000 0.006000 0.015333
3 0.961000 0.277333 0.060000 0.052000
3 0.810750 0.176667 0.031500 0.041333
3 0.982500 0.203000 0.034000 0.050000
3 0.969250 0.179000 0.055500 0.042000
3 0.955000 0.154000 0.051000 0.036000
11 0.920250 0.122333 0.039500 0.039333
11 0.901000 0.104000 0.033000 0.034667
11 0.970750 0.075333 0.047500 0.029333
3 0.972000 0.084333 0.047000 0.027333
11 0.976750 0.094000 0.045500 0.033333
3 0.985750 0.105000 0.027500 0.032667
7 0.871750 0.086000 0.010500 0.029333
7 0.868000 0.083333 0.009000 0.028000
7 0.862250 0.085000 0.010500 0.030000
7 0.860000 0.082333 0.012000 0.028667
3 0.871000 0.079667 0.027000 0.031333
4 0.989000 0.034000 0.014000 0.012000
3 0.985250 0.013667 0.028500 0.022000
3 0.751000 0.031000 0.023000 0.026000
8 0.776000 0.005333 0.006000 0.010667
1 0.774750 0.007000 0.005500 0.014000
3 0.800500 0.008667 0.025000 0.017333
3 0.811250 0.017667 0.022500 0.020667
3 0.824750 0.031667 0.026500 0.022000
8 0.823750 0.037333 0.007500 0.018667
1 0.823250 0.043333 0.009500 0.013333
7 0.832000 0.009667 0.006000 0.019333
7 0.842250 0.014333 0.005500 0.020667
7 0.851000 0.023333 0.006000 0.021333
7 0.856750 0.023000 0.006500 0.022000
