3 0.263831 0.946660 0.075678 0.069573
3 0.271138 0.838590 0.063152 0.063080
3 0.283664 0.739796 0.063152 0.058442
3 0.559499 0.807514 0.059499 0.045455
3 0.536013 0.627551 0.045929 0.064007
3 0.563152 0.659091 0.052192 0.064007
3 0.027401 0.327922 0.019311 0.030612
3 0.096555 0.358071 0.034447 0.029685
3 0.097077 0.334879 0.032359 0.022263
11 0.094468 0.108998 0.018789 0.017625
3 0.104384 0.103896 0.017745 0.011132
3 0.103079 0.094620 0.023486 0.012987
3 0.109603 0.087199 0.014614 0.009276
3 0.115866 0.078386 0.024008 0.015770
3 0.130741 0.056586 0.020355 0.014842
3 0.138309 0.042672 0.017745 0.014842
11 0.158664 0.106679 0.021921 0.018553
3 0.152662 0.101577 0.022443 0.017625
3 0.155271 0.093228 0.023486 0.015770
3 0.169885 0.126623 0.027662 0.021336
3 0.177453 0.131262 0.020877 0.017625
11 0.185021 0.133581 0.020355 0.020408
11 0.210856 0.139610 0.016701 0.015770
4 0.155010 0.068646 0.008351 0.022263
4 0.198852 0.136827 0.004175 0.013915
0 0.274791 0.779221 0.037056 0.048237
3 0.488779 0.157236 0.012004 0.021336
3 0.503653 0.155380 0.012526 0.021336
3 0.516701 0.155380 0.012526 0.017625
3 0.530010 0.152134 0.013048 0.022263
11 0.587422 0.147495 0.016180 0.020408
11 0.600731 0.144712 0.012526 0.020408
3 0.648486 0.138219 0.015136 0.018553
3 0.699896 0.133581 0.016701 0.016698
11 0.723121 0.129406 0.016180 0.019481
3 0.750783 0.124768 0.016180 0.019481
3 0.764353 0.122449 0.016180 0.018553
3 0.785752 0.122449 0.017223 0.020408
3 0.796451 0.117811 0.014614 0.018553
3 0.809238 0.115955 0.014092 0.016698
