3 0.074643 0.167513 0.055000 0.098985
8 0.239286 0.883249 0.010000 0.022843
8 0.246786 0.871193 0.013571 0.021574
8 0.233571 0.850888 0.011429 0.024112
8 0.252143 0.852157 0.011429 0.021574
8 0.256071 0.833122 0.009286 0.021574
8 0.362857 0.755711 0.022857 0.021574
7 0.386429 0.619289 0.008571 0.027919
8 0.282857 0.703680 0.012857 0.021574
8 0.272500 0.694797 0.012143 0.021574
7 0.425000 0.515228 0.012857 0.040609
7 0.395357 0.468909 0.007857 0.034264
7 0.402500 0.470178 0.006429 0.031726
7 0.307857 0.413706 0.010000 0.030457
7 0.307857 0.407995 0.010000 0.029188
7 0.498214 0.262056 0.007857 0.034264
7 0.517857 0.274112 0.007143 0.032995
8 0.510714 0.385152 0.017143 0.019036
8 0.507500 0.395939 0.009286 0.022843
8 0.396071 0.232868 0.009286 0.021574
7 0.471786 0.258249 0.007857 0.029188
7 0.456429 0.288071 0.008571 0.032995
7 0.368214 0.253807 0.007857 0.027919
8 0.480357 0.071066 0.009286 0.025381
8 0.468571 0.274112 0.011429 0.022843
8 0.353571 0.175761 0.008571 0.016497
8 0.352143 0.170685 0.008571 0.019036
7 0.433571 0.442893 0.010000 0.035533
8 0.242857 0.833756 0.011429 0.025381
8 0.481786 0.070431 0.010714 0.024112
8 0.383571 0.042513 0.008571 0.019036
