3 0.225000 0.319162 0.041429 0.046954
3 0.274643 0.340102 0.039286 0.060914
3 0.374286 0.171320 0.030000 0.043147
3 0.438571 0.078680 0.024286 0.032995
3 0.416786 0.010787 0.023571 0.021574
3 0.475714 0.486041 0.025714 0.055838
3 0.567143 0.357234 0.022857 0.052030
3 0.361786 0.622462 0.029286 0.057107
3 0.657500 0.817259 0.026429 0.091371
3 0.598571 0.119289 0.012857 0.030457
3 0.648571 0.102792 0.012857 0.027919
11 0.981786 0.820431 0.033571 0.095178
11 0.586429 0.236675 0.018571 0.046954
11 0.497143 0.774112 0.037143 0.111675
2 0.707857 0.382614 0.041429 0.148477
7 0.886429 0.460025 0.008571 0.026650
7 0.376071 0.233503 0.027857 0.048223
11 0.292500 0.831853 0.049286 0.100254
11 0.474643 0.062817 0.026429 0.046954
7 0.796429 0.194162 0.007143 0.020305
7 0.802500 0.190355 0.006429 0.020305
2 0.544286 0.088198 0.027143 0.074873
3 0.612143 0.050761 0.011429 0.038071
7 0.960357 0.328046 0.007857 0.024112
7 0.961786 0.352792 0.006429 0.022843
7 0.753571 0.215736 0.005714 0.022843
