3 0.267143 0.860476 0.054286 0.141905
3 0.276429 0.712857 0.052857 0.120952
10 0.149286 0.656190 0.098571 0.156190
11 0.112143 0.363333 0.082857 0.052381
11 0.171786 0.191905 0.079286 0.058095
3 0.175357 0.132857 0.080714 0.048571
3 0.055714 0.130952 0.054286 0.086667
3 0.197143 0.019048 0.081429 0.038095
3 0.178929 0.089048 0.060714 0.046667
8 0.180000 0.398095 0.017143 0.015238
5 0.186071 0.404286 0.030714 0.012381
11 0.464643 0.332381 0.036429 0.104762
7 0.690000 0.414286 0.014286 0.024762
7 0.803929 0.808095 0.020714 0.016190
7 0.796071 0.970000 0.019286 0.023810
7 0.773571 0.621905 0.014286 0.034286
3 0.800714 0.711429 0.051429 0.133333
3 0.900714 0.296190 0.088571 0.057143
3 0.919643 0.236190 0.083571 0.055238
3 0.937857 0.118095 0.084286 0.049524
7 0.971429 0.068095 0.021429 0.027619
7 0.988214 0.097143 0.020714 0.036190
7 0.721786 0.055238 0.016429 0.026667
8 0.898571 0.042381 0.007143 0.012381
1 0.717143 0.063333 0.024286 0.027619
7 0.889643 0.039524 0.016429 0.029524
