5 0.262857 0.911905 0.027143 0.086667
5 0.291786 0.540476 0.030714 0.092381
3 0.027143 0.452857 0.054286 0.060000
3 0.037500 0.137619 0.049286 0.111429
3 0.691071 0.040952 0.043571 0.081905
5 0.735714 0.059524 0.030000 0.031429
5 0.752500 0.042381 0.025000 0.023810
5 0.756786 0.021905 0.033571 0.024762
5 0.670357 0.289048 0.016429 0.044762
3 0.626786 0.336667 0.083571 0.096190
5 0.738571 0.286190 0.035714 0.025714
5 0.736071 0.270952 0.033571 0.029524
5 0.773571 0.279524 0.035714 0.029524
5 0.775000 0.302857 0.037143 0.024762
5 0.780357 0.323333 0.039286 0.021905
5 0.746786 0.337143 0.039286 0.026667
5 0.755357 0.360952 0.042143 0.026667
5 0.773929 0.381429 0.039286 0.025714
5 0.758571 0.406190 0.032857 0.031429
5 0.773214 0.418095 0.037857 0.020952
5 0.769643 0.436667 0.037857 0.023810
5 0.801071 0.433810 0.033571 0.033333
1 0.793214 0.410000 0.033571 0.025714
5 0.821071 0.417619 0.015000 0.048571
5 0.837857 0.410952 0.024286 0.044762
7 0.805000 0.318571 0.015714 0.035238
3 0.641786 0.428095 0.085000 0.101905
11 0.654286 0.501905 0.084286 0.118095
1 0.635714 0.592857 0.028571 0.037143
5 0.646786 0.623810 0.037857 0.024762
5 0.667143 0.634762 0.048571 0.023810
5 0.689286 0.604762 0.045714 0.022857
8 0.774643 0.508571 0.012143 0.020952
8 0.765000 0.520000 0.011429 0.019048
8 0.773214 0.538571 0.012143 0.018095
8 0.787500 0.544762 0.013571 0.017143
8 0.803929 0.539048 0.016429 0.019048
8 0.788929 0.504286 0.013571 0.020000
8 0.806786 0.515714 0.017857 0.021905
8 0.846429 0.512857 0.015714 0.020000
8 0.854643 0.541429 0.020714 0.021905
7 0.736429 0.589048 0.015714 0.020000
7 0.730357 0.610476 0.017857 0.030476
7 0.747857 0.646667 0.018571 0.024762
8 0.851786 0.583810 0.010714 0.028571
8 0.826071 0.608095 0.022143 0.018095
7 0.830357 0.629048 0.020714 0.021905
8 0.695357 0.754762 0.020714 0.018095
5 0.884643 0.605238 0.036429 0.021905
8 0.890000 0.731429 0.015714 0.017143
8 0.896786 0.750000 0.016429 0.018095
8 0.924286 0.721905 0.020000 0.019048
8 0.929286 0.744762 0.020000 0.019048
8 0.956071 0.826667 0.019286 0.020952
8 0.964643 0.854286 0.020714 0.020952
8 0.927857 0.844286 0.014286 0.020000
8 0.933214 0.867143 0.013571 0.018095
8 0.884643 0.878571 0.013571 0.023810
8 0.856786 0.877619 0.016429 0.018095
7 0.846786 0.897619 0.025000 0.020000
8 0.892857 0.936667 0.021429 0.018095
8 0.916071 0.951905 0.019286 0.027619
7 0.925714 0.980952 0.020000 0.028571
8 0.881429 0.956190 0.020000 0.030476
