3 0.199286 0.886421 0.047143 0.097716
3 0.353571 0.321701 0.020000 0.062183
3 0.404286 0.318528 0.020000 0.053299
3 0.400714 0.372462 0.018571 0.046954
3 0.466071 0.366117 0.019286 0.064721
3 0.490000 0.366751 0.021429 0.068528
3 0.483214 0.309645 0.019286 0.055838
3 0.447143 0.319797 0.017143 0.053299
3 0.423929 0.315355 0.016429 0.049492
3 0.472857 0.561548 0.040000 0.067259
3 0.519286 0.746193 0.035714 0.086294
3 0.494286 0.721447 0.030000 0.079949
3 0.468214 0.683376 0.040714 0.085025
3 0.389643 0.582487 0.045000 0.060914
3 0.361429 0.565990 0.038571 0.065990
3 0.342143 0.546320 0.037143 0.067259
3 0.320000 0.512056 0.027143 0.049492
3 0.746786 0.913706 0.070714 0.058376
10 0.672500 0.065355 0.079286 0.054569
10 0.465714 0.078046 0.080000 0.062183
10 0.059643 0.068528 0.093571 0.053299
10 0.148571 0.062817 0.084286 0.059645
3 0.130000 0.451777 0.022857 0.043147
3 0.102500 0.455584 0.025000 0.045685
3 0.078214 0.458122 0.022143 0.048223
3 0.027857 0.462563 0.022857 0.041878
3 0.160714 0.440990 0.025714 0.049492
3 0.193214 0.421320 0.022143 0.045685
7 0.363929 0.074239 0.006429 0.021574
