3 0.622857 0.772381 0.058571 0.102857
3 0.699286 0.824286 0.072857 0.117143
3 0.590357 0.904286 0.067857 0.134286
3 0.682143 0.950000 0.077143 0.098095
3 0.762500 0.960476 0.072143 0.077143
3 0.160000 0.653810 0.075714 0.044762
3 0.293929 0.583333 0.076429 0.037143
3 0.263929 0.547143 0.073571 0.040952
3 0.083929 0.614762 0.092143 0.052381
3 0.691429 0.522381 0.061429 0.039048
3 0.528571 0.546667 0.067143 0.047619
3 0.532857 0.514286 0.062857 0.034286
3 0.656071 0.500000 0.066429 0.041905
3 0.831786 0.493810 0.065000 0.039048
3 0.954286 0.472857 0.057143 0.035238
3 0.344286 0.374762 0.020000 0.035238
3 0.379643 0.368571 0.020714 0.040000
3 0.406786 0.375714 0.022143 0.037143
3 0.440000 0.368571 0.027143 0.038095
3 0.428929 0.329524 0.017857 0.030476
3 0.402857 0.339524 0.020000 0.037143
3 0.370714 0.334286 0.020000 0.040000
11 0.371071 0.302857 0.017857 0.034286
11 0.394286 0.299048 0.017143 0.032381
3 0.420000 0.291905 0.018571 0.031429
3 0.365714 0.282381 0.014286 0.031429
3 0.342500 0.263333 0.015000 0.027619
3 0.362143 0.253810 0.014286 0.023810
3 0.357857 0.204762 0.011429 0.019048
3 0.390357 0.130000 0.009286 0.010476
3 0.415714 0.132857 0.008571 0.010476
3 0.412143 0.125714 0.007143 0.011429
3 0.333929 0.079524 0.006429 0.008571
3 0.358214 0.081905 0.006429 0.009524
3 0.342143 0.090476 0.007143 0.007619
3 0.351071 0.087143 0.006429 0.008571
3 0.350714 0.093333 0.005714 0.003810
3 0.352857 0.096667 0.005714 0.006667
3 0.353214 0.102381 0.007857 0.008571
3 0.362500 0.099524 0.006429 0.008571
3 0.361071 0.091905 0.006429 0.008571
4 0.338571 0.024762 0.025714 0.045714
7 0.355357 0.419524 0.006429 0.023810
7 0.367500 0.417143 0.010714 0.022857
7 0.385714 0.416190 0.007143 0.024762
7 0.360357 0.439048 0.005000 0.024762
8 0.316786 0.440476 0.012143 0.021905
4 0.307143 0.387619 0.034286 0.062857
8 0.358929 0.365714 0.006429 0.015238
5 0.360357 0.375714 0.005000 0.014286
7 0.304286 0.450476 0.008571 0.026667
8 0.292143 0.488095 0.008571 0.021905
5 0.291786 0.492857 0.022143 0.012381
8 0.252857 0.485714 0.010000 0.015238
5 0.253929 0.489524 0.026429 0.015238
8 0.230000 0.459524 0.007143 0.012381
5 0.233214 0.471905 0.009286 0.016190
5 0.242143 0.749524 0.030000 0.015238
5 0.254643 0.715714 0.023571 0.016190
5 0.371786 0.701905 0.026429 0.017143
5 0.485714 0.664286 0.028571 0.016190
5 0.540357 0.614762 0.025000 0.016190
5 0.598571 0.688095 0.030000 0.021905
5 0.598214 0.639048 0.027857 0.020952
5 0.641786 0.612857 0.026429 0.014286
4 0.700357 0.591905 0.027857 0.058095
5 0.437500 0.660000 0.030714 0.019048
7 0.516071 0.671905 0.016429 0.033333
8 0.600357 0.679048 0.009286 0.022857
8 0.596786 0.628571 0.012143 0.020952
8 0.640000 0.606190 0.011429 0.025714
7 0.370357 0.691429 0.016429 0.024762
7 0.250714 0.709048 0.012857 0.029524
7 0.241429 0.743333 0.014286 0.029524
7 0.193214 0.809048 0.022143 0.023810
5 0.193571 0.822857 0.015714 0.034286
5 0.032857 0.671429 0.065714 0.038095
3 0.082857 0.570476 0.085714 0.030476
8 0.757857 0.596667 0.014286 0.018095
8 0.771429 0.570476 0.010000 0.017143
8 0.777500 0.569048 0.006429 0.018095
5 0.760000 0.606190 0.021429 0.012381
5 0.776786 0.578571 0.023571 0.014286
4 0.806429 0.546190 0.018571 0.021905
4 0.975000 0.552381 0.028571 0.034286
4 0.904643 0.571429 0.027857 0.022857
4 0.476071 0.628095 0.023571 0.033333
7 0.220357 0.453810 0.007857 0.025714
4 0.205000 0.469524 0.017143 0.024762
4 0.301071 0.035238 0.013571 0.022857
4 0.397857 0.096190 0.004286 0.009524
4 0.355357 0.113333 0.003571 0.009524
4 0.343929 0.119524 0.003571 0.008571
4 0.363214 0.031429 0.009286 0.020952
4 0.170357 0.700952 0.036429 0.022857
7 0.666071 0.357143 0.003571 0.017143
7 0.671786 0.359048 0.005000 0.017143
5 0.315714 0.446190 0.008571 0.016190
