3 0.400750 0.931333 0.031500 0.072000
3 0.480000 0.800000 0.033000 0.050667
3 0.364750 0.796333 0.035500 0.059333
1 0.387750 0.804000 0.007500 0.021333
8 0.387500 0.798667 0.007000 0.020000
3 0.344500 0.717667 0.027000 0.046000
3 0.328000 0.670667 0.022000 0.038667
11 0.316500 0.627667 0.024000 0.050000
8 0.355250 0.641667 0.006500 0.014000
5 0.355500 0.647667 0.007000 0.016667
8 0.310750 0.539000 0.005500 0.012667
1 0.310750 0.544000 0.005500 0.013333
2 0.304250 0.571000 0.040500 0.092667
3 0.281500 0.515000 0.017000 0.027333
3 0.277250 0.491333 0.015500 0.025333
3 0.269500 0.471333 0.013000 0.021333
1 0.302000 0.494667 0.005000 0.010667
8 0.301750 0.491333 0.005500 0.012000
3 0.264500 0.451000 0.015000 0.022000
3 0.260250 0.436333 0.011500 0.016667
11 0.254250 0.418000 0.009500 0.018667
7 0.238500 0.441667 0.003000 0.008667
7 0.234000 0.416667 0.003000 0.012000
3 0.251000 0.406333 0.012000 0.019333
9 0.256750 0.399667 0.006500 0.011333
7 0.258750 0.388000 0.003500 0.012000
7 0.245750 0.395333 0.003500 0.008000
3 0.245250 0.385667 0.009500 0.014000
7 0.248250 0.370333 0.003500 0.011333
3 0.241000 0.377000 0.011000 0.015333
3 0.208750 0.265333 0.008500 0.010667
3 0.227750 0.210333 0.005500 0.007333
3 0.206000 0.193000 0.005000 0.004667
3 0.204500 0.187667 0.004000 0.004667
7 0.203750 0.227000 0.002500 0.007333
5 0.209250 0.229000 0.002500 0.003333
8 0.209000 0.227000 0.002000 0.004667
4 0.178250 0.113000 0.014500 0.024667
3 0.301250 0.314333 0.008500 0.010000
11 0.211250 0.185333 0.004500 0.006667
3 0.217000 0.184000 0.004000 0.005333
11 0.207750 0.179667 0.004500 0.006000
3 0.197000 0.176000 0.006000 0.006667
4 0.194750 0.158333 0.014500 0.024667
2 0.205750 0.162000 0.005500 0.009333
3 0.206250 0.172000 0.004500 0.005333
3 0.209000 0.170333 0.004000 0.004667
4 0.195750 0.113667 0.016500 0.035333
2 0.528000 0.950667 0.075000 0.096000
3 0.562750 0.953000 0.044500 0.078000
3 0.617500 0.962000 0.052000 0.074667
3 0.900500 0.970667 0.058000 0.054667
11 0.839250 0.897000 0.063500 0.074000
1 0.856500 0.977667 0.020000 0.031333
8 0.858750 0.973667 0.010500 0.026000
5 0.813750 0.933667 0.016500 0.028667
8 0.815750 0.929333 0.010500 0.020000
1 0.776750 0.883000 0.016500 0.027333
8 0.777250 0.877333 0.010500 0.020000
3 0.738250 0.768000 0.043500 0.049333
1 0.696750 0.783000 0.013500 0.023333
8 0.697750 0.778333 0.009500 0.020667
3 0.702250 0.726000 0.039500 0.040000
1 0.663750 0.705333 0.010500 0.018667
8 0.663750 0.699000 0.007500 0.016667
3 0.616250 0.622667 0.032500 0.033333
5 0.601000 0.603000 0.014000 0.011333
5 0.593500 0.595333 0.010000 0.018667
5 0.589500 0.590667 0.012000 0.014667
5 0.585250 0.585333 0.013500 0.012000
1 0.571000 0.576333 0.013000 0.011333
8 0.568750 0.561667 0.005500 0.015333
5 0.569500 0.564000 0.008000 0.018667
1 0.556250 0.557667 0.007500 0.016667
5 0.540750 0.571667 0.007500 0.014000
8 0.540500 0.569667 0.006000 0.014000
3 0.666750 0.877333 0.044500 0.056000
3 0.520500 0.694667 0.031000 0.038667
3 0.497750 0.491000 0.021500 0.020667
7 0.501000 0.474667 0.004000 0.013333
7 0.511750 0.472667 0.003500 0.012000
3 0.475250 0.470000 0.019500 0.017333
3 0.449250 0.444000 0.017500 0.016000
3 0.441000 0.427000 0.016000 0.015333
3 0.488500 0.411667 0.016000 0.015333
1 0.493000 0.441000 0.003000 0.012667
1 0.482500 0.436000 0.003000 0.009333
1 0.479000 0.428333 0.009000 0.007333
4 0.464000 0.419333 0.015000 0.012000
3 0.417250 0.397333 0.013500 0.012000
3 0.408750 0.384333 0.014500 0.014000
5 0.435750 0.379333 0.008500 0.008000
3 0.348500 0.372000 0.013000 0.014667
3 0.341000 0.341000 0.011000 0.011333
3 0.367500 0.322667 0.007000 0.010667
4 0.222000 0.144333 0.032000 0.040667
4 0.261750 0.201000 0.011500 0.023333
5 0.405750 0.400333 0.004500 0.008667
8 0.405250 0.397667 0.004500 0.010000
8 0.392750 0.386667 0.003500 0.010667
1 0.392500 0.388333 0.003000 0.008667
3 0.396000 0.368667 0.012000 0.012000
3 0.388000 0.359333 0.011000 0.010667
3 0.381750 0.349333 0.011500 0.012000
3 0.374500 0.341333 0.012000 0.012000
3 0.405750 0.362667 0.011500 0.012000
3 0.390500 0.285667 0.016000 0.008667
7 0.369000 0.349333 0.002000 0.008000
8 0.369250 0.355333 0.003500 0.009333
5 0.369750 0.358000 0.003500 0.008000
8 0.357000 0.335000 0.002000 0.006000
5 0.357000 0.337667 0.003000 0.006000
3 0.409250 0.287000 0.019500 0.011333
3 0.320250 0.291000 0.004500 0.008667
1 0.361000 0.290667 0.005000 0.004000
8 0.360000 0.289333 0.002000 0.008000
8 0.347500 0.320333 0.002000 0.008667
1 0.347500 0.322333 0.002000 0.006000
3 0.262750 0.236333 0.006500 0.007333
3 0.258250 0.229000 0.005500 0.006000
3 0.246250 0.212667 0.004500 0.005333
3 0.245750 0.207333 0.004500 0.004000
3 0.235750 0.203333 0.004500 0.005333
2 0.275750 0.233000 0.012500 0.018000
3 0.231750 0.195333 0.004500 0.005333
3 0.228250 0.188667 0.004500 0.004000
3 0.224500 0.182333 0.004000 0.004667
3 0.219500 0.174667 0.003000 0.004000
3 0.225750 0.173333 0.003500 0.004000
3 0.235500 0.170000 0.007000 0.004000
3 0.235000 0.177667 0.004000 0.004667
3 0.239250 0.183667 0.004500 0.004667
3 0.242000 0.199333 0.004000 0.005333
3 0.238000 0.193667 0.004000 0.004667
3 0.236250 0.189667 0.004500 0.004667
3 0.233000 0.185000 0.004000 0.004667
3 0.230250 0.180667 0.003500 0.004000
3 0.229000 0.177000 0.004000 0.004667
3 0.284500 0.225667 0.005000 0.006000
3 0.284000 0.211333 0.011000 0.006667
4 0.272500 0.206333 0.009000 0.016667
4 0.282750 0.195667 0.015500 0.022000
4 0.249750 0.181333 0.012500 0.026667
5 0.337250 0.310667 0.003500 0.006667
8 0.337250 0.308333 0.002500 0.006000
5 0.333500 0.297000 0.003000 0.006000
8 0.333250 0.294667 0.001500 0.005333
5 0.325500 0.289000 0.002000 0.004667
8 0.325000 0.286667 0.002000 0.005333
7 0.330500 0.273333 0.002000 0.006667
7 0.351250 0.282000 0.001500 0.006667
7 0.361750 0.270667 0.001500 0.006667
3 0.296500 0.240333 0.006000 0.006000
3 0.293750 0.237000 0.006500 0.006000
3 0.291500 0.233000 0.005000 0.004667
3 0.296250 0.220333 0.006500 0.006000
3 0.325250 0.277000 0.007500 0.008667
3 0.322000 0.272667 0.008000 0.008000
3 0.317250 0.268667 0.007500 0.008000
3 0.314250 0.264000 0.007500 0.006667
3 0.311500 0.259333 0.008000 0.008000
3 0.307750 0.256000 0.007500 0.006667
3 0.305000 0.251000 0.007000 0.007333
3 0.302000 0.247667 0.007000 0.007333
1 0.299250 0.254000 0.002500 0.004000
8 0.299000 0.252333 0.002000 0.004667
1 0.312250 0.274333 0.001500 0.004667
8 0.312000 0.271333 0.002000 0.005333
4 0.070000 0.413667 0.095000 0.046000
3 0.039000 0.466667 0.033000 0.020000
1 0.759000 0.727667 0.012000 0.016667
4 0.900750 0.811000 0.073500 0.040667
1 0.961250 0.944333 0.018500 0.028667
7 0.966000 0.937000 0.009000 0.027333
