5 0.433571 0.875238 0.030000 0.043810
8 0.433214 0.870476 0.016429 0.026667
11 0.521429 0.857619 0.057143 0.117143
3 0.787857 0.963810 0.084286 0.070476
3 0.698214 0.856190 0.085000 0.114286
3 0.623214 0.748095 0.075000 0.092381
5 0.694643 0.770476 0.020714 0.043810
5 0.672143 0.723333 0.024286 0.035238
5 0.637500 0.694762 0.033571 0.027619
0 0.582143 0.676667 0.048571 0.069524
5 0.461429 0.582381 0.024286 0.046667
8 0.462143 0.575238 0.018571 0.028571
7 0.642143 0.596667 0.010000 0.023810
7 0.622500 0.594286 0.009286 0.028571
5 0.595714 0.585238 0.012857 0.048571
7 0.606786 0.567619 0.015000 0.024762
5 0.598214 0.544286 0.015000 0.037143
5 0.622857 0.568095 0.020000 0.035238
3 0.682143 0.561905 0.055714 0.059048
3 0.626786 0.509524 0.052143 0.049524
3 0.655000 0.497143 0.048571 0.051429
3 0.673214 0.485714 0.046429 0.043810
3 0.691071 0.471905 0.046429 0.042857
5 0.588571 0.444286 0.017143 0.029524
8 0.592143 0.438571 0.014286 0.021905
5 0.482500 0.395714 0.022143 0.025714
8 0.483214 0.394762 0.016429 0.018095
3 0.591786 0.370952 0.046429 0.050476
5 0.458929 0.335238 0.025000 0.022857
8 0.459286 0.329524 0.012857 0.019048
7 0.503929 0.300000 0.010714 0.022857
5 0.473929 0.274762 0.015000 0.020000
8 0.475000 0.269048 0.010000 0.016190
5 0.396429 0.305238 0.015714 0.020000
10 0.323571 0.314762 0.051429 0.039048
11 0.298571 0.298095 0.048571 0.038095
3 0.275000 0.289524 0.045714 0.034286
5 0.157143 0.492381 0.015714 0.026667
8 0.157857 0.486667 0.012857 0.030476
10 0.328214 0.443333 0.102143 0.103810
5 0.320714 0.510952 0.031429 0.029524
8 0.320714 0.507619 0.022857 0.020952
10 0.211429 0.434286 0.052857 0.066667
3 0.254643 0.271429 0.050714 0.032381
11 0.235357 0.261429 0.045000 0.033333
3 0.227500 0.245238 0.046429 0.023810
5 0.352500 0.256190 0.016429 0.017143
5 0.327500 0.265714 0.013571 0.024762
5 0.323571 0.252857 0.012857 0.018095
5 0.331429 0.251905 0.017143 0.020000
5 0.308571 0.253810 0.010000 0.023810
5 0.303214 0.247619 0.012143 0.020952
3 0.249643 0.210476 0.045000 0.030476
7 0.220714 0.209524 0.007143 0.019048
3 0.220000 0.190476 0.042857 0.026667
5 0.161071 0.238571 0.009286 0.016190
5 0.112143 0.231905 0.010000 0.016190
5 0.085357 0.247619 0.007857 0.024762
8 0.085000 0.243810 0.008571 0.017143
8 0.111071 0.225238 0.009286 0.010476
8 0.160357 0.231905 0.009286 0.014286
3 0.138571 0.212857 0.021429 0.033333
3 0.044286 0.627143 0.088571 0.058095
7 0.010714 0.519524 0.017143 0.031429
7 0.021071 0.504286 0.015000 0.027619
7 0.006429 0.505238 0.012857 0.027619
3 0.050000 0.372381 0.054286 0.041905
10 0.042143 0.341429 0.077143 0.069524
3 0.039643 0.318095 0.062143 0.036190
3 0.039643 0.300476 0.056429 0.037143
11 0.025000 0.286667 0.045714 0.041905
3 0.030357 0.266667 0.050714 0.034286
7 0.095357 0.163810 0.010714 0.015238
7 0.100357 0.158571 0.009286 0.018095
7 0.093214 0.154286 0.005000 0.013333
3 0.077143 0.146667 0.041429 0.022857
3 0.102857 0.129524 0.031429 0.022857
7 0.164286 0.097143 0.008571 0.019048
7 0.150357 0.120000 0.006429 0.019048
7 0.183571 0.123333 0.007143 0.018095
7 0.193929 0.119048 0.007857 0.019048
3 0.231071 0.128571 0.017857 0.020952
10 0.184643 0.087619 0.023571 0.028571
3 0.202143 0.048095 0.022857 0.020000
3 0.227500 0.020000 0.013571 0.019048
5 0.135357 0.043333 0.013571 0.010476
8 0.133214 0.039524 0.006429 0.008571
10 0.113571 0.066190 0.028571 0.044762
11 0.804286 0.219048 0.037143 0.040000
5 0.840000 0.186667 0.014286 0.017143
8 0.841786 0.181429 0.007857 0.010476
5 0.824286 0.194762 0.011429 0.014286
8 0.825357 0.189048 0.009286 0.014286
3 0.172857 0.009524 0.025714 0.015238
