11 0.441023 0.775046 0.045929 0.056586
3 0.879958 0.773191 0.040710 0.086271
3 0.843163 0.462894 0.041232 0.029685
3 0.623434 0.422078 0.040188 0.031540
3 0.929280 0.476809 0.046451 0.033395
3 0.688935 0.288497 0.012526 0.027829
3 0.672234 0.276902 0.012526 0.028757
11 0.684760 0.256030 0.013570 0.031540
3 0.666754 0.256494 0.009916 0.025046
3 0.662317 0.174397 0.009395 0.018553
3 0.658925 0.142857 0.008873 0.014842
3 0.675626 0.113173 0.007829 0.014842
3 0.456159 0.178571 0.021921 0.017625
3 0.459812 0.169759 0.018789 0.009276
8 0.643006 0.350649 0.003132 0.012987
8 0.597077 0.296382 0.003132 0.010204
8 0.610386 0.178108 0.002610 0.009276
8 0.615866 0.155380 0.003132 0.006494
5 0.609864 0.183210 0.003653 0.010204
5 0.596555 0.301020 0.004175 0.010204
5 0.641180 0.354824 0.012004 0.013915
5 0.615866 0.161874 0.003132 0.004638
11 0.681367 0.216141 0.010960 0.029685
3 0.663100 0.083952 0.006785 0.012059
3 0.642745 0.060761 0.005741 0.010204
3 0.652662 0.064935 0.005741 0.009276
3 0.660752 0.057978 0.006263 0.010204
3 0.665188 0.048701 0.004697 0.010204
3 0.659186 0.026902 0.006263 0.009276
3 0.646921 0.023655 0.005741 0.008349
3 0.657620 0.018553 0.004175 0.007421
3 0.649530 0.017161 0.004697 0.008349
3 0.649008 0.007885 0.004697 0.008349
8 0.620303 0.024119 0.001566 0.005566
5 0.620042 0.027829 0.002088 0.007421
7 0.837944 0.399814 0.005741 0.012987
7 0.880480 0.401206 0.003132 0.012059
5 0.836117 0.406772 0.014614 0.012059
5 0.877349 0.406772 0.011482 0.012059
5 0.558455 0.935529 0.010438 0.052876
5 0.350992 0.741187 0.019311 0.024119
5 0.354645 0.727273 0.017223 0.022263
