7 0.340000 0.108571 0.011429 0.038095
7 0.213929 0.283810 0.017857 0.038095
7 0.197500 0.300000 0.017857 0.030476
3 0.292143 0.212857 0.034286 0.080952
3 0.205357 0.091429 0.032143 0.066667
11 0.192500 0.140000 0.040714 0.068571
11 0.174643 0.199524 0.040714 0.077143
3 0.153214 0.300952 0.052143 0.087619
3 0.123571 0.393810 0.065714 0.107619
11 0.088214 0.500476 0.066429 0.126667
1 0.120000 0.551429 0.018571 0.049524
7 0.125357 0.532381 0.025000 0.034286
3 0.106786 0.737143 0.086429 0.161905
3 0.044286 0.666190 0.078571 0.155238
3 0.013571 0.879048 0.027143 0.135238
3 0.408571 0.136667 0.027143 0.069524
3 0.517500 0.017619 0.063571 0.031429
3 0.526786 0.041905 0.065000 0.034286
3 0.570714 0.067619 0.051429 0.036190
5 0.596786 0.010476 0.025000 0.017143
11 0.491429 0.060952 0.072857 0.055238
11 0.550714 0.095714 0.074286 0.050476
3 0.612143 0.130952 0.064286 0.042857
7 0.453571 0.072857 0.012857 0.033333
3 0.667857 0.279048 0.081429 0.045714
3 0.697500 0.336667 0.086429 0.065714
3 0.584643 0.379524 0.042143 0.080952
7 0.610357 0.336667 0.010714 0.040952
3 0.536429 0.389524 0.047143 0.091429
11 0.516071 0.297619 0.047857 0.088571
3 0.371071 0.363333 0.042143 0.113333
11 0.622500 0.834286 0.079286 0.177143
11 0.692857 0.814762 0.071429 0.166667
3 0.535000 0.961429 0.060000 0.071429
3 0.637857 0.970000 0.068571 0.056190
11 0.722857 0.961429 0.067143 0.069524
5 0.768929 0.500476 0.040714 0.025714
5 0.763929 0.479524 0.035000 0.031429
3 0.807143 0.580476 0.115714 0.075238
3 0.839286 0.655714 0.115714 0.071429
7 0.887857 0.707143 0.037143 0.037143
3 0.795357 0.878571 0.096429 0.206667
9 0.970714 0.910952 0.057143 0.044762
