3 0.169750 0.760333 0.111500 0.094000
3 0.886750 0.622000 0.080500 0.040000
3 0.785250 0.650667 0.083500 0.049333
1 0.839750 0.692667 0.022500 0.026667
8 0.841750 0.684000 0.011500 0.033333
8 0.850750 0.687667 0.005500 0.027333
3 0.633750 0.667667 0.044500 0.048667
3 0.582000 0.667333 0.046000 0.050667
3 0.520250 0.637333 0.023500 0.041333
3 0.465250 0.640333 0.034500 0.044667
3 0.417750 0.653333 0.033500 0.046667
3 0.381000 0.627667 0.047000 0.039333
3 0.342500 0.622333 0.058000 0.039333
11 0.302250 0.614667 0.059500 0.049333
3 0.232000 0.601333 0.056000 0.037333
3 0.203250 0.594667 0.053500 0.033333
3 0.131000 0.578333 0.067000 0.031333
3 0.142750 0.549667 0.057500 0.024667
3 0.143500 0.533667 0.058000 0.020667
11 0.144000 0.518667 0.062000 0.033333
7 0.178750 0.523667 0.005500 0.022000
7 0.185500 0.518000 0.007000 0.022667
7 0.192250 0.513667 0.006500 0.023333
3 0.161500 0.508000 0.041000 0.018667
3 0.175250 0.482000 0.038500 0.017333
3 0.180750 0.474667 0.028500 0.009333
3 0.184250 0.464667 0.032500 0.012000
3 0.188250 0.453000 0.031500 0.012667
4 0.175500 0.411333 0.056000 0.058667
3 0.132500 0.446333 0.015000 0.016667
3 0.114000 0.460000 0.034000 0.013333
3 0.103250 0.470000 0.036500 0.013333
3 0.087500 0.484333 0.042000 0.015333
3 0.078750 0.495667 0.044500 0.018000
3 0.065250 0.508667 0.052500 0.020000
3 0.027000 0.543333 0.054000 0.024000
3 0.015500 0.568333 0.031000 0.027333
4 0.117250 0.385667 0.169500 0.070000
