2 0.230714 0.886421 0.110000 0.130711
3 0.345357 0.839467 0.037857 0.072335
3 0.441786 0.778553 0.035000 0.072335
3 0.472857 0.604695 0.027143 0.054569
11 0.438929 0.610406 0.027857 0.053299
3 0.467500 0.456853 0.016429 0.043147
11 0.014286 0.031091 0.022857 0.024112
11 0.025357 0.032360 0.022143 0.021574
11 0.036071 0.034264 0.023571 0.020305
11 0.068929 0.045685 0.026429 0.025381
3 0.048929 0.044416 0.025000 0.022843
11 0.011429 0.073604 0.022857 0.022843
11 0.037857 0.081853 0.024286 0.024112
11 0.068571 0.084391 0.027143 0.024112
11 0.087143 0.090736 0.025714 0.021574
3 0.095357 0.095812 0.022143 0.019036
3 0.106429 0.097716 0.022857 0.020305
11 0.118571 0.098985 0.025714 0.025381
11 0.145357 0.109137 0.023571 0.022843
11 0.155714 0.111041 0.025714 0.024112
3 0.176429 0.118020 0.022857 0.020305
3 0.101071 0.008249 0.017857 0.016497
3 0.194643 0.126269 0.023571 0.021574
11 0.210000 0.128807 0.024286 0.024112
11 0.229286 0.133883 0.024286 0.024112
3 0.073929 0.209391 0.020714 0.015228
3 0.116071 0.225254 0.022143 0.019036
3 0.170357 0.245558 0.026429 0.021574
2 0.221071 0.265228 0.043571 0.043147
11 0.400714 0.182741 0.021429 0.027919
11 0.336429 0.164340 0.024286 0.026650
11 0.370714 0.173223 0.021429 0.029188
11 0.383929 0.180203 0.022143 0.025381
2 0.332143 0.282360 0.074286 0.077411
3 0.345714 0.333756 0.030000 0.025381
3 0.418571 0.375000 0.025714 0.029188
10 0.386429 0.483503 0.045714 0.048223
11 0.985357 0.583122 0.027857 0.036802
3 0.936786 0.562183 0.039286 0.035533
2 0.806786 0.425761 0.099286 0.072335
7 0.710357 0.440990 0.005000 0.016497
2 0.812500 0.404188 0.099286 0.077411
11 0.892500 0.328046 0.035000 0.031726
6 0.887143 0.252538 0.025714 0.025381
3 0.888214 0.295051 0.030714 0.024112
3 0.889643 0.280457 0.032143 0.027919
2 0.821071 0.196701 0.077857 0.055838
2 0.793929 0.314721 0.029286 0.101523
2 0.702857 0.308376 0.062857 0.045685
2 0.720357 0.287437 0.053571 0.036802
2 0.711071 0.270305 0.047857 0.035533
2 0.721429 0.250635 0.050000 0.031726
2 0.745000 0.118655 0.024286 0.067259
2 0.690357 0.192259 0.029286 0.074873
11 0.663929 0.050761 0.010714 0.020305
11 0.602143 0.159264 0.014286 0.034264
3 0.620714 0.099619 0.012857 0.021574
3 0.640357 0.146574 0.012143 0.024112
3 0.568214 0.251269 0.017857 0.030457
3 0.598571 0.281726 0.017143 0.032995
7 0.612857 0.028553 0.002857 0.013959
7 0.596071 0.078046 0.002143 0.013959
7 0.580357 0.094543 0.002143 0.008883
7 0.590714 0.083122 0.001429 0.008883
7 0.588214 0.079949 0.002143 0.012690
