2 0.462500 0.649112 0.032143 0.217005
3 0.281786 0.842640 0.030714 0.091371
3 0.383571 0.574239 0.024286 0.067259
3 0.332500 0.584391 0.026429 0.062183
3 0.504286 0.281091 0.020000 0.062183
3 0.413571 0.297589 0.017143 0.046954
3 0.353571 0.321066 0.017143 0.048223
10 0.376071 0.326142 0.030714 0.104061
3 0.396071 0.207487 0.016429 0.034264
3 0.463571 0.133883 0.015714 0.036802
3 0.378929 0.164340 0.015000 0.036802
3 0.416071 0.069797 0.013571 0.027919
3 0.391429 0.060914 0.015714 0.035533
11 0.475000 0.019036 0.015714 0.038071
3 0.437500 0.011421 0.016429 0.022843
3 0.028929 0.680203 0.030714 0.060914
3 0.015357 0.746827 0.030714 0.077411
3 0.101071 0.484772 0.022143 0.040609
3 0.082857 0.491117 0.024286 0.040609
3 0.094286 0.447970 0.025714 0.038071
3 0.121071 0.364213 0.019286 0.038071
3 0.193929 0.356599 0.019286 0.040609
3 0.131786 0.331218 0.020714 0.032995
2 0.229286 0.244924 0.028571 0.068528
11 0.255357 0.121827 0.015000 0.032995
3 0.213571 0.108503 0.025714 0.026650
3 0.178929 0.125000 0.029286 0.021574
3 0.132500 0.126904 0.025000 0.022843
7 0.647857 0.064086 0.007143 0.019036
7 0.651071 0.016497 0.005000 0.012690
7 0.666429 0.092640 0.005714 0.025381
7 0.674286 0.146574 0.005714 0.019036
7 0.608214 0.045051 0.006429 0.016497
7 0.573214 0.041878 0.006429 0.012690
7 0.590357 0.041878 0.005000 0.015228
7 0.591071 0.060914 0.005000 0.015228
7 0.582857 0.092640 0.011429 0.012690
7 0.630714 0.102792 0.005714 0.015228
8 0.597857 0.154822 0.011429 0.010152
8 0.610000 0.246193 0.011429 0.015228
7 0.675714 0.286802 0.004286 0.015228
7 0.688929 0.318528 0.006429 0.025381
7 0.682857 0.330584 0.007143 0.013959
7 0.673214 0.341371 0.006429 0.017766
7 0.681071 0.359137 0.003571 0.017766
7 0.675357 0.362944 0.003571 0.017766
7 0.660000 0.339467 0.004286 0.016497
7 0.620714 0.372462 0.005714 0.013959
7 0.627500 0.420685 0.005000 0.019036
7 0.698571 0.390228 0.004286 0.021574
7 0.703214 0.433376 0.005000 0.024112
7 0.656071 0.589467 0.007857 0.019036
4 0.598214 0.578046 0.012143 0.034264
7 0.660714 0.723985 0.007143 0.021574
7 0.616071 0.680838 0.007857 0.016497
7 0.695714 0.770305 0.008571 0.025381
7 0.167857 0.104061 0.004286 0.012690
7 0.115357 0.337563 0.006429 0.017766
7 0.185357 0.353426 0.006429 0.013959
7 0.237143 0.244924 0.004286 0.015228
7 0.638571 0.012056 0.005714 0.013959
7 0.581786 0.029822 0.005000 0.008883
7 0.597500 0.064721 0.005000 0.015228
7 0.623929 0.101523 0.005000 0.015228
7 0.618571 0.102157 0.004286 0.011421
7 0.623214 0.384518 0.005000 0.015228
7 0.631071 0.425127 0.005000 0.017766
7 0.541429 0.388959 0.007143 0.024112
7 0.665357 0.600254 0.007857 0.015228
4 0.608929 0.298223 0.009286 0.012690
4 0.596786 0.204949 0.016429 0.021574
