3 0.510000 0.689524 0.015714 0.045714
3 0.357857 0.640476 0.034286 0.021905
3 0.361786 0.663810 0.032143 0.020952
3 0.470000 0.425714 0.014286 0.043810
3 0.510000 0.275714 0.014286 0.039048
3 0.407500 0.333333 0.015000 0.043810
3 0.360357 0.417619 0.030714 0.020000
3 0.360357 0.444286 0.035000 0.023810
3 0.350357 0.477619 0.030714 0.037143
11 0.415000 0.486190 0.014286 0.044762
11 0.418929 0.536190 0.015000 0.049524
3 0.400714 0.540000 0.014286 0.043810
3 0.397857 0.489048 0.014286 0.042857
3 0.381786 0.522857 0.015000 0.047619
3 0.393929 0.577619 0.035000 0.021905
3 0.355714 0.574286 0.034286 0.022857
3 0.404643 0.182857 0.013571 0.040000
3 0.383929 0.182381 0.015000 0.044762
3 0.385714 0.247143 0.014286 0.039048
3 0.371786 0.268571 0.015000 0.043810
3 0.546071 0.273810 0.015000 0.039048
3 0.545000 0.231905 0.014286 0.044762
3 0.343929 0.392381 0.033571 0.019048
11 0.340357 0.369048 0.029286 0.020000
11 0.407857 0.290000 0.012857 0.035238
10 0.405000 0.232857 0.015714 0.054286
11 0.389643 0.330000 0.013571 0.033333
3 0.389643 0.290952 0.013571 0.033333
3 0.354286 0.542857 0.037143 0.020952
3 0.353571 0.508095 0.030000 0.031429
3 0.337143 0.965714 0.035714 0.024762
3 0.385357 0.904762 0.019286 0.049524
3 0.383929 0.860476 0.033571 0.029524
3 0.387143 0.800952 0.034286 0.024762
3 0.393214 0.738571 0.033571 0.021905
3 0.373929 0.766190 0.040714 0.023810
3 0.372857 0.833333 0.037143 0.020952
3 0.627500 0.778095 0.033571 0.020952
3 0.792857 0.788571 0.030000 0.036190
11 0.922857 0.733810 0.032857 0.020000
3 0.935357 0.516667 0.036429 0.020000
3 0.868571 0.372381 0.031429 0.020952
3 0.891429 0.519524 0.031429 0.020000
3 0.853571 0.520952 0.034286 0.019048
3 0.814643 0.523810 0.033571 0.017143
11 0.777143 0.526667 0.035714 0.019048
2 0.909643 0.094762 0.026429 0.048571
3 0.708214 0.110000 0.033571 0.023810
11 0.657143 0.118095 0.058571 0.024762
3 0.380714 0.012857 0.011429 0.025714
3 0.334643 0.038095 0.032143 0.022857
0 0.586071 0.173810 0.016429 0.025714
0 0.564286 0.178095 0.018571 0.026667
7 0.560357 0.033333 0.003571 0.011429
3 0.534286 0.052381 0.014286 0.041905
3 0.533214 0.013333 0.013571 0.026667
3 0.555357 0.397619 0.013571 0.039048
11 0.555357 0.439524 0.015000 0.037143
7 0.620000 0.566667 0.005714 0.005714
7 0.605714 0.568571 0.005714 0.007619
7 0.643929 0.580476 0.005000 0.006667
3 0.580714 0.980476 0.015714 0.037143
5 0.587143 0.836190 0.007143 0.024762
5 0.579643 0.825238 0.005000 0.021905
1 0.590000 0.810000 0.010000 0.006667
5 0.632143 0.867143 0.015714 0.012381
5 0.628214 0.837143 0.015000 0.009524
10 0.435357 0.907143 0.016429 0.058095
3 0.020714 0.758571 0.037143 0.021905
3 0.103929 0.618095 0.036429 0.024762
3 0.166071 0.613810 0.032143 0.020000
3 0.018214 0.653333 0.036429 0.022857
3 0.158214 0.300476 0.035000 0.021905
3 0.118214 0.415238 0.036429 0.022857
