3 0.521071 0.886421 0.020714 0.069797
3 0.495714 0.636421 0.017143 0.046954
3 0.418571 0.458122 0.012857 0.030457
3 0.461786 0.362310 0.012143 0.024112
3 0.512143 0.232234 0.010000 0.017766
3 0.478214 0.222081 0.007857 0.017766
3 0.478214 0.136421 0.006429 0.011421
3 0.528929 0.322335 0.012143 0.030457
3 0.517500 0.128173 0.007857 0.015228
3 0.520357 0.092640 0.006429 0.015228
3 0.532143 0.119924 0.007143 0.016497
3 0.498571 0.037437 0.005714 0.011421
3 0.530357 0.254442 0.009286 0.024112
3 0.533214 0.199873 0.006429 0.024112
3 0.501071 0.005076 0.005000 0.005076
3 0.524286 0.011421 0.004286 0.010152
3 0.514286 0.025381 0.005714 0.010152
3 0.511786 0.037437 0.003571 0.011421
3 0.523571 0.050761 0.002857 0.012690
3 0.521786 0.076777 0.006429 0.013959
3 0.530000 0.224619 0.007143 0.017766
3 0.476429 0.537437 0.014286 0.044416
11 0.519643 0.744289 0.017857 0.077411
11 0.390000 0.942259 0.028571 0.079949
2 0.552857 0.748096 0.030000 0.191624
11 0.444286 0.358503 0.011429 0.031726
11 0.528571 0.420051 0.011429 0.040609
11 0.496429 0.287437 0.010000 0.029188
2 0.474286 0.066624 0.011429 0.044416
2 0.523929 0.031726 0.005000 0.022843
11 0.534286 0.046320 0.007143 0.013959
11 0.408929 0.044416 0.015000 0.010152
11 0.430357 0.043147 0.012143 0.010152
