10 0.707143 0.883810 0.047143 0.211429
10 0.642500 0.825238 0.102143 0.280952
10 0.625714 0.670952 0.068571 0.191429
10 0.817857 0.577619 0.050000 0.166667
10 0.787143 0.502381 0.055714 0.185714
10 0.631786 0.499524 0.090714 0.178095
10 0.690714 0.281905 0.045714 0.158095
10 0.785357 0.036190 0.047857 0.072381
3 0.206429 0.014286 0.055714 0.028571
3 0.136071 0.014286 0.052143 0.028571
3 0.460357 0.217143 0.022143 0.081905
2 0.507143 0.029524 0.015714 0.059048
1 0.533929 0.309048 0.006429 0.025714
8 0.534286 0.306667 0.004286 0.017143
4 0.339286 0.860000 0.012857 0.184762
5 0.321429 0.511905 0.020000 0.014286
5 0.320714 0.523810 0.022857 0.013333
5 0.320000 0.536667 0.021429 0.016190
5 0.320714 0.553810 0.020000 0.014286
5 0.319643 0.569524 0.022143 0.011429
5 0.321429 0.598095 0.024286 0.015238
5 0.319286 0.581905 0.021429 0.013333
5 0.321429 0.614286 0.021429 0.019048
5 0.322143 0.647619 0.025714 0.013333
5 0.319643 0.662857 0.026429 0.013333
5 0.296071 0.543333 0.007857 0.029524
5 0.275357 0.679048 0.023571 0.013333
5 0.275357 0.693333 0.025000 0.015238
5 0.295000 0.667143 0.024286 0.014286
5 0.298214 0.679048 0.019286 0.009524
5 0.296429 0.692381 0.021429 0.013333
5 0.320357 0.691429 0.020714 0.015238
5 0.322143 0.676190 0.024286 0.011429
4 0.359286 0.600000 0.020000 0.177143
