3 0.538361 0.065399 0.006785 0.013915
3 0.547495 0.047774 0.007307 0.010204
11 0.542015 0.094156 0.007829 0.015770
3 0.552975 0.109462 0.007829 0.014842
4 0.479645 0.091837 0.003132 0.011132
8 0.470511 0.171614 0.002610 0.005566
5 0.470772 0.179963 0.003132 0.007421
8 0.631263 0.353896 0.004697 0.012059
8 0.612213 0.318182 0.003132 0.011132
8 0.572808 0.224490 0.002610 0.011132
8 0.575939 0.181818 0.003653 0.012987
8 0.581159 0.167440 0.003653 0.010204
8 0.566545 0.079314 0.002610 0.008349
8 0.473643 0.129870 0.002610 0.007421
5 0.473643 0.135436 0.003653 0.005566
5 0.566284 0.083024 0.003132 0.002783
5 0.576461 0.185993 0.002610 0.006494
5 0.611952 0.324675 0.005741 0.014842
5 0.630219 0.359462 0.004697 0.015770
7 0.595511 0.244898 0.003132 0.014842
7 0.594990 0.235158 0.003132 0.010204
1 0.581942 0.173469 0.003132 0.007421
5 0.571503 0.232375 0.003132 0.012059
8 0.688152 0.565863 0.005741 0.014842
8 0.338727 0.738404 0.007307 0.014842
8 0.365084 0.587662 0.006785 0.015770
8 0.371086 0.532004 0.007307 0.019481
5 0.338987 0.745826 0.013048 0.044527
5 0.364040 0.599258 0.006785 0.025974
5 0.369781 0.543135 0.007829 0.017625
5 0.687109 0.572356 0.008873 0.024119
