3 0.451429 0.663333 0.024286 0.073333
3 0.445357 0.575238 0.023571 0.072381
3 0.436429 0.496190 0.024286 0.070476
3 0.551071 0.632857 0.022143 0.067619
3 0.545714 0.554762 0.024286 0.067619
3 0.546786 0.482381 0.022143 0.067619
3 0.528929 0.271905 0.022143 0.065714
11 0.565000 0.836667 0.027143 0.080952
11 0.559286 0.732381 0.024286 0.076190
11 0.526429 0.184762 0.022857 0.064762
11 0.519643 0.095238 0.020714 0.064762
11 0.152143 0.410476 0.052857 0.030476
11 0.243571 0.346190 0.055714 0.031429
3 0.163929 0.456667 0.050714 0.031429
3 0.248929 0.445238 0.047857 0.031429
3 0.307857 0.373810 0.052857 0.031429
3 0.232500 0.406190 0.056429 0.031429
3 0.056071 0.368571 0.056429 0.032381
10 0.361786 0.430000 0.056429 0.029524
10 0.539643 0.370476 0.025000 0.080000
10 0.083929 0.434762 0.067857 0.031429
9 0.420000 0.267619 0.017143 0.051429
9 0.302143 0.440476 0.034286 0.021905
5 0.412857 0.059524 0.007143 0.039048
5 0.462143 0.045238 0.007143 0.035238
5 0.409286 0.095238 0.021429 0.022857
5 0.417143 0.197143 0.015714 0.013333
5 0.447143 0.125238 0.007143 0.031429
5 0.452500 0.200952 0.006429 0.032381
5 0.417500 0.177143 0.017857 0.020952
5 0.415714 0.148571 0.015714 0.020952
5 0.412857 0.121905 0.015714 0.015238
5 0.380357 0.357619 0.020714 0.021905
5 0.356071 0.382381 0.019286 0.016190
5 0.346786 0.405238 0.020714 0.014286
5 0.329643 0.393333 0.019286 0.013333
5 0.290714 0.398571 0.022857 0.014286
5 0.340000 0.336190 0.010000 0.026667
5 0.323214 0.336667 0.009286 0.023810
5 0.239643 0.378095 0.020714 0.017143
5 0.261429 0.381429 0.017143 0.018095
5 0.201429 0.453333 0.012857 0.020952
5 0.295000 0.339524 0.010000 0.025714
5 0.171429 0.435238 0.024286 0.009524
5 0.199643 0.433333 0.027857 0.011429
5 0.041786 0.471905 0.012143 0.025714
5 0.076429 0.469524 0.012857 0.024762
5 0.090714 0.466667 0.015714 0.026667
5 0.120000 0.465238 0.011429 0.025714
5 0.025000 0.471429 0.014286 0.024762
5 0.078571 0.405714 0.025714 0.013333
5 0.004286 0.473333 0.008571 0.028571
5 0.104643 0.464762 0.010714 0.026667
5 0.137857 0.388095 0.020000 0.014286
1 0.438214 0.317619 0.010714 0.029524
1 0.408214 0.350000 0.010714 0.020000
1 0.476071 0.494762 0.007857 0.029524
1 0.317143 0.406667 0.018571 0.011429
1 0.163571 0.385714 0.020000 0.011429
1 0.191071 0.389048 0.019286 0.008571
1 0.214286 0.379048 0.018571 0.009524
1 0.188929 0.375238 0.019286 0.009524
1 0.054643 0.400952 0.020714 0.011429
5 0.193214 0.421429 0.020714 0.014286
1 0.284286 0.341905 0.005714 0.022857
5 0.276071 0.342857 0.007857 0.026667
5 0.306786 0.338095 0.010714 0.022857
7 0.351071 0.480000 0.006429 0.009524
7 0.400000 0.499524 0.005714 0.008571
7 0.252143 0.477143 0.008571 0.009524
7 0.186071 0.494286 0.010714 0.005714
7 0.232143 0.300952 0.008571 0.013333
7 0.081071 0.318095 0.013571 0.009524
7 0.394643 0.229048 0.006429 0.012381
7 0.402500 0.225238 0.006429 0.014286
7 0.390000 0.144762 0.007143 0.019048
7 0.382857 0.279524 0.007143 0.018095
7 0.388929 0.298571 0.007857 0.012381
7 0.372500 0.302381 0.006429 0.010476
7 0.304286 0.301429 0.010000 0.012381
7 0.307143 0.298095 0.004286 0.005714
7 0.192500 0.308095 0.012143 0.008571
7 0.173571 0.315238 0.014286 0.013333
7 0.190714 0.319524 0.012857 0.010476
7 0.392143 0.086190 0.005714 0.014286
7 0.385000 0.039524 0.005714 0.021905
7 0.372857 0.027619 0.007143 0.015238
4 0.152857 0.353810 0.121429 0.025714
7 0.057857 0.326190 0.012857 0.010476
7 0.072857 0.314762 0.008571 0.010476
8 0.168571 0.435238 0.011429 0.007619
8 0.133929 0.388095 0.007857 0.010476
8 0.160714 0.384762 0.010000 0.009524
8 0.288929 0.398095 0.012143 0.011429
8 0.259286 0.381905 0.008571 0.013333
8 0.184643 0.374762 0.010714 0.008571
8 0.379286 0.356190 0.010000 0.013333
8 0.354286 0.382381 0.007143 0.012381
8 0.345000 0.404762 0.008571 0.011429
8 0.314643 0.406190 0.009286 0.012381
8 0.328214 0.392381 0.007857 0.011429
8 0.408571 0.349048 0.007143 0.014286
8 0.438214 0.313810 0.009286 0.016190
8 0.452500 0.196190 0.005000 0.013333
8 0.462500 0.041429 0.005000 0.014286
8 0.416071 0.149524 0.007857 0.019048
8 0.476429 0.497619 0.005714 0.010476
8 0.184643 0.373810 0.007857 0.008571
8 0.186786 0.388571 0.007857 0.007619
8 0.213929 0.382381 0.007857 0.010476
