3 0.406315 0.058905 0.017223 0.039889
3 0.402923 0.022727 0.012526 0.032468
3 0.478079 0.051484 0.015658 0.032468
3 0.512004 0.049165 0.018789 0.035250
3 0.532881 0.046846 0.018789 0.036178
7 0.471816 0.125232 0.003132 0.022263
3 0.443111 0.161410 0.017745 0.038961
3 0.484342 0.151206 0.018789 0.035250
3 0.562370 0.138219 0.020355 0.035250
10 0.347860 0.223562 0.031837 0.096475
3 0.343424 0.155844 0.026096 0.020408
3 0.340553 0.136827 0.021399 0.019481
3 0.336117 0.087662 0.027140 0.021336
3 0.337161 0.072356 0.022965 0.016698
3 0.336117 0.059369 0.026096 0.018553
3 0.370303 0.396104 0.047495 0.042672
3 0.373695 0.463822 0.054280 0.042672
3 0.572025 0.456401 0.034447 0.070501
3 0.723643 0.412801 0.026618 0.038961
3 0.602296 0.679499 0.061587 0.054731
3 0.591336 0.616419 0.058455 0.056586
3 0.602296 0.923469 0.062630 0.114100
10 0.651357 0.828386 0.084551 0.085343
5 0.921451 0.895176 0.017223 0.050093
7 0.896921 0.990260 0.009916 0.015770
7 0.062630 0.065399 0.007307 0.017625
