3 0.817500 0.922857 0.073571 0.043810
10 0.864286 0.748095 0.048571 0.031429
5 0.968214 0.885238 0.032143 0.021905
8 0.967143 0.884762 0.015714 0.019048
0 0.963929 0.717143 0.020714 0.028571
7 0.785357 0.683333 0.010714 0.021905
5 0.687500 0.688095 0.016429 0.018095
5 0.497500 0.892381 0.026429 0.019048
8 0.498571 0.891905 0.012857 0.016190
3 0.445000 0.758571 0.024286 0.054286
3 0.486786 0.681905 0.016429 0.041905
3 0.408214 0.687143 0.026429 0.042857
5 0.480000 0.719048 0.008571 0.024762
8 0.481071 0.715238 0.007857 0.015238
8 0.517143 0.696190 0.005714 0.011429
7 0.523929 0.696190 0.003571 0.009524
3 0.426786 0.610000 0.019286 0.037143
5 0.452143 0.566667 0.007143 0.019048
8 0.451429 0.562857 0.007143 0.011429
5 0.527500 0.527143 0.017857 0.016190
5 0.454286 0.527143 0.005714 0.012381
8 0.454286 0.521905 0.004286 0.009524
7 0.464643 0.512381 0.003571 0.015238
7 0.517500 0.486667 0.003571 0.013333
5 0.497500 0.496190 0.010714 0.017143
3 0.420357 0.474762 0.012143 0.023810
5 0.416786 0.446190 0.010714 0.012381
3 0.430714 0.439048 0.012857 0.024762
4 0.493571 0.427619 0.038571 0.072381
10 0.453571 0.365714 0.008571 0.019048
3 0.417500 0.381429 0.010714 0.014286
3 0.417500 0.366667 0.010714 0.015238
3 0.416786 0.338571 0.009286 0.018095
4 0.467500 0.330952 0.026429 0.052381
10 0.446786 0.317619 0.007857 0.014286
3 0.445357 0.308095 0.007857 0.010476
3 0.445000 0.292857 0.010000 0.014286
3 0.416071 0.294286 0.007857 0.013333
3 0.414643 0.280476 0.007857 0.010476
10 0.437857 0.270952 0.007143 0.016190
3 0.440000 0.260000 0.008571 0.013333
3 0.439286 0.250000 0.007143 0.010476
10 0.415357 0.260952 0.009286 0.020952
3 0.437143 0.236667 0.005714 0.010476
3 0.437500 0.230952 0.006429 0.006667
3 0.435357 0.215238 0.006429 0.009524
3 0.435357 0.209524 0.006429 0.005714
3 0.449643 0.198095 0.006429 0.007619
4 0.414286 0.206190 0.010000 0.067619
3 0.411071 0.135238 0.007857 0.005714
4 0.437857 0.174762 0.024286 0.037143
11 0.439643 0.151905 0.009286 0.006667
3 0.323929 0.733333 0.035000 0.028571
5 0.329286 0.703810 0.015714 0.017143
7 0.325000 0.701905 0.005714 0.011429
5 0.345357 0.710476 0.006429 0.017143
8 0.309643 0.651905 0.005000 0.016190
10 0.269286 0.700476 0.054286 0.044762
5 0.174286 0.700000 0.015714 0.011429
7 0.181071 0.700952 0.006429 0.013333
5 0.098929 0.778095 0.020714 0.015238
8 0.096786 0.775714 0.007857 0.014286
8 0.102500 0.775714 0.006429 0.014286
3 0.102143 0.754762 0.052857 0.031429
3 0.125000 0.693333 0.042857 0.028571
3 0.042500 0.693810 0.033571 0.027619
3 0.013929 0.622857 0.023571 0.034286
3 0.017143 0.766667 0.034286 0.032381
5 0.043571 0.790952 0.021429 0.014286
8 0.044286 0.788095 0.010000 0.016190
4 0.140000 0.326190 0.028571 0.040952
3 0.232500 0.353810 0.025000 0.012381
3 0.314643 0.310952 0.007857 0.010476
3 0.300357 0.278571 0.010714 0.012381
3 0.308571 0.257619 0.008571 0.010476
3 0.310714 0.249524 0.008571 0.009524
3 0.320357 0.220952 0.009286 0.009524
