3 0.380480 0.806586 0.147182 0.138219
3 0.368737 0.693414 0.143528 0.115955
3 0.372912 0.596939 0.117432 0.114100
3 0.374739 0.595547 0.118998 0.098330
3 0.384916 0.505566 0.123695 0.090909
3 0.407881 0.437384 0.084029 0.086271
3 0.829332 0.951763 0.176409 0.092764
11 0.781054 0.768089 0.138309 0.144712
3 0.780532 0.635900 0.128914 0.127087
10 0.660491 0.404453 0.061065 0.170686
7 0.359603 0.414193 0.017745 0.071429
7 0.352035 0.389147 0.017223 0.060297
7 0.383873 0.362245 0.013048 0.067718
7 0.362213 0.345547 0.013570 0.064007
7 0.379697 0.347866 0.015136 0.055659
7 0.379958 0.338126 0.014614 0.067718
0 0.412839 0.307978 0.049061 0.074212
3 0.435804 0.267161 0.080376 0.072356
3 0.442067 0.214750 0.086639 0.064007
9 0.428497 0.173469 0.046973 0.057514
5 0.429802 0.135900 0.031837 0.032468
5 0.434238 0.116883 0.025052 0.031540
9 0.475992 0.100186 0.036534 0.044527
7 0.480428 0.054267 0.014092 0.043599
7 0.475209 0.044991 0.008873 0.041744
5 0.446764 0.038497 0.022965 0.028757
9 0.458507 0.016234 0.039144 0.032468
3 0.334290 0.965677 0.170668 0.064935
