3 0.525714 0.038571 0.050000 0.077143
2 0.646071 0.130000 0.083571 0.260000
3 0.494643 0.399048 0.043571 0.142857
10 0.176786 0.902381 0.047857 0.149524
3 0.851071 0.278571 0.046429 0.143810
3 0.836071 0.476667 0.050714 0.124762
0 0.923214 0.127619 0.083571 0.051429
5 0.217857 0.110476 0.031429 0.057143
5 0.325000 0.044286 0.040000 0.029524
5 0.172500 0.043333 0.050714 0.035238
5 0.170714 0.078571 0.051429 0.029524
5 0.166429 0.187143 0.045714 0.029524
5 0.215714 0.194762 0.042857 0.018095
5 0.218929 0.232857 0.039286 0.025714
5 0.046071 0.052857 0.055000 0.025714
5 0.042500 0.078571 0.040714 0.023810
5 0.042500 0.104286 0.040714 0.023810
5 0.043214 0.166190 0.040714 0.021905
5 0.042500 0.190476 0.040714 0.024762
5 0.101071 0.163333 0.053571 0.025714
5 0.101429 0.201429 0.054286 0.025714
5 0.161786 0.224762 0.052143 0.024762
5 0.158571 0.257619 0.054286 0.023810
5 0.084286 0.250952 0.025714 0.052381
5 0.100714 0.297143 0.050000 0.020952
5 0.097857 0.328571 0.047143 0.020952
5 0.091786 0.356667 0.057857 0.025714
5 0.034643 0.291905 0.042143 0.020000
5 0.032857 0.316667 0.042857 0.016190
5 0.033929 0.337619 0.043571 0.016190
5 0.030357 0.358571 0.045000 0.018095
5 0.158214 0.367143 0.047857 0.021905
5 0.205357 0.371905 0.033571 0.042857
5 0.159286 0.344762 0.045714 0.020952
5 0.160714 0.322381 0.047143 0.023810
5 0.193929 0.567143 0.039286 0.021905
5 0.132500 0.660952 0.053571 0.026667
5 0.132500 0.689524 0.052143 0.020952
5 0.132143 0.712381 0.055714 0.022857
5 0.129643 0.735714 0.055000 0.020000
5 0.177143 0.770000 0.050000 0.033333
5 0.062143 0.710952 0.052857 0.016190
5 0.062500 0.686190 0.050714 0.018095
5 0.060357 0.732857 0.049286 0.018095
5 0.013214 0.688095 0.026429 0.014286
5 0.012857 0.715238 0.025714 0.015238
5 0.012143 0.738571 0.024286 0.012381
5 0.109643 0.890952 0.049286 0.025714
5 0.110000 0.953810 0.045714 0.023810
5 0.109643 0.983810 0.057857 0.022857
7 0.228214 0.871429 0.015000 0.028571
5 0.420000 0.903810 0.017143 0.062857
5 0.406071 0.732857 0.016429 0.054286
5 0.575714 0.778571 0.015714 0.061905
5 0.856786 0.878095 0.035000 0.024762
5 0.855714 0.904286 0.031429 0.018095
5 0.870714 0.705238 0.034286 0.021905
5 0.872143 0.688571 0.037143 0.022857
5 0.875357 0.671429 0.039286 0.019048
5 0.876786 0.643333 0.032143 0.025714
5 0.875357 0.618095 0.036429 0.020952
5 0.886429 0.526667 0.048571 0.030476
8 0.893214 0.522857 0.020714 0.024762
5 0.904643 0.308571 0.047857 0.026667
5 0.916786 0.233333 0.039286 0.030476
5 0.859286 0.175238 0.044286 0.030476
8 0.428571 0.399048 0.011429 0.026667
5 0.429643 0.399048 0.012143 0.059048
8 0.405357 0.734286 0.016429 0.024762
8 0.577143 0.773810 0.014286 0.033333
8 0.418571 0.913333 0.018571 0.022857
