7 0.746071 0.835660 0.009286 0.049492
7 0.738571 0.826777 0.007143 0.041878
7 0.818214 0.544416 0.006429 0.030457
7 0.771786 0.519036 0.009286 0.027919
7 0.501071 0.542513 0.007857 0.034264
7 0.494286 0.538706 0.005714 0.031726
7 0.518929 0.683376 0.012143 0.052030
7 0.371429 0.574239 0.008571 0.041878
7 0.286071 0.469543 0.006429 0.017766
7 0.304286 0.476523 0.007143 0.029188
7 0.279286 0.467640 0.005714 0.021574
7 0.418571 0.496193 0.007143 0.017766
7 0.576786 0.498731 0.006429 0.022843
7 0.573214 0.497462 0.003571 0.030457
7 0.483571 0.363579 0.005714 0.021574
10 0.671071 0.898477 0.062143 0.197970
10 0.855357 0.650381 0.077857 0.087563
3 0.732500 0.666878 0.055000 0.064721
3 0.784643 0.685914 0.067857 0.059645
5 0.780357 0.545685 0.027857 0.032995
5 0.744643 0.536168 0.019286 0.026650
5 0.645000 0.490482 0.014286 0.029188
3 0.529643 0.432741 0.017857 0.035533
3 0.582143 0.367386 0.014286 0.029188
3 0.578571 0.350254 0.012857 0.025381
3 0.557500 0.255711 0.012143 0.021574
3 0.554286 0.234137 0.008571 0.024112
3 0.502143 0.328046 0.018571 0.024112
3 0.497500 0.314721 0.015000 0.020305
3 0.513214 0.306472 0.012143 0.021574
3 0.514643 0.291244 0.010714 0.016497
3 0.496786 0.300127 0.013571 0.026650
3 0.510000 0.275381 0.011429 0.022843
3 0.495714 0.288706 0.008571 0.019036
3 0.536786 0.215102 0.007857 0.013959
3 0.524286 0.220812 0.008571 0.015228
3 0.522500 0.230964 0.007857 0.012690
2 0.525357 0.252538 0.016429 0.038071
10 0.535714 0.358503 0.021429 0.054569
10 0.568929 0.295685 0.017857 0.050761
10 0.552500 0.218274 0.013571 0.032995
10 0.528929 0.158629 0.009286 0.022843
10 0.538929 0.153553 0.007857 0.017766
3 0.533214 0.189086 0.007857 0.012690
3 0.542143 0.174492 0.005714 0.011421
3 0.563571 0.203046 0.010000 0.012690
11 0.017857 0.394670 0.035714 0.081218
11 0.095714 0.371827 0.070000 0.091371
3 0.183214 0.272208 0.039286 0.039340
3 0.129643 0.265863 0.043571 0.034264
3 0.272500 0.156726 0.017857 0.019036
3 0.298214 0.189721 0.020714 0.024112
3 0.333929 0.208756 0.022143 0.026650
3 0.369643 0.175761 0.016429 0.021574
3 0.323571 0.150381 0.014286 0.019036
3 0.357500 0.129442 0.012143 0.015228
3 0.349286 0.123731 0.011429 0.013959
3 0.396786 0.117386 0.009286 0.011421
10 0.342143 0.114213 0.017143 0.027919
10 0.378214 0.102792 0.013571 0.020305
10 0.437500 0.100888 0.009286 0.026650
2 0.434643 0.089467 0.009286 0.024112
10 0.399286 0.081218 0.007143 0.015228
3 0.398214 0.095812 0.006429 0.011421
3 0.393571 0.105964 0.008571 0.013959
2 0.413214 0.079315 0.005000 0.011421
3 0.417143 0.085660 0.004286 0.006345
3 0.420357 0.081853 0.003571 0.008883
4 0.430357 0.055838 0.035000 0.030457
4 0.130714 0.097716 0.254286 0.124365
4 0.337143 0.065990 0.055714 0.038071
