3 0.820357 0.866190 0.099286 0.141905
3 0.265357 0.939524 0.163571 0.119048
3 0.442500 0.737619 0.079286 0.124762
7 0.688571 0.771905 0.017143 0.065714
7 0.707500 0.779524 0.015000 0.075238
8 0.728214 0.781905 0.027857 0.059048
5 0.734643 0.799524 0.026429 0.073333
3 0.792143 0.735238 0.070000 0.093333
3 0.782857 0.651905 0.065714 0.075238
3 0.760357 0.579524 0.052143 0.069524
3 0.496071 0.621429 0.063571 0.077143
3 0.522857 0.570952 0.044286 0.061905
3 0.549643 0.536190 0.039286 0.057143
3 0.570357 0.501429 0.037857 0.048571
3 0.590000 0.474762 0.035714 0.037143
3 0.608929 0.456190 0.027857 0.030476
3 0.628929 0.440476 0.030714 0.027619
3 0.612857 0.427143 0.037143 0.025714
3 0.621071 0.407619 0.045000 0.024762
3 0.646786 0.404286 0.030714 0.021905
3 0.762500 0.542381 0.043571 0.058095
11 0.752857 0.501905 0.067143 0.053333
3 0.758571 0.464762 0.024286 0.034286
3 0.760357 0.446190 0.025000 0.027619
3 0.746071 0.429048 0.046429 0.033333
3 0.814286 0.439048 0.060000 0.041905
3 0.791071 0.419048 0.049286 0.026667
3 0.770000 0.402857 0.024286 0.022857
3 0.663571 0.402381 0.035714 0.025714
3 0.677143 0.393333 0.032857 0.022857
4 0.705000 0.374286 0.031429 0.028571
3 0.736429 0.379048 0.021429 0.022857
3 0.752500 0.354762 0.019286 0.014286
3 0.786429 0.331905 0.017143 0.020000
3 0.720357 0.357619 0.019286 0.014286
3 0.727857 0.354762 0.015714 0.012381
11 0.732500 0.346667 0.025000 0.017143
3 0.740714 0.343810 0.022857 0.013333
3 0.745714 0.340476 0.020000 0.012381
3 0.750357 0.337619 0.017857 0.014286
3 0.754643 0.332381 0.017857 0.013333
3 0.760357 0.330476 0.020714 0.013333
4 0.776429 0.315714 0.012857 0.018095
3 0.763571 0.394286 0.022857 0.017143
3 0.776429 0.388095 0.017143 0.016190
3 0.770000 0.379048 0.015714 0.013333
3 0.780714 0.376190 0.015714 0.013333
7 0.769643 0.365238 0.005000 0.012381
4 0.787143 0.359524 0.020000 0.018095
