3 0.377500 0.773810 0.035000 0.094286
0 0.483214 0.602857 0.029286 0.072381
3 0.398214 0.585238 0.032143 0.046667
3 0.428929 0.411429 0.020714 0.028571
3 0.522143 0.289048 0.011429 0.020000
11 0.391071 0.657143 0.032143 0.089524
7 0.216071 0.264762 0.005000 0.011429
7 0.211786 0.261905 0.005000 0.011429
4 0.546071 0.071429 0.012143 0.015238
4 0.537857 0.092857 0.004286 0.008571
7 0.363214 0.195238 0.003571 0.003810
3 0.516786 0.124762 0.003571 0.005714
7 0.488571 0.228095 0.002857 0.010476
7 0.515000 0.196190 0.002857 0.009524
7 0.515000 0.228095 0.001429 0.010476
7 0.517500 0.225714 0.002143 0.007619
5 0.582500 0.245714 0.005000 0.011429
5 0.589286 0.247619 0.004286 0.011429
3 0.448929 0.305238 0.015000 0.023810
3 0.681071 0.284286 0.015000 0.021905
7 0.575714 0.795238 0.011429 0.028571
8 0.505357 0.726190 0.012143 0.016190
8 0.427857 0.663333 0.010000 0.018095
5 0.428214 0.678095 0.012143 0.032381
5 0.506429 0.734762 0.011429 0.039048
