11 0.782143 0.899048 0.164286 0.200000
3 0.929286 0.828571 0.140000 0.196190
3 0.225357 0.920952 0.119286 0.156190
3 0.445000 0.906190 0.192857 0.185714
11 0.318214 0.793810 0.145000 0.227619
3 0.295000 0.661429 0.160000 0.120952
11 0.206071 0.493810 0.127857 0.092381
3 0.168571 0.465238 0.134286 0.079048
3 0.162500 0.422381 0.125000 0.071429
3 0.155357 0.390476 0.110714 0.060952
3 0.171786 0.350000 0.047857 0.054286
3 0.267857 0.384286 0.058571 0.069524
2 0.213214 0.275238 0.107857 0.146667
11 0.149643 0.301429 0.052143 0.069524
11 0.103571 0.275714 0.047143 0.048571
11 0.089286 0.237619 0.041429 0.037143
3 0.037143 0.246190 0.035714 0.040952
3 0.036071 0.213810 0.032143 0.037143
3 0.074286 0.211905 0.032857 0.042857
3 0.061071 0.168095 0.029286 0.037143
3 0.054286 0.149524 0.027143 0.030476
11 0.041071 0.135238 0.027857 0.030476
11 0.031071 0.092857 0.025000 0.027619
3 0.022143 0.078571 0.014286 0.016190
3 0.017143 0.070952 0.012857 0.016190
3 0.112143 0.169524 0.025714 0.030476
3 0.099643 0.155238 0.023571 0.028571
3 0.089286 0.138095 0.022857 0.026667
3 0.079286 0.127143 0.020000 0.025714
11 0.060357 0.096190 0.020714 0.022857
11 0.053214 0.085714 0.017857 0.020952
11 0.043929 0.077143 0.016429 0.020952
3 0.037857 0.068571 0.012857 0.017143
11 0.022857 0.039524 0.014286 0.020000
5 0.082143 0.087619 0.015714 0.020952
11 0.605357 0.616190 0.122143 0.154286
3 0.433571 0.449048 0.077143 0.086667
3 0.525357 0.445238 0.086429 0.088571
11 0.670000 0.375714 0.060000 0.048571
11 0.546071 0.352381 0.067857 0.057143
3 0.577143 0.309048 0.055714 0.042857
3 0.499286 0.265238 0.051429 0.035238
3 0.386429 0.325714 0.060000 0.055238
11 0.445000 0.231429 0.042857 0.036190
3 0.398214 0.200000 0.040714 0.030476
3 0.268214 0.173333 0.033571 0.026667
3 0.232857 0.135238 0.018571 0.020952
3 0.345357 0.167619 0.029286 0.026667
3 0.324286 0.154286 0.028571 0.026667
3 0.304286 0.141429 0.022857 0.021905
11 0.287143 0.127143 0.022857 0.025714
11 0.264286 0.115714 0.022857 0.021905
11 0.238571 0.097143 0.021429 0.022857
5 0.140357 0.110000 0.016429 0.018095
7 0.140357 0.109048 0.006429 0.014286
11 0.199643 0.084286 0.027857 0.016190
3 0.166429 0.076190 0.015714 0.017143
3 0.210714 0.065714 0.018571 0.013333
3 0.175000 0.059048 0.017143 0.013333
3 0.153929 0.047143 0.010714 0.012381
5 0.131429 0.047143 0.005714 0.012381
7 0.130714 0.046190 0.002857 0.006667
4 0.140000 0.037143 0.017143 0.019048
7 0.076071 0.037619 0.006429 0.014286
5 0.088214 0.013810 0.005000 0.010476
7 0.087500 0.012381 0.002143 0.007619
7 0.066071 0.476190 0.023571 0.057143
7 0.076071 0.416190 0.020714 0.047619
7 0.033929 0.181429 0.012143 0.029524
7 0.541071 0.252381 0.009286 0.026667
7 0.555357 0.258095 0.007857 0.030476
7 0.653929 0.326667 0.013571 0.034286
3 0.886071 0.454286 0.029286 0.047619
7 0.887857 0.452857 0.015714 0.044762
1 0.916071 0.510952 0.013571 0.042857
5 0.888929 0.495238 0.036429 0.032381
7 0.974643 0.485714 0.022143 0.049524
7 0.991071 0.495238 0.013571 0.049524
3 0.874643 0.540476 0.110714 0.096190
3 0.278571 0.226190 0.037143 0.044762
7 0.653929 0.309048 0.013571 0.031429
7 0.769643 0.390952 0.015000 0.039048
11 0.123929 0.018571 0.019286 0.018095
3 0.162500 0.242381 0.033571 0.050476
6 0.226429 0.569048 0.075714 0.120952
