3 0.558214 0.735238 0.026429 0.064762
3 0.543214 0.636667 0.022143 0.056190
3 0.593214 0.582381 0.023571 0.042857
3 0.576071 0.534286 0.026429 0.028571
3 0.708214 0.509048 0.036429 0.029524
3 0.636071 0.228095 0.013571 0.016190
3 0.653571 0.207619 0.018571 0.011429
3 0.673929 0.188095 0.019286 0.010476
11 0.717500 0.193810 0.012143 0.012381
10 0.694643 0.199524 0.056429 0.023810
10 0.738929 0.159048 0.017857 0.024762
10 0.756786 0.159048 0.013571 0.020952
10 0.693214 0.212857 0.026429 0.018095
10 0.867500 0.180476 0.029286 0.018095
10 0.751429 0.180000 0.030000 0.019048
7 0.812143 0.181905 0.002857 0.009524
6 0.801071 0.186667 0.020714 0.020952
10 0.725357 0.160952 0.016429 0.022857
10 0.526429 0.528571 0.022857 0.055238
10 0.644286 0.987143 0.028571 0.023810
1 0.564643 0.855238 0.007857 0.028571
8 0.564286 0.850952 0.007143 0.014286
7 0.723929 0.518095 0.005000 0.017143
7 0.734286 0.528571 0.004286 0.017143
7 0.737857 0.519048 0.004286 0.017143
10 0.474286 0.194762 0.014286 0.029524
1 0.504643 0.487143 0.005000 0.018095
8 0.504643 0.483333 0.003571 0.010476
3 0.455357 0.102381 0.005000 0.008571
4 0.436786 0.045238 0.023571 0.056190
