7 0.005000 0.781726 0.010000 0.015228
3 0.085000 0.819797 0.048571 0.045685
3 0.181786 0.815355 0.046429 0.044416
11 0.505714 0.636421 0.042857 0.041878
11 0.618214 0.554569 0.042143 0.048223
3 0.787143 0.439086 0.035714 0.038071
3 0.958929 0.388325 0.035000 0.040609
3 0.983214 0.264594 0.032143 0.041878
2 0.912857 0.381345 0.058571 0.067259
2 0.925714 0.316624 0.081429 0.100254
7 0.943571 0.195431 0.008571 0.017766
7 0.993214 0.194797 0.009286 0.016497
5 0.919286 0.110406 0.012857 0.020305
7 0.747500 0.175127 0.005000 0.017766
7 0.751071 0.180838 0.002143 0.011421
7 0.854643 0.333756 0.007857 0.015228
