3 0.901429 0.870476 0.125714 0.238095
3 0.804643 0.809524 0.102143 0.198095
3 0.225000 0.424286 0.060000 0.092381
3 0.272143 0.630476 0.131429 0.158095
3 0.285000 0.213810 0.042857 0.040952
3 0.373571 0.318571 0.067143 0.067619
3 0.607143 0.160000 0.045714 0.040000
3 0.316786 0.170000 0.050714 0.027619
11 0.249286 0.218571 0.041429 0.050476
3 0.346429 0.933333 0.151429 0.131429
3 0.240000 0.907619 0.181429 0.182857
3 0.211071 0.587619 0.137857 0.106667
3 0.190000 0.527619 0.124286 0.085714
3 0.236071 0.349048 0.042143 0.060000
3 0.219286 0.300952 0.044286 0.062857
3 0.073571 0.741429 0.141429 0.181905
3 0.117500 0.790952 0.190714 0.193333
3 0.168214 0.846667 0.189286 0.209524
7 0.532857 0.661905 0.028571 0.062857
7 0.580714 0.640952 0.034286 0.062857
7 0.510714 0.604762 0.022857 0.057143
7 0.538571 0.582381 0.022857 0.058095
7 0.478929 0.543333 0.027857 0.044762
7 0.492857 0.540952 0.022857 0.053333
7 0.458929 0.485238 0.029286 0.056190
7 0.427857 0.500000 0.024286 0.049524
7 0.408214 0.464286 0.020714 0.046667
7 0.436071 0.450000 0.017857 0.046667
7 0.391071 0.440952 0.017857 0.047619
7 0.414643 0.428095 0.020714 0.048571
7 0.365357 0.414286 0.019286 0.053333
7 0.386429 0.369524 0.018571 0.038095
7 0.400714 0.397619 0.021429 0.046667
7 0.352500 0.377619 0.022143 0.039048
8 0.605000 0.499048 0.017143 0.034286
8 0.793929 0.624286 0.056429 0.061905
7 0.640000 0.496667 0.015714 0.039048
7 0.639643 0.512381 0.017857 0.036190
7 0.631429 0.531905 0.017143 0.056190
7 0.620714 0.533810 0.010000 0.033333
5 0.655357 0.560952 0.047857 0.026667
5 0.717857 0.524762 0.047143 0.043810
1 0.704286 0.538095 0.038571 0.032381
1 0.676429 0.530476 0.031429 0.032381
3 0.663929 0.478095 0.116429 0.068571
3 0.666071 0.434762 0.109286 0.054286
3 0.649286 0.399048 0.098571 0.053333
3 0.665000 0.365238 0.105714 0.044762
3 0.666786 0.333810 0.093571 0.035238
3 0.677500 0.307619 0.080714 0.040000
11 0.686429 0.280000 0.081429 0.055238
3 0.726071 0.273810 0.069286 0.050476
3 0.721071 0.248571 0.063571 0.038095
11 0.741786 0.210952 0.065000 0.050476
3 0.737857 0.160952 0.034286 0.030476
3 0.741071 0.078571 0.027857 0.023810
3 0.718571 0.124286 0.032857 0.037143
11 0.735000 0.117143 0.032857 0.040000
11 0.692143 0.126667 0.044286 0.051429
3 0.671786 0.132381 0.049286 0.047619
11 0.645714 0.139524 0.042857 0.044762
3 0.584643 0.095714 0.039286 0.020000
3 0.576786 0.114762 0.037857 0.021905
3 0.546071 0.109048 0.036429 0.025714
3 0.538929 0.075714 0.039286 0.029524
3 0.551429 0.180000 0.057143 0.041905
3 0.694643 0.170952 0.043571 0.029524
3 0.669643 0.186667 0.053571 0.040000
3 0.649643 0.197143 0.050714 0.034286
3 0.617857 0.206667 0.051429 0.038095
3 0.589286 0.216667 0.044286 0.039048
3 0.560714 0.223810 0.051429 0.045714
3 0.563214 0.251905 0.046429 0.042857
3 0.523929 0.224286 0.043571 0.035238
11 0.482857 0.224286 0.047143 0.040952
3 0.528214 0.260476 0.065000 0.063810
3 0.496071 0.279048 0.056429 0.057143
3 0.447857 0.245238 0.045714 0.033333
3 0.456071 0.288571 0.046429 0.053333
3 0.413929 0.247619 0.043571 0.040000
3 0.420357 0.300000 0.047857 0.059048
3 0.378571 0.263810 0.054286 0.047619
3 0.332500 0.274762 0.066429 0.060000
3 0.439643 0.174286 0.042143 0.040000
3 0.413571 0.180952 0.040000 0.041905
3 0.385357 0.189048 0.040714 0.040952
3 0.352500 0.195714 0.045000 0.040952
3 0.322500 0.206667 0.046429 0.040000
3 0.239643 0.186190 0.067857 0.033333
7 0.239643 0.249048 0.016429 0.037143
3 0.191429 0.140000 0.065714 0.032381
3 0.320357 0.070476 0.046429 0.024762
3 0.375000 0.062857 0.042857 0.024762
3 0.442857 0.126190 0.050000 0.029524
2 0.438929 0.087619 0.156429 0.051429
3 0.138929 0.094762 0.056429 0.020000
11 0.130714 0.090952 0.044286 0.023810
3 0.138929 0.083333 0.040714 0.018095
3 0.258214 0.080952 0.049286 0.022857
3 0.082500 0.188095 0.073571 0.039048
8 0.176786 0.202381 0.015000 0.021905
5 0.175357 0.210476 0.035000 0.015238
7 0.692500 0.051905 0.006429 0.018095
7 0.741429 0.066190 0.007143 0.025714
3 0.723929 0.070952 0.027857 0.020000
3 0.611786 0.031905 0.035000 0.023810
10 0.285714 0.136667 0.064286 0.033333
