3 0.903214 0.932857 0.143571 0.132381
3 0.802500 0.737619 0.117857 0.166667
3 0.713929 0.549048 0.095000 0.117143
3 0.665000 0.439048 0.074286 0.089524
3 0.625000 0.357143 0.078571 0.087619
3 0.563571 0.615714 0.084286 0.159048
3 0.563571 0.255714 0.068571 0.071429
3 0.536429 0.164286 0.034286 0.048571
11 0.405714 0.872381 0.157143 0.253333
3 0.383929 0.686667 0.082143 0.160000
3 0.383929 0.520000 0.085000 0.150476
3 0.356786 0.408571 0.059286 0.106667
3 0.349643 0.320952 0.050714 0.087619
3 0.335714 0.250952 0.044286 0.061905
10 0.321786 0.179048 0.059286 0.085714
3 0.363214 0.147143 0.039286 0.063810
10 0.445000 0.027619 0.054286 0.055238
3 0.314643 0.134762 0.032143 0.037143
3 0.311429 0.104286 0.037143 0.044762
3 0.303214 0.066667 0.029286 0.034286
3 0.293214 0.039524 0.023571 0.039048
3 0.286071 0.018095 0.026429 0.030476
