3 0.018250 0.513000 0.035500 0.040667
3 0.017750 0.484000 0.030500 0.033333
3 0.089750 0.492000 0.031500 0.037333
3 0.043750 0.420000 0.026500 0.030667
3 0.095750 0.396000 0.025500 0.028000
3 0.131500 0.357667 0.024000 0.026000
1 0.076000 0.352000 0.008000 0.010667
1 0.068750 0.348667 0.006500 0.009333
1 0.061250 0.344333 0.008500 0.011333
8 0.060500 0.341000 0.003000 0.014000
8 0.068500 0.345333 0.005000 0.010667
8 0.074750 0.348333 0.003500 0.011333
3 0.222500 0.446000 0.023000 0.033333
3 0.204750 0.330667 0.021500 0.021333
11 0.199500 0.271000 0.019000 0.026000
11 0.200750 0.252000 0.016500 0.018667
3 0.256250 0.229333 0.013500 0.017333
1 0.168000 0.245000 0.007000 0.008667
8 0.167500 0.241333 0.004000 0.008000
11 0.322000 0.187000 0.012000 0.012667
2 0.269000 0.177667 0.030000 0.042000
3 0.252750 0.179000 0.011500 0.015333
3 0.292000 0.150667 0.013000 0.013333
3 0.318500 0.131000 0.012000 0.016667
3 0.306250 0.116000 0.010500 0.010667
3 0.342500 0.116667 0.010000 0.013333
3 0.337500 0.081000 0.010000 0.011333
3 0.341250 0.055000 0.009500 0.008667
2 0.383500 0.049000 0.014000 0.022000
3 0.399250 0.048000 0.007500 0.009333
3 0.361250 0.035000 0.008500 0.010000
3 0.376000 0.018000 0.008000 0.008000
3 0.390250 0.003667 0.007500 0.007333
3 0.409000 0.017667 0.007000 0.011333
3 0.421250 0.014667 0.006500 0.009333
4 0.273250 0.130333 0.019500 0.014000
4 0.301750 0.098000 0.003500 0.009333
7 0.614000 0.386000 0.005000 0.013333
7 0.626000 0.376000 0.004000 0.013333
7 0.666250 0.397667 0.003500 0.014000
7 0.650750 0.349333 0.003500 0.013333
7 0.656750 0.353333 0.003500 0.013333
3 0.592000 0.390667 0.029000 0.018667
3 0.597750 0.379000 0.029500 0.018000
3 0.602250 0.366000 0.030500 0.018667
3 0.634000 0.431000 0.027000 0.028667
3 0.660750 0.435000 0.029500 0.028667
3 0.671000 0.383333 0.013000 0.024000
3 0.670250 0.359333 0.012500 0.021333
11 0.678000 0.332000 0.028000 0.020000
3 0.686000 0.361000 0.012000 0.022000
3 0.687750 0.387333 0.012500 0.026667
3 0.680750 0.319333 0.028500 0.017333
7 0.661500 0.314667 0.004000 0.010667
7 0.685000 0.307667 0.003000 0.011333
7 0.687750 0.307333 0.002500 0.012000
3 0.830000 0.582667 0.019000 0.044000
3 0.862000 0.585667 0.023000 0.043333
11 0.891500 0.586000 0.021000 0.037333
3 0.756250 0.975000 0.024500 0.048667
7 0.105500 0.929667 0.015000 0.023333
3 0.048000 0.864333 0.037000 0.064667
3 0.072250 0.824667 0.041500 0.053333
3 0.095500 0.793667 0.037000 0.047333
3 0.116750 0.712000 0.041500 0.053333
3 0.054250 0.610000 0.035500 0.042667
7 0.187000 0.712667 0.007000 0.020000
4 0.234500 0.482667 0.015000 0.021333
4 0.226250 0.508333 0.018500 0.020667
4 0.248250 0.464000 0.015500 0.021333
3 0.165000 0.958333 0.050000 0.040667
3 0.138750 0.987333 0.061500 0.024000
3 0.647250 0.124000 0.009500 0.013333
3 0.656000 0.109000 0.009000 0.010000
3 0.770500 0.114333 0.008000 0.014000
3 0.791000 0.135000 0.016000 0.010000
3 0.798500 0.140667 0.018000 0.010667
7 0.610500 0.185667 0.004000 0.010000
3 0.975750 0.274333 0.025500 0.015333
3 0.978250 0.283667 0.028500 0.015333
3 0.987000 0.295333 0.025000 0.014667
3 0.989000 0.304333 0.021000 0.014000
3 0.991000 0.311667 0.017000 0.015333
3 0.737500 0.120667 0.020000 0.012000
3 0.731500 0.090667 0.011000 0.013333
3 0.735000 0.113000 0.008000 0.011333
3 0.760000 0.135000 0.020000 0.010000
3 0.759250 0.140667 0.019500 0.009333
11 0.763250 0.144333 0.016500 0.010000
11 0.743750 0.146000 0.010500 0.014667
3 0.686750 0.041000 0.008500 0.007333
3 0.678500 0.040000 0.007000 0.009333
3 0.670500 0.040333 0.011000 0.008667
3 0.661250 0.038333 0.011500 0.011333
4 0.666000 0.072000 0.039000 0.054667
4 0.708250 0.066000 0.023500 0.042667
