3 0.569286 0.585714 0.032857 0.059048
3 0.383214 0.770476 0.035000 0.102857
3 0.530357 0.479048 0.033571 0.062857
3 0.598929 0.487143 0.025000 0.046667
3 0.482143 0.958571 0.054286 0.080952
7 0.352857 0.305714 0.002857 0.013333
3 0.023929 0.389048 0.046429 0.040952
5 0.183929 0.614286 0.020714 0.026667
5 0.231786 0.604762 0.023571 0.024762
7 0.106786 0.604286 0.013571 0.023810
7 0.132857 0.648571 0.011429 0.026667
5 0.370357 0.560952 0.016429 0.040000
5 0.381429 0.599524 0.017143 0.039048
5 0.505357 0.316190 0.007857 0.019048
5 0.490000 0.328095 0.005714 0.018095
5 0.473929 0.342857 0.006429 0.019048
5 0.450357 0.332857 0.009286 0.020000
5 0.430357 0.296190 0.007857 0.020952
11 0.583571 0.286190 0.018571 0.037143
11 0.613214 0.284762 0.017857 0.038095
3 0.601786 0.326667 0.019286 0.032381
3 0.641429 0.292381 0.020000 0.034286
7 0.526786 0.087619 0.003571 0.015238
3 0.641071 0.095714 0.016429 0.020000
7 0.580000 0.034762 0.002857 0.008571
7 0.655714 0.050476 0.002857 0.009524
5 0.715000 0.305714 0.004286 0.019048
5 0.707857 0.463810 0.007143 0.026667
7 0.807857 0.412381 0.004286 0.017143
5 0.677500 0.594286 0.009286 0.026667
7 0.810714 0.860476 0.015714 0.048571
7 0.788571 0.880952 0.011429 0.047619
3 0.896786 0.608571 0.069286 0.045714
2 0.940000 0.536190 0.110000 0.076190
3 0.910357 0.579524 0.065000 0.040952
5 0.859643 0.490000 0.019286 0.016190
7 0.836071 0.379524 0.003571 0.016190
4 0.858929 0.399048 0.029286 0.032381
8 0.715000 0.300952 0.004286 0.009524
8 0.504643 0.313333 0.005000 0.011429
8 0.430357 0.293333 0.006429 0.011429
8 0.449286 0.329048 0.007143 0.012381
8 0.473214 0.340952 0.006429 0.011429
8 0.490357 0.326667 0.005000 0.011429
8 0.707143 0.460476 0.007143 0.018095
8 0.861786 0.488571 0.012143 0.011429
8 0.678214 0.589524 0.006429 0.015238
8 0.186429 0.610952 0.011429 0.016190
8 0.231786 0.600476 0.015000 0.014286
8 0.385714 0.591905 0.010000 0.021905
8 0.372500 0.553333 0.012143 0.024762
