3 0.074286 0.037619 0.022857 0.016190
3 0.057143 0.063810 0.017143 0.013333
3 0.081786 0.064286 0.016429 0.016190
3 0.110714 0.065238 0.020000 0.016190
3 0.228929 0.148095 0.017857 0.014286
3 0.231071 0.161905 0.016429 0.011429
3 0.221071 0.174762 0.023571 0.012381
3 0.212857 0.188095 0.022857 0.014286
3 0.198571 0.216667 0.021429 0.012381
3 0.186429 0.233810 0.024286 0.012381
3 0.177857 0.245714 0.022857 0.011429
3 0.165000 0.260000 0.021429 0.015238
3 0.163214 0.274286 0.023571 0.019048
5 0.275357 0.610952 0.005000 0.010476
5 0.261786 0.624286 0.006429 0.010476
5 0.268214 0.619048 0.006429 0.009524
5 0.271786 0.614286 0.005000 0.009524
7 0.374643 0.573810 0.003571 0.006667
7 0.366071 0.299048 0.002143 0.007619
1 0.438929 0.282857 0.002143 0.009524
1 0.448214 0.284286 0.002143 0.008571
1 0.451786 0.282381 0.002143 0.008571
1 0.466071 0.280476 0.002143 0.008571
1 0.473571 0.286190 0.002857 0.008571
4 0.466071 0.254762 0.007857 0.008571
4 0.450357 0.253333 0.006429 0.007619
4 0.470714 0.266190 0.005714 0.006667
5 0.470000 0.275238 0.001429 0.009524
4 0.450357 0.268095 0.010714 0.012381
4 0.482500 0.267143 0.006429 0.010476
7 0.426786 0.728095 0.005000 0.004762
7 0.469286 0.867143 0.004286 0.004762
3 0.525000 0.043810 0.005714 0.019048
3 0.534286 0.044286 0.007143 0.020000
3 0.563929 0.047143 0.007857 0.021905
3 0.573929 0.049048 0.006429 0.018095
4 0.614643 0.045714 0.022143 0.015238
3 0.545714 0.045714 0.007143 0.020952
3 0.817500 0.926667 0.017857 0.045714
3 0.866071 0.894762 0.017857 0.037143
3 0.874643 0.953333 0.019286 0.049524
5 0.955714 0.891905 0.005714 0.016190
3 0.942857 0.852381 0.031429 0.019048
10 0.863571 0.842857 0.031429 0.057143
3 0.850714 0.789524 0.018571 0.040000
3 0.842500 0.741905 0.016429 0.038095
3 0.836429 0.698095 0.017143 0.036190
3 0.829643 0.652381 0.016429 0.034286
10 0.825357 0.608571 0.016429 0.032381
3 0.810357 0.533810 0.013571 0.033333
3 0.875000 0.531429 0.012857 0.032381
3 0.889643 0.531905 0.012143 0.029524
3 0.902857 0.530476 0.017143 0.026667
3 0.862500 0.498095 0.019286 0.015238
3 0.863214 0.475238 0.013571 0.030476
3 0.875357 0.474762 0.017857 0.031429
3 0.888214 0.477619 0.015000 0.029524
11 0.891071 0.364762 0.012143 0.020952
3 0.905714 0.307619 0.014286 0.028571
3 0.918214 0.307143 0.013571 0.025714
3 0.929643 0.310476 0.015000 0.028571
3 0.943929 0.311429 0.015000 0.028571
3 0.956786 0.310952 0.015000 0.025714
3 0.975357 0.356190 0.016429 0.024762
3 0.953929 0.761429 0.026429 0.025714
3 0.990714 0.885714 0.017143 0.043810
5 0.982143 0.889524 0.015714 0.028571
8 0.773929 0.317619 0.003571 0.004762
5 0.773571 0.319048 0.002857 0.007619
3 0.730357 0.072381 0.010714 0.020952
3 0.859286 0.099524 0.011429 0.021905
3 0.881786 0.095714 0.012143 0.021905
3 0.924643 0.099524 0.015000 0.023810
9 0.485357 0.281905 0.005000 0.013333
