3 0.384395 0.462430 0.048539 0.119666
3 0.322808 0.661874 0.055846 0.117811
2 0.233038 0.923006 0.057933 0.150278
3 0.183194 0.923006 0.050104 0.128015
8 0.518789 0.179963 0.009395 0.022263
8 0.548278 0.129406 0.008873 0.025046
8 0.545146 0.204545 0.008873 0.015770
5 0.564979 0.176252 0.022443 0.033395
4 0.558194 0.114100 0.013048 0.018553
5 0.524791 0.231447 0.025574 0.038033
5 0.518789 0.317254 0.017745 0.038961
5 0.679541 0.349722 0.021921 0.044527
3 0.636743 0.437848 0.061587 0.107607
3 0.667797 0.491187 0.058977 0.097403
3 0.760438 0.664193 0.064718 0.103896
3 0.843946 0.825603 0.074113 0.109462
8 0.914405 0.800557 0.015658 0.018553
8 0.928236 0.828850 0.014092 0.017625
7 0.924843 0.852968 0.018789 0.019481
5 0.903184 0.858534 0.019311 0.036178
