4 0.495357 0.149048 0.016429 0.023810
4 0.473571 0.137619 0.018571 0.027619
10 0.416786 0.530476 0.030714 0.072381
10 0.409286 0.467143 0.040000 0.090476
10 0.470357 0.365714 0.033571 0.080000
10 0.498214 0.276667 0.019286 0.044762
10 0.470000 0.299048 0.021429 0.038095
10 0.543571 0.145714 0.014286 0.036190
10 0.563929 0.078571 0.012143 0.027619
10 0.557143 0.046667 0.018571 0.053333
3 0.120714 0.926190 0.058571 0.067619
3 0.276071 0.848095 0.030714 0.069524
3 0.370000 0.685714 0.027143 0.053333
3 0.355714 0.629524 0.028571 0.057143
3 0.446071 0.461905 0.020714 0.036190
3 0.426071 0.310952 0.015000 0.025714
3 0.522857 0.213333 0.012857 0.022857
3 0.511429 0.190952 0.011429 0.020000
3 0.505000 0.025238 0.017143 0.010476
3 0.509286 0.016190 0.017143 0.007619
3 0.511071 0.010952 0.013571 0.012381
3 0.516786 0.004762 0.015000 0.009524
3 0.570000 0.024286 0.004286 0.012381
10 0.582143 0.015238 0.007143 0.015238
3 0.493571 0.235714 0.012857 0.027619
11 0.446429 0.370000 0.017143 0.039048
11 0.407500 0.343333 0.025000 0.020000
11 0.468214 0.197619 0.012143 0.020000
4 0.451429 0.187619 0.010000 0.036190
4 0.436429 0.224286 0.015714 0.020000
4 0.480357 0.258571 0.007857 0.018095
4 0.357500 0.367143 0.020714 0.048571
5 0.388929 0.417143 0.010714 0.011429
7 0.383571 0.337619 0.004286 0.010476
10 0.329643 0.439048 0.023571 0.036190
10 0.939286 0.835238 0.067143 0.102857
10 0.911071 0.695238 0.062143 0.047619
11 0.303929 0.894286 0.035000 0.083810
7 0.215000 0.790476 0.010000 0.009524
9 0.216071 0.784762 0.020714 0.022857
0 0.175714 0.692381 0.020000 0.022857
6 0.235714 0.606667 0.045714 0.106667
0 0.266786 0.607619 0.016429 0.041905
3 0.241071 0.514762 0.029286 0.018095
4 0.398929 0.278571 0.010714 0.020000
4 0.684286 0.200000 0.004286 0.043810
7 0.706429 0.037619 0.001429 0.006667
3 0.760000 0.034762 0.008571 0.012381
3 0.781786 0.005714 0.017857 0.009524
11 0.796429 0.055714 0.017143 0.012381
10 0.973571 0.011429 0.050000 0.020952
10 0.974286 0.033810 0.050000 0.020000
10 0.979643 0.018571 0.039286 0.012381
10 0.980000 0.025238 0.038571 0.012381
10 0.951786 0.051429 0.067857 0.015238
5 0.485714 0.109524 0.005714 0.007619
7 0.586429 0.764762 0.007143 0.009524
7 0.576429 0.736190 0.005714 0.007619
