1 0.194643 0.397619 0.007857 0.002857
1 0.190714 0.418095 0.005714 0.001905
1 0.189643 0.423810 0.007857 0.001905
1 0.188571 0.428571 0.007143 0.001905
3 0.005714 0.576667 0.011429 0.031429
3 0.016429 0.577619 0.018571 0.031429
3 0.031429 0.576667 0.017143 0.029524
3 0.098214 0.575714 0.016429 0.029524
3 0.086071 0.574762 0.015000 0.031429
3 0.113214 0.576190 0.015000 0.028571
3 0.139286 0.575238 0.015714 0.032381
3 0.151429 0.576667 0.015714 0.029524
3 0.021786 0.627619 0.030714 0.015238
3 0.058214 0.629048 0.027857 0.014286
11 0.089643 0.629048 0.022143 0.012381
5 0.101786 0.661429 0.010714 0.004762
11 0.245357 0.646667 0.023571 0.019048
1 0.177500 0.501905 0.007857 0.001905
1 0.178571 0.506190 0.007143 0.002857
1 0.183929 0.460952 0.006429 0.001905
1 0.181786 0.468571 0.006429 0.001905
1 0.181071 0.476190 0.006429 0.000000
1 0.179643 0.480000 0.006429 0.001905
1 0.178929 0.483810 0.006429 0.001905
1 0.187857 0.433333 0.005714 0.001905
5 0.193571 0.407619 0.008571 0.003810
5 0.196071 0.391905 0.007857 0.002857
8 0.346071 0.098571 0.002143 0.002857
5 0.346071 0.100476 0.002143 0.006667
8 0.355000 0.110952 0.001429 0.004762
8 0.355357 0.112857 0.002143 0.008571
8 0.340000 0.235238 0.001429 0.005714
5 0.340357 0.236667 0.002143 0.008571
8 0.322143 0.528571 0.002857 0.003810
5 0.322143 0.528571 0.005714 0.015238
7 0.377500 0.728095 0.002143 0.002857
3 0.322857 0.780000 0.014286 0.043810
5 0.444286 0.848571 0.007143 0.011429
3 0.441071 0.823333 0.026429 0.016190
3 0.442143 0.336190 0.021429 0.013333
3 0.445000 0.305238 0.021429 0.012381
3 0.445357 0.290952 0.020714 0.012381
3 0.441429 0.263333 0.021429 0.012381
3 0.443929 0.248571 0.020714 0.011429
3 0.442143 0.232857 0.020000 0.012381
11 0.441071 0.220000 0.022143 0.013333
3 0.439643 0.206190 0.019286 0.012381
3 0.437143 0.193810 0.020000 0.012381
3 0.490000 0.174286 0.018571 0.011429
3 0.489286 0.195238 0.018571 0.013333
3 0.511071 0.184286 0.019286 0.012381
3 0.508929 0.207619 0.019286 0.013333
3 0.512143 0.254762 0.021429 0.012381
3 0.511429 0.270952 0.020000 0.010476
3 0.512143 0.284762 0.021429 0.013333
3 0.511786 0.300000 0.022143 0.013333
3 0.486429 0.303333 0.021429 0.014286
3 0.514286 0.330476 0.022857 0.013333
3 0.634286 0.342381 0.021429 0.014286
3 0.586429 0.340952 0.021429 0.013333
3 0.585714 0.328095 0.021429 0.012381
3 0.584643 0.316190 0.019286 0.011429
3 0.583929 0.301429 0.022143 0.012381
3 0.582143 0.289048 0.021429 0.012381
3 0.623214 0.252381 0.019286 0.013333
3 0.627500 0.264286 0.020714 0.012381
3 0.627143 0.277619 0.021429 0.012381
3 0.629643 0.291905 0.020714 0.012381
3 0.632500 0.310476 0.020714 0.011429
3 0.632143 0.325714 0.021429 0.011429
3 0.560000 0.276667 0.021429 0.012381
11 0.581071 0.263333 0.022143 0.014286
3 0.580714 0.240476 0.015714 0.012381
3 0.576429 0.206190 0.018571 0.012381
3 0.555357 0.194762 0.017857 0.012381
3 0.556786 0.252857 0.020714 0.010476
3 0.578571 0.228095 0.020000 0.010476
3 0.557857 0.240952 0.020000 0.011429
3 0.556429 0.229524 0.021429 0.011429
3 0.556786 0.218095 0.020714 0.011429
3 0.554643 0.207143 0.017857 0.010476
3 0.575714 0.194762 0.017143 0.010476
3 0.617143 0.182381 0.020000 0.014286
3 0.620000 0.229524 0.020000 0.011429
3 0.620714 0.216667 0.021429 0.012381
3 0.619643 0.204762 0.019286 0.009524
3 0.527500 0.632381 0.012143 0.032381
3 0.559286 0.623333 0.011429 0.033333
3 0.615357 0.624762 0.013571 0.036190
3 0.539286 0.725238 0.025714 0.016190
3 0.511429 0.749524 0.025714 0.017143
3 0.540357 0.745714 0.027857 0.017143
3 0.513214 0.771905 0.029286 0.014286
3 0.544643 0.770952 0.027857 0.018095
3 0.512500 0.795238 0.027857 0.019048
3 0.608214 0.766190 0.027857 0.018095
3 0.603571 0.724762 0.027143 0.017143
3 0.632500 0.720476 0.027857 0.018095
3 0.723929 0.720476 0.026429 0.016190
3 0.746429 0.716667 0.012857 0.037143
3 0.739286 0.670000 0.015714 0.035238
3 0.780714 0.664762 0.025714 0.015238
3 0.841786 0.664286 0.027857 0.016190
3 0.917143 0.718571 0.028571 0.016190
3 0.935714 0.655714 0.030000 0.016190
3 0.842857 0.612381 0.027143 0.015238
3 0.871429 0.607619 0.025714 0.013333
3 0.902143 0.606190 0.027143 0.014286
3 0.968929 0.603810 0.029286 0.015238
3 0.992143 0.589048 0.014286 0.027619
3 0.723929 0.034762 0.010714 0.018095
5 0.672857 0.613810 0.002857 0.010476
9 0.518929 0.822857 0.016429 0.009524
5 0.569643 0.789048 0.003571 0.014286
5 0.560714 0.790476 0.002857 0.011429
3 0.870000 0.936190 0.020000 0.038095
3 0.516786 0.353810 0.023571 0.012381
3 0.400357 0.037143 0.006429 0.015238
3 0.397857 0.055238 0.008571 0.017143
