3 0.401071 0.122857 0.016429 0.017143
3 0.398929 0.138095 0.013571 0.017143
3 0.269286 0.159048 0.034286 0.020952
3 0.059643 0.175714 0.035000 0.021905
3 0.083571 0.168571 0.032857 0.019048
3 0.103214 0.160952 0.027857 0.019048
4 0.109286 0.133333 0.022857 0.024762
3 0.089286 0.226667 0.045714 0.038095
6 0.591071 0.172857 0.020714 0.031429
11 0.733571 0.008571 0.007143 0.013333
3 0.743214 0.027143 0.010714 0.012381
10 0.745357 0.010476 0.012143 0.020952
3 0.715714 0.084286 0.010000 0.014286
4 0.693571 0.083333 0.014286 0.027619
4 0.717143 0.047143 0.005714 0.014286
3 0.845000 0.030000 0.011429 0.012381
11 0.864286 0.080000 0.014286 0.019048
5 0.895714 0.091905 0.005714 0.016190
8 0.896429 0.090000 0.001429 0.010476
4 0.939286 0.050952 0.011429 0.014286
3 0.059643 0.290000 0.042143 0.029524
3 0.174286 0.310952 0.042857 0.037143
3 0.226786 0.326190 0.049286 0.052381
3 0.066786 0.458095 0.040714 0.030476
0 0.336429 0.500952 0.027143 0.024762
8 0.323571 0.487143 0.010000 0.014286
3 0.372500 0.569524 0.089286 0.055238
0 0.402143 0.714762 0.024286 0.039048
2 0.390000 0.878571 0.167143 0.240952
7 0.257857 0.971429 0.021429 0.032381
7 0.161429 0.968095 0.028571 0.037143
11 0.588214 0.682857 0.060714 0.154286
11 0.660000 0.351429 0.028571 0.062857
5 0.417857 0.175238 0.012857 0.017143
5 0.421429 0.172381 0.011429 0.017143
5 0.430357 0.168095 0.013571 0.014286
5 0.432857 0.165714 0.011429 0.013333
5 0.437143 0.162857 0.010000 0.015238
5 0.442143 0.188095 0.014286 0.014286
5 0.447500 0.185714 0.013571 0.017143
5 0.466429 0.188571 0.012857 0.015238
0 0.957143 0.206667 0.015714 0.020952
8 0.957857 0.197619 0.004286 0.010476
5 0.974643 0.207143 0.020714 0.014286
5 0.989286 0.216190 0.020000 0.013333
5 0.990357 0.236190 0.017857 0.019048
8 0.978214 0.205714 0.006429 0.019048
8 0.994643 0.212381 0.005000 0.019048
4 0.466429 0.170000 0.035714 0.018095
4 0.479643 0.186667 0.010714 0.013333
