10 0.464286 0.876667 0.170000 0.244762
3 0.368571 0.565714 0.061429 0.095238
2 0.167143 0.447143 0.082857 0.170476
11 0.866786 0.922857 0.187857 0.152381
3 0.710000 0.757143 0.128571 0.156190
3 0.622500 0.640476 0.102143 0.113333
7 0.563929 0.585714 0.016429 0.057143
3 0.907857 0.716190 0.170000 0.158095
3 0.765000 0.586667 0.112857 0.100952
11 0.892857 0.500000 0.118571 0.093333
7 0.792143 0.455238 0.005714 0.043810
7 0.797500 0.455238 0.009286 0.038095
3 0.685000 0.507143 0.082857 0.075238
3 0.493214 0.456667 0.056429 0.056190
3 0.420714 0.433810 0.050000 0.056190
3 0.461429 0.408571 0.044286 0.049524
3 0.438571 0.374286 0.041429 0.045714
3 0.417500 0.342381 0.035000 0.040952
3 0.393929 0.317143 0.030714 0.034286
10 0.295357 0.352381 0.050714 0.070476
3 0.346429 0.293810 0.027143 0.031429
3 0.339643 0.271429 0.020714 0.024762
11 0.018214 0.411429 0.036429 0.060952
3 0.091071 0.428095 0.055000 0.052381
11 0.513571 0.344762 0.034286 0.034286
11 0.526071 0.286190 0.032143 0.029524
7 0.550000 0.320000 0.010000 0.034286
11 0.580000 0.320952 0.041429 0.041905
3 0.111429 0.385238 0.038571 0.044762
7 0.052143 0.395238 0.017143 0.034286
7 0.085000 0.383333 0.012857 0.033333
7 0.105714 0.442857 0.012857 0.040000
7 0.130000 0.393810 0.014286 0.033333
7 0.132500 0.368571 0.012143 0.030476
7 0.150714 0.359524 0.010000 0.025714
7 0.193571 0.316190 0.010000 0.024762
3 0.502143 0.271429 0.028571 0.026667
11 0.033571 0.367143 0.035714 0.040952
3 0.128929 0.339048 0.029286 0.030476
7 0.087500 0.353810 0.012143 0.033333
3 0.136429 0.312857 0.031429 0.029524
3 0.170000 0.283810 0.022857 0.028571
3 0.206071 0.267143 0.022143 0.023810
3 0.177500 0.256667 0.017857 0.020000
11 0.157857 0.250476 0.017143 0.024762
11 0.183214 0.230000 0.012143 0.014286
3 0.191786 0.221429 0.012143 0.016190
11 0.191429 0.202857 0.015714 0.020952
4 0.165714 0.219524 0.024286 0.037143
4 0.198214 0.149048 0.020714 0.029524
3 0.188214 0.169048 0.009286 0.010476
3 0.196429 0.192381 0.011429 0.011429
11 0.200714 0.171429 0.010000 0.011429
3 0.255357 0.181905 0.013571 0.013333
3 0.249643 0.168095 0.007857 0.010476
4 0.242857 0.135238 0.021429 0.047619
11 0.323929 0.244286 0.016429 0.025714
11 0.315357 0.239048 0.012143 0.024762
3 0.381071 0.299048 0.026429 0.030476
3 0.373929 0.281429 0.023571 0.027619
3 0.357143 0.261429 0.021429 0.027619
3 0.346429 0.247143 0.018571 0.023810
3 0.339643 0.236667 0.013571 0.020000
3 0.333214 0.228571 0.015000 0.020952
3 0.327143 0.218095 0.014286 0.015238
3 0.321071 0.210000 0.012143 0.014286
3 0.316071 0.203333 0.013571 0.012381
11 0.311429 0.194762 0.010000 0.018095
3 0.287857 0.184286 0.010000 0.012381
3 0.276071 0.163333 0.009286 0.010476
3 0.271429 0.159524 0.007143 0.010476
11 0.287143 0.161905 0.007143 0.011429
4 0.299286 0.181905 0.020000 0.026667
2 0.258571 0.123810 0.010000 0.013333
4 0.270714 0.143333 0.025714 0.025714
11 0.368214 0.206667 0.016429 0.022857
11 0.397500 0.236667 0.017857 0.018095
4 0.336429 0.183333 0.037143 0.040952
3 0.322143 0.149524 0.015714 0.007619
5 0.321429 0.314762 0.010000 0.020000
8 0.320000 0.307619 0.010000 0.022857
