7 0.265000 0.860476 0.044286 0.096190
7 0.166786 0.906667 0.069286 0.095238
7 0.125714 0.780476 0.065714 0.098095
7 0.183214 0.650952 0.045000 0.086667
7 0.410000 0.438571 0.024286 0.082857
7 0.433929 0.434286 0.022143 0.080000
7 0.579286 0.303810 0.018571 0.070476
7 0.463571 0.325238 0.024286 0.090476
7 0.441786 0.332857 0.023571 0.071429
7 0.555357 0.178571 0.017857 0.056190
7 0.687857 0.035714 0.014286 0.039048
7 0.560000 0.150952 0.014286 0.052381
7 0.443214 0.299048 0.019286 0.059048
8 0.622143 0.326667 0.032857 0.068571
5 0.618571 0.338095 0.041429 0.066667
4 0.639286 0.044762 0.017143 0.032381
