3 0.026071 0.770952 0.052143 0.208571
3 0.709286 0.949048 0.174286 0.100000
3 0.186429 0.592857 0.098571 0.210476
11 0.075000 0.537619 0.102857 0.172381
3 0.343214 0.816190 0.085000 0.253333
3 0.684286 0.833333 0.182857 0.114286
11 0.667143 0.715238 0.184286 0.121905
11 0.646786 0.543333 0.119286 0.094286
11 0.630357 0.470952 0.135000 0.090476
3 0.649286 0.627143 0.151429 0.090476
3 0.621429 0.410476 0.117143 0.070476
3 0.612143 0.359524 0.111429 0.067619
10 0.606786 0.305714 0.087857 0.066667
10 0.594286 0.254286 0.091429 0.074286
3 0.439643 0.600476 0.062143 0.172381
3 0.373929 0.585714 0.060714 0.152381
3 0.388214 0.421429 0.052143 0.122857
3 0.407143 0.240476 0.038571 0.071429
3 0.418214 0.145714 0.032143 0.057143
7 0.390714 0.160952 0.010000 0.038095
7 0.451429 0.179524 0.008571 0.033333
7 0.500714 0.013333 0.010000 0.024762
7 0.321071 0.403810 0.012143 0.040000
3 0.137857 0.405238 0.081429 0.120952
11 0.196786 0.273810 0.073571 0.105714
3 0.222143 0.189048 0.048571 0.075238
3 0.288571 0.023810 0.038571 0.047619
3 0.265714 0.059048 0.035714 0.057143
11 0.243929 0.106667 0.053571 0.100952
