10 0.552857 0.694162 0.032857 0.109137
3 0.517143 0.638959 0.018571 0.046954
3 0.453214 0.711929 0.016429 0.040609
3 0.464643 0.524112 0.016429 0.030457
10 0.302500 0.436548 0.019286 0.045685
10 0.427857 0.414340 0.020000 0.052030
3 0.447143 0.426396 0.012857 0.027919
5 0.480000 0.395305 0.008571 0.019036
8 0.480714 0.392132 0.007143 0.010152
3 0.463214 0.238579 0.010714 0.015228
3 0.373571 0.238579 0.010000 0.015228
3 0.393571 0.227792 0.008571 0.011421
3 0.382857 0.211929 0.008571 0.012690
3 0.369643 0.197335 0.007857 0.013959
2 0.406071 0.238579 0.012143 0.025381
4 0.566071 0.109772 0.120714 0.074873
4 0.592857 0.032360 0.071429 0.059645
