3 0.348929 0.034286 0.037857 0.066667
3 0.338214 0.120000 0.032143 0.076190
3 0.325714 0.237619 0.038571 0.100000
3 0.320714 0.360000 0.044286 0.106667
3 0.318214 0.521905 0.047857 0.127619
3 0.308929 0.671905 0.049286 0.128571
3 0.307143 0.844762 0.060000 0.180952
3 0.641786 0.944762 0.066429 0.108571
3 0.614286 0.764762 0.070000 0.158095
3 0.577500 0.567143 0.059286 0.138095
3 0.568929 0.417619 0.050714 0.122857
11 0.548214 0.288571 0.072143 0.110476
3 0.540714 0.191429 0.038571 0.087619
3 0.534643 0.088095 0.030714 0.075238
3 0.533214 0.021429 0.032143 0.042857
4 0.918571 0.295238 0.161429 0.420952
