3 0.137787 0.352041 0.055324 0.073284
3 0.177714 0.316327 0.050626 0.066790
3 0.271921 0.378479 0.078288 0.079777
3 0.292276 0.414193 0.078288 0.080705
3 0.320720 0.455009 0.081942 0.095547
3 0.344468 0.494434 0.077244 0.090909
3 0.374478 0.533859 0.091336 0.108534
3 0.413622 0.572820 0.078810 0.095547
3 0.461378 0.738868 0.081420 0.127087
3 0.523486 0.699907 0.091858 0.143785
3 0.544363 0.361781 0.034447 0.059369
7 0.048800 0.630798 0.022443 0.057514
7 0.024791 0.628015 0.021399 0.061224
0 0.021399 0.672078 0.042797 0.093692
7 0.991910 0.234694 0.014092 0.035250
7 0.864823 0.440167 0.011482 0.041744
9 0.981211 0.525510 0.035491 0.073284
3 0.921190 0.916512 0.087683 0.163265
10 0.879175 0.052412 0.077766 0.084416
10 0.895877 0.120130 0.074635 0.073284
10 0.957985 0.082096 0.081942 0.099258
