3 0.442500 0.842005 0.022143 0.062183
3 0.450357 0.970178 0.046429 0.054569
3 0.595357 0.703680 0.017857 0.049492
3 0.623214 0.631345 0.017857 0.049492
3 0.660357 0.663071 0.017857 0.049492
3 0.798929 0.717005 0.026429 0.055838
3 0.636071 0.493655 0.017857 0.030457
3 0.681071 0.565355 0.029286 0.026650
3 0.758929 0.539340 0.017857 0.035533
3 0.845714 0.656091 0.037143 0.030457
3 0.820000 0.595812 0.041429 0.026650
3 0.809286 0.570431 0.035714 0.029188
3 0.727857 0.562183 0.041429 0.027919
3 0.660714 0.467005 0.021429 0.020305
3 0.573571 0.494924 0.032857 0.022843
3 0.531786 0.779822 0.043571 0.046954
3 0.523929 0.961929 0.049286 0.045685
3 0.379286 0.949239 0.042857 0.071066
3 0.538214 0.633249 0.030714 0.032995
3 0.543929 0.452411 0.010714 0.034264
3 0.543214 0.417513 0.012143 0.027919
3 0.541071 0.378173 0.010714 0.027919
3 0.544643 0.315990 0.010714 0.025381
3 0.545357 0.258883 0.009286 0.022843
3 0.561786 0.202411 0.020714 0.016497
3 0.594286 0.217005 0.010000 0.022843
3 0.622500 0.358503 0.020714 0.019036
3 0.620357 0.340102 0.023571 0.020305
3 0.657500 0.451142 0.029286 0.019036
3 0.652143 0.437183 0.030000 0.019036
3 0.652143 0.419416 0.030000 0.019036
3 0.645357 0.404188 0.029286 0.024112
3 0.634286 0.385787 0.021429 0.022843
3 0.624286 0.376904 0.018571 0.022843
3 0.619643 0.324239 0.023571 0.019036
3 0.616786 0.312183 0.020714 0.017766
3 0.616786 0.301396 0.020714 0.016497
3 0.614643 0.288706 0.025000 0.024112
3 0.610000 0.277284 0.021429 0.019036
3 0.613214 0.262690 0.019286 0.020305
3 0.608929 0.255711 0.020714 0.024112
11 0.611786 0.243655 0.017857 0.020305
3 0.609286 0.232234 0.015714 0.015228
3 0.606071 0.218909 0.012143 0.019036
3 0.604643 0.198604 0.013571 0.016497
3 0.604286 0.185914 0.022857 0.016497
3 0.602143 0.175127 0.018571 0.015228
3 0.557500 0.150381 0.019286 0.016497
3 0.598929 0.137056 0.017857 0.015228
3 0.597857 0.130711 0.018571 0.012690
3 0.597500 0.123096 0.012143 0.010152
11 0.561429 0.140863 0.014286 0.015228
3 0.555714 0.162437 0.017143 0.012690
3 0.559286 0.184010 0.021429 0.015228
3 0.556071 0.196701 0.016429 0.015228
3 0.582500 0.219543 0.010714 0.015228
11 0.568929 0.223350 0.019286 0.017766
3 0.564286 0.234137 0.018571 0.011421
3 0.567143 0.239848 0.020000 0.015228
3 0.564643 0.246827 0.019286 0.011421
3 0.565000 0.255711 0.021429 0.016497
3 0.567857 0.275381 0.022857 0.012690
3 0.563929 0.282995 0.020714 0.015228
3 0.565000 0.292513 0.021429 0.016497
3 0.565714 0.303299 0.022857 0.015228
3 0.566071 0.310914 0.020714 0.012690
3 0.566429 0.320431 0.024286 0.013959
3 0.567500 0.331853 0.022143 0.013959
3 0.567857 0.341371 0.021429 0.012690
3 0.567143 0.352157 0.024286 0.016497
3 0.570000 0.363579 0.024286 0.016497
3 0.570000 0.375000 0.025714 0.013959
3 0.568571 0.385787 0.027143 0.017766
3 0.568929 0.395305 0.020714 0.016497
3 0.568214 0.408629 0.026429 0.020305
3 0.570714 0.424492 0.031429 0.019036
3 0.569643 0.439086 0.029286 0.020305
3 0.571429 0.451777 0.027143 0.012690
3 0.575714 0.463832 0.027143 0.024112
3 0.572500 0.480330 0.030714 0.016497
3 0.616786 0.084391 0.006429 0.011421
3 0.592857 0.064721 0.005714 0.012690
3 0.589286 0.026650 0.005714 0.012690
10 0.596071 0.079949 0.009286 0.022843
3 0.484643 0.383249 0.013571 0.030457
3 0.480357 0.352792 0.010714 0.027919
3 0.480714 0.329949 0.010000 0.027919
7 0.536786 0.222716 0.003571 0.013959
7 0.543214 0.220812 0.002143 0.012690
7 0.622500 0.508883 0.003571 0.017766
7 0.615714 0.511421 0.002857 0.017766
7 0.617143 0.499365 0.002857 0.016497
3 0.535357 0.561548 0.029286 0.029188
3 0.533571 0.585025 0.031429 0.025381
3 0.532857 0.605964 0.037143 0.026650
3 0.532857 0.659898 0.027143 0.027919
3 0.533214 0.684645 0.036429 0.036802
3 0.536071 0.715102 0.036429 0.036802
3 0.532500 0.743020 0.040714 0.044416
3 0.363929 0.919416 0.039286 0.069797
3 0.343929 0.894670 0.040714 0.071066
3 0.406429 0.980964 0.041429 0.032995
3 0.525357 0.988579 0.043571 0.017766
7 0.962857 0.983503 0.010000 0.022843
5 0.872857 0.411802 0.007143 0.019036
3 0.542857 0.347081 0.012857 0.034264
