7 0.026429 0.476523 0.002857 0.013959
7 0.028571 0.475888 0.005714 0.015228
3 0.062143 0.565990 0.025714 0.040609
3 0.227857 0.529822 0.040000 0.019036
3 0.093214 0.768401 0.039286 0.046954
3 0.142500 0.945431 0.045000 0.053299
3 0.446429 0.875000 0.031429 0.057107
11 0.496786 0.956218 0.029286 0.059645
3 0.807857 0.597081 0.021429 0.036802
3 0.957500 0.382614 0.016429 0.026650
5 0.995714 0.335660 0.004286 0.016497
8 0.996071 0.333122 0.005000 0.011421
10 0.854643 0.480964 0.032143 0.050761
10 0.875000 0.358503 0.024286 0.039340
3 0.968571 0.240482 0.015714 0.019036
3 0.930357 0.239848 0.012143 0.015228
11 0.937500 0.257614 0.016429 0.022843
11 0.925000 0.283629 0.014286 0.021574
3 0.908571 0.271574 0.015714 0.020305
2 0.877143 0.291244 0.055714 0.062183
11 0.840357 0.369924 0.017857 0.021574
3 0.815357 0.247462 0.017857 0.017766
5 0.773929 0.257614 0.006429 0.010152
8 0.774643 0.256980 0.003571 0.008883
2 0.751786 0.345812 0.050714 0.072335
2 0.630714 0.450508 0.057143 0.083756
11 0.563214 0.380711 0.023571 0.025381
3 0.494286 0.421954 0.024286 0.021574
3 0.406071 0.473350 0.027857 0.027919
7 0.545357 0.503807 0.003571 0.012690
7 0.693929 0.375000 0.002143 0.011421
7 0.708214 0.362310 0.003571 0.011421
7 0.716071 0.354695 0.002143 0.008883
7 0.666786 0.404822 0.002143 0.010152
7 0.657857 0.412437 0.004286 0.015228
7 0.669643 0.402284 0.002143 0.010152
7 0.673214 0.401650 0.002143 0.013959
7 0.677143 0.400381 0.002857 0.013959
7 0.678214 0.397843 0.003571 0.016497
7 0.682857 0.394036 0.004286 0.013959
7 0.684286 0.387690 0.004286 0.011421
7 0.687857 0.384518 0.002857 0.012690
