3 0.722857 0.790476 0.178571 0.093333
3 0.512857 0.812857 0.171429 0.096190
3 0.453214 0.552381 0.160714 0.114286
3 0.443929 0.434762 0.160714 0.103810
3 0.711429 0.366667 0.081429 0.182857
3 0.662143 0.149048 0.078571 0.145714
3 0.548929 0.090000 0.069286 0.134286
3 0.457857 0.236667 0.132857 0.101905
3 0.841429 0.330000 0.134286 0.100000
3 0.802143 0.235714 0.134286 0.101905
3 0.302143 0.545714 0.080000 0.169524
11 0.211429 0.547143 0.088571 0.235238
3 0.110714 0.571905 0.084286 0.206667
3 0.295714 0.849048 0.197143 0.132381
3 0.047857 0.897619 0.095714 0.126667
3 0.739643 0.030000 0.132143 0.060000
3 0.764286 0.082857 0.111429 0.083810
3 0.793929 0.151905 0.143571 0.090476
5 0.360000 0.228095 0.058571 0.052381
7 0.969286 0.217619 0.025714 0.039048
7 0.986429 0.213810 0.025714 0.060000
3 0.922857 0.544762 0.152857 0.104762
