4 0.567143 0.190000 0.162857 0.380000
4 0.247857 0.950952 0.221429 0.079048
7 0.504643 0.914762 0.010714 0.016190
7 0.383571 0.918095 0.010000 0.015238
7 0.366786 0.979048 0.007857 0.011429
7 0.374643 0.984286 0.006429 0.008571
7 0.015357 0.818095 0.015000 0.017143
0 0.016429 0.748095 0.032857 0.031429
10 0.041786 0.628571 0.083571 0.055238
8 0.082143 0.580476 0.008571 0.014286
8 0.244286 0.779524 0.010000 0.010476
8 0.311429 0.604286 0.010000 0.016190
7 0.153214 0.820000 0.013571 0.015238
8 0.491071 0.603333 0.007857 0.018095
8 0.497143 0.624762 0.008571 0.015238
7 0.419643 0.550476 0.007857 0.020952
7 0.529286 0.456667 0.005714 0.018095
7 0.417857 0.382381 0.007143 0.021905
7 0.416429 0.258095 0.005714 0.017143
7 0.359286 0.260000 0.008571 0.017143
7 0.430000 0.193333 0.005714 0.019048
7 0.445714 0.093333 0.005714 0.019048
8 0.423571 0.009524 0.007143 0.015238
8 0.586786 0.472857 0.006429 0.014286
7 0.549286 0.603810 0.007143 0.017143
7 0.610714 0.606190 0.007143 0.016190
8 0.521429 0.655238 0.010000 0.017143
8 0.518214 0.674286 0.007857 0.015238
8 0.558571 0.704286 0.008571 0.014286
8 0.607143 0.660952 0.008571 0.015238
8 0.741786 0.730000 0.007857 0.012381
8 0.759286 0.695238 0.012857 0.017143
8 0.783571 0.679524 0.010000 0.016190
3 0.970000 0.667143 0.058571 0.039048
3 0.902143 0.653810 0.064286 0.040952
4 0.863571 0.587143 0.270000 0.101905
5 0.785357 0.569048 0.016429 0.035238
5 0.782500 0.680476 0.026429 0.012381
5 0.756429 0.696667 0.027143 0.014286
5 0.740000 0.730476 0.024286 0.015238
5 0.558571 0.706190 0.025714 0.014286
5 0.606429 0.661429 0.027143 0.012381
5 0.518929 0.675714 0.025000 0.016190
5 0.521786 0.655714 0.020714 0.014286
1 0.495714 0.625714 0.021429 0.011429
5 0.488571 0.600952 0.024286 0.013333
5 0.310357 0.605714 0.023571 0.013333
5 0.244643 0.781429 0.029286 0.014286
5 0.082857 0.580476 0.021429 0.010476
7 0.047857 0.552381 0.008571 0.015238
3 0.061786 0.539524 0.043571 0.029524
3 0.108214 0.701905 0.072143 0.041905
3 0.207500 0.655714 0.060714 0.039048
0 0.246429 0.608095 0.045714 0.033333
3 0.429286 0.702857 0.064286 0.041905
5 0.519643 0.585714 0.026429 0.013333
4 0.586071 0.542381 0.217857 0.065714
5 0.587857 0.475714 0.018571 0.012381
3 0.424643 0.319048 0.023571 0.055238
10 0.432857 0.257143 0.022857 0.047619
5 0.442143 0.218571 0.018571 0.018095
5 0.277857 0.427143 0.014286 0.018095
5 0.332143 0.306190 0.018571 0.014286
0 0.319286 0.332381 0.014286 0.030476
5 0.337500 0.277143 0.012143 0.022857
5 0.341786 0.260476 0.009286 0.021905
3 0.351786 0.227619 0.022143 0.043810
10 0.456429 0.110000 0.024286 0.063810
3 0.462500 0.067619 0.016429 0.032381
5 0.392500 0.034286 0.013571 0.015238
5 0.396071 0.019048 0.016429 0.007619
5 0.398571 0.009048 0.014286 0.008571
5 0.422857 0.015238 0.007143 0.020952
7 0.882500 0.521905 0.006429 0.007619
7 0.814286 0.544762 0.010000 0.015238
3 0.151429 0.850476 0.071429 0.051429
3 0.231429 0.864762 0.070000 0.045714
3 0.316071 0.879048 0.077857 0.045714
4 0.205714 0.905714 0.068571 0.034286
4 0.535000 0.962381 0.084286 0.065714
4 0.883929 0.967619 0.227857 0.062857
5 0.406071 0.941905 0.016429 0.036190
5 0.389643 0.982857 0.016429 0.032381
5 0.403214 0.980952 0.012143 0.036190
5 0.417500 0.943333 0.012143 0.039048
5 0.438214 0.945714 0.013571 0.038095
5 0.424643 0.983810 0.016429 0.030476
5 0.441786 0.987619 0.009286 0.022857
5 0.460000 0.989048 0.010000 0.020000
5 0.476429 0.987619 0.012857 0.022857
5 0.451071 0.952381 0.012143 0.038095
5 0.465714 0.947619 0.010000 0.036190
5 0.481429 0.948095 0.011429 0.035238
5 0.586071 0.972857 0.010714 0.040952
5 0.601786 0.976190 0.007857 0.040000
5 0.613571 0.978571 0.010000 0.039048
5 0.632500 0.976667 0.013571 0.040952
1 0.642500 0.974286 0.013571 0.030476
1 0.622143 0.972381 0.011429 0.030476
3 0.693571 0.981429 0.037143 0.035238
