3 0.282000 0.429000 0.040000 0.056667
3 0.253250 0.457333 0.049500 0.056000
3 0.202500 0.401667 0.049000 0.052667
3 0.116750 0.459333 0.048500 0.053333
3 0.072250 0.407333 0.043500 0.054667
3 0.027000 0.348000 0.047000 0.052000
3 0.067000 0.326333 0.048000 0.054000
3 0.104750 0.298667 0.048500 0.053333
3 0.069750 0.259333 0.044500 0.050667
3 0.031000 0.214667 0.042000 0.050667
3 0.392250 0.588667 0.058500 0.066667
3 0.512000 0.736333 0.058000 0.070000
3 0.583750 0.806333 0.063500 0.076667
3 0.654000 0.887000 0.069000 0.088667
3 0.506750 0.903667 0.063500 0.084667
3 0.442250 0.824667 0.063500 0.076000
3 0.275250 0.630667 0.053500 0.066667
3 0.224000 0.573667 0.061000 0.055333
3 0.168750 0.517333 0.053500 0.065333
11 0.151000 0.341667 0.049000 0.054000
11 0.321500 0.688000 0.049000 0.054667
11 0.373500 0.752000 0.052000 0.081333
11 0.524000 0.682667 0.059000 0.052000
11 0.731750 0.960333 0.067500 0.071333
11 0.623250 0.439000 0.052500 0.039333
3 0.775500 0.746000 0.054000 0.092000
3 0.596000 0.073333 0.034000 0.049333
3 0.565500 0.056667 0.034000 0.052000
3 0.581000 0.973000 0.063000 0.052667
5 0.664000 0.014333 0.014000 0.020667
5 0.653500 0.010333 0.014000 0.020667
5 0.751750 0.042333 0.017500 0.016667
7 0.730250 0.057667 0.008500 0.024667
1 0.795750 0.098667 0.012500 0.020000
1 0.858500 0.146000 0.010000 0.022667
1 0.846500 0.136000 0.007000 0.016000
1 0.837250 0.127667 0.007500 0.019333
1 0.814250 0.118333 0.007500 0.019333
1 0.807250 0.109000 0.007500 0.019333
1 0.804750 0.104667 0.007500 0.016000
7 0.858250 0.130000 0.011500 0.020000
5 0.826500 0.107667 0.010000 0.016667
5 0.819000 0.102333 0.010000 0.016667
5 0.809500 0.095667 0.010000 0.016667
5 0.836000 0.115000 0.010000 0.016667
7 0.789500 0.138667 0.011000 0.021333
7 0.616750 0.120667 0.006500 0.018667
7 0.604250 0.171000 0.005500 0.018000
7 0.617750 0.172333 0.005500 0.012667
7 0.673500 0.238333 0.008000 0.020667
7 0.660250 0.220667 0.007500 0.018667
7 0.711000 0.247667 0.005000 0.014000
7 0.699000 0.234667 0.009000 0.014667
7 0.666000 0.255000 0.007000 0.019333
7 0.564000 0.160667 0.004000 0.010667
7 0.617250 0.113333 0.007500 0.013333
7 0.563500 0.152000 0.005000 0.016000
7 0.810000 0.226333 0.012000 0.018000
1 0.809500 0.234000 0.009000 0.020000
7 0.654000 0.225333 0.004000 0.009333
7 0.733000 0.387000 0.009000 0.015333
7 0.725250 0.376667 0.012500 0.013333
7 0.671750 0.435000 0.012500 0.012667
7 0.669500 0.413333 0.009000 0.006667
7 0.766000 0.511333 0.014000 0.014667
7 0.567500 0.445667 0.008000 0.014000
7 0.502000 0.436667 0.009000 0.016000
7 0.084000 0.548000 0.022000 0.013333
7 0.095750 0.577667 0.018500 0.012667
7 0.057750 0.655000 0.018500 0.012667
7 0.081750 0.659000 0.018500 0.012667
7 0.033250 0.720333 0.022500 0.014000
7 0.015500 0.692667 0.020000 0.012000
9 0.061000 0.567333 0.032000 0.038667
7 0.064750 0.574667 0.016500 0.018667
