3 0.424643 0.890000 0.057857 0.147619
3 0.458214 0.724762 0.047857 0.104762
3 0.701429 0.859524 0.050000 0.149524
11 0.691071 0.716667 0.083571 0.107619
3 0.483929 0.607619 0.042143 0.102857
3 0.693929 0.620000 0.035000 0.085714
3 0.697500 0.525714 0.037857 0.072381
3 0.512143 0.513810 0.035714 0.069524
3 0.532857 0.440476 0.037143 0.069524
3 0.701786 0.454762 0.035000 0.063810
3 0.518214 0.400952 0.049286 0.059048
3 0.617857 0.411429 0.032857 0.060952
3 0.335000 0.254286 0.034286 0.030476
3 0.414643 0.282381 0.046429 0.027619
3 0.470357 0.297619 0.052143 0.033333
3 0.531071 0.310000 0.056429 0.033333
3 0.561429 0.297143 0.044286 0.030476
3 0.584643 0.284286 0.045000 0.031429
3 0.593571 0.260000 0.052857 0.030476
3 0.599286 0.242857 0.042857 0.024762
3 0.480714 0.344286 0.045714 0.031429
3 0.763929 0.403810 0.073571 0.041905
3 0.680000 0.333333 0.051429 0.045714
3 0.736071 0.328571 0.056429 0.041905
3 0.712500 0.283810 0.023571 0.043810
3 0.708571 0.250000 0.031429 0.033333
3 0.721429 0.203333 0.021429 0.035238
3 0.720714 0.175714 0.028571 0.023810
3 0.724643 0.151429 0.026429 0.028571
3 0.728571 0.132381 0.025714 0.028571
3 0.742143 0.117143 0.030000 0.024762
3 0.745000 0.081905 0.015714 0.022857
3 0.719286 0.092857 0.022857 0.029524
3 0.748571 0.065238 0.015714 0.020000
3 0.751071 0.051429 0.013571 0.017143
3 0.753571 0.037619 0.012857 0.018095
3 0.755357 0.023333 0.012143 0.016190
3 0.740000 0.014286 0.025714 0.019048
3 0.731429 0.008571 0.015714 0.017143
3 0.772143 0.015714 0.028571 0.021905
3 0.680000 0.009048 0.027143 0.014286
3 0.606071 0.210476 0.045000 0.028571
3 0.611429 0.191905 0.041429 0.020000
3 0.614643 0.184762 0.040714 0.024762
3 0.620000 0.172857 0.035714 0.018095
3 0.626071 0.165238 0.045000 0.023810
3 0.632857 0.149048 0.040000 0.020000
3 0.636429 0.137143 0.032857 0.017143
3 0.641071 0.123810 0.040714 0.019048
11 0.644286 0.109048 0.030000 0.018095
3 0.647500 0.101429 0.032143 0.018095
3 0.653214 0.090000 0.036429 0.020000
3 0.661071 0.080952 0.032143 0.019048
3 0.666071 0.065238 0.039286 0.027619
3 0.669643 0.053333 0.032143 0.019048
3 0.676429 0.048095 0.030000 0.016190
3 0.678214 0.039048 0.029286 0.015238
3 0.683214 0.033810 0.025000 0.014286
3 0.682500 0.027143 0.027857 0.016190
3 0.688214 0.021905 0.026429 0.013333
3 0.687143 0.015714 0.028571 0.018095
3 0.930357 0.100000 0.022143 0.026667
11 0.937857 0.154762 0.034286 0.033333
5 0.976071 0.340952 0.017857 0.013333
5 0.977857 0.354286 0.020000 0.015238
