3 0.025714 0.746667 0.051429 0.040000
3 0.042143 0.690952 0.058571 0.029524
11 0.746429 0.947619 0.070000 0.062857
3 0.597143 0.737143 0.028571 0.068571
3 0.748929 0.739048 0.032143 0.064762
3 0.638571 0.647143 0.047143 0.027619
3 0.641071 0.675714 0.047857 0.029524
10 0.635714 0.736190 0.031429 0.074286
3 0.557143 0.447143 0.035714 0.023810
3 0.562143 0.424762 0.037143 0.020952
3 0.677500 0.532381 0.046429 0.028571
3 0.546429 0.264762 0.028571 0.022857
3 0.614286 0.258571 0.021429 0.018095
3 0.423929 0.402857 0.017857 0.032381
3 0.501786 0.160476 0.012143 0.021905
3 0.232857 0.167143 0.024286 0.014286
3 0.292857 0.177619 0.024286 0.014286
3 0.297143 0.169048 0.025714 0.012381
11 0.312857 0.148571 0.021429 0.015238
10 0.202857 0.210952 0.028571 0.016190
3 0.212500 0.193810 0.026429 0.016190
10 0.185714 0.250476 0.044286 0.022857
10 0.210357 0.299524 0.026429 0.018095
11 0.112857 0.331429 0.031429 0.024762
3 0.210357 0.336190 0.027857 0.015238
7 0.205357 0.436667 0.007857 0.018095
9 0.507143 0.347619 0.020000 0.019048
5 0.440357 0.317143 0.006429 0.015238
5 0.461429 0.300476 0.005714 0.016190
5 0.691071 0.621905 0.019286 0.015238
5 0.710000 0.620952 0.020000 0.015238
9 0.692143 0.596667 0.037143 0.023810
5 0.697500 0.576667 0.016429 0.014286
5 0.707857 0.566190 0.015714 0.016190
5 0.725000 0.671429 0.008571 0.022857
5 0.748571 0.693810 0.020000 0.014286
5 0.763214 0.711905 0.010714 0.025714
5 0.775357 0.713810 0.013571 0.029524
7 0.770714 0.911429 0.014286 0.013333
8 0.440000 0.314286 0.004286 0.009524
8 0.462143 0.297619 0.004286 0.008571
11 0.308929 0.128571 0.019286 0.017143
5 0.506071 0.096667 0.003571 0.012381
5 0.512143 0.063333 0.004286 0.012381
7 0.635714 0.362381 0.004286 0.016190
5 0.624643 0.304286 0.009286 0.014286
5 0.630714 0.305714 0.007143 0.013333
5 0.623214 0.374762 0.013571 0.012381
7 0.611786 0.358095 0.006429 0.013333
5 0.622143 0.356190 0.012857 0.011429
