7 0.322250 0.159333 0.008500 0.018667
8 0.330000 0.172667 0.015000 0.021333
3 0.457750 0.016333 0.029500 0.031333
3 0.503750 0.020333 0.045500 0.040667
11 0.531750 0.069667 0.025500 0.062000
3 0.424750 0.041333 0.038500 0.062667
3 0.472500 0.127333 0.038000 0.070667
3 0.517250 0.109667 0.041500 0.068667
11 0.428000 0.172667 0.043000 0.056000
11 0.500250 0.207667 0.047500 0.070000
11 0.397750 0.193333 0.051500 0.058667
3 0.367000 0.227667 0.053000 0.056667
3 0.347000 0.267333 0.051000 0.064000
3 0.460750 0.242000 0.053500 0.057333
3 0.429250 0.299333 0.055500 0.052000
3 0.462000 0.394333 0.059000 0.038000
3 0.482500 0.504333 0.041000 0.078000
3 0.246750 0.949000 0.035500 0.051333
11 0.394500 0.966000 0.040000 0.066667
3 0.428000 0.886000 0.039000 0.088000
3 0.495500 0.960667 0.043000 0.077333
3 0.456250 0.771000 0.043500 0.086000
3 0.556500 0.752000 0.041000 0.089333
7 0.511500 0.720667 0.011000 0.021333
11 0.435000 0.662000 0.053000 0.089333
3 0.486250 0.671667 0.034500 0.079333
3 0.530500 0.641667 0.037000 0.086000
11 0.560750 0.652667 0.041500 0.092000
3 0.516250 0.573000 0.039500 0.082000
3 0.550750 0.549667 0.035500 0.082000
7 0.582000 0.569000 0.009000 0.016667
7 0.582000 0.556333 0.009000 0.010000
3 0.538500 0.455333 0.035000 0.078667
3 0.575000 0.447000 0.030000 0.078000
3 0.607500 0.440333 0.030000 0.075333
3 0.620250 0.517333 0.035500 0.076000
11 0.658250 0.523667 0.035500 0.082000
8 0.799500 0.883333 0.013000 0.016000
8 0.803500 0.871000 0.012000 0.014000
8 0.815250 0.879333 0.006500 0.012000
8 0.810000 0.893000 0.008000 0.010000
5 0.829500 0.931333 0.019000 0.033333
5 0.837750 0.919000 0.016500 0.036667
11 0.868250 0.801333 0.035500 0.084000
11 0.882250 0.870333 0.059500 0.074000
7 0.799750 0.775667 0.014500 0.010000
5 0.910500 0.766333 0.029000 0.019333
5 0.944750 0.826000 0.024500 0.020000
5 0.834250 0.685000 0.027500 0.020667
1 0.867250 0.704667 0.021500 0.030667
1 0.850500 0.597667 0.017000 0.028667
7 0.945250 0.614667 0.022500 0.010667
7 0.858000 0.543667 0.020000 0.015333
11 0.910500 0.540667 0.061000 0.054667
7 0.974000 0.547667 0.020000 0.012667
7 0.988750 0.553000 0.017500 0.010000
3 0.989500 0.526333 0.020000 0.055333
7 0.922500 0.473000 0.014000 0.007333
7 0.924250 0.477667 0.017500 0.012667
8 0.920750 0.449667 0.012500 0.016667
5 0.915750 0.448333 0.026500 0.011333
11 0.773750 0.524667 0.075500 0.050667
3 0.799750 0.469667 0.063500 0.036667
11 0.740250 0.426333 0.056500 0.043333
8 0.697750 0.464667 0.010500 0.014667
9 0.689500 0.454667 0.026000 0.048000
7 0.686250 0.405667 0.010500 0.014000
3 0.541750 0.301000 0.030500 0.076667
3 0.573000 0.319333 0.027000 0.077333
8 0.606250 0.330667 0.005500 0.013333
8 0.612000 0.329000 0.006000 0.014000
8 0.613000 0.344667 0.009000 0.014667
9 0.609250 0.343667 0.014500 0.039333
3 0.640250 0.329000 0.034500 0.074000
7 0.686250 0.346333 0.010500 0.014000
7 0.660000 0.305333 0.008000 0.020000
7 0.682250 0.297000 0.011500 0.016667
7 0.668500 0.281667 0.010000 0.020667
7 0.539500 0.238667 0.006000 0.020000
7 0.613000 0.261667 0.009000 0.019333
11 0.710250 0.322333 0.037500 0.075333
3 0.572250 0.156333 0.037500 0.076667
7 0.543250 0.173667 0.007500 0.019333
7 0.547750 0.162000 0.007500 0.021333
7 0.597250 0.173667 0.006500 0.023333
7 0.459750 0.172000 0.007500 0.018667
11 0.599500 0.102333 0.039000 0.064667
3 0.611250 0.189333 0.036500 0.074667
3 0.644500 0.087667 0.032000 0.071333
11 0.673250 0.011667 0.022500 0.023333
3 0.657250 0.160667 0.048500 0.066667
8 0.926000 0.406333 0.021000 0.015333
8 0.915250 0.425333 0.018500 0.014667
8 0.975750 0.362333 0.013500 0.014000
11 0.979000 0.301333 0.040000 0.062667
11 0.947000 0.240000 0.051000 0.070667
11 0.890500 0.190000 0.045000 0.060000
10 0.911500 0.209333 0.061000 0.072000
9 0.952000 0.199000 0.032000 0.048667
7 0.827250 0.245667 0.013500 0.015333
7 0.867000 0.111333 0.005000 0.017333
5 0.917500 0.069667 0.008000 0.024667
1 0.932000 0.079000 0.016000 0.027333
5 0.951000 0.082667 0.021000 0.021333
5 0.962000 0.094333 0.023000 0.030000
5 0.968000 0.098333 0.027000 0.032667
5 0.972250 0.114000 0.021500 0.024000
5 0.979000 0.124667 0.023000 0.021333
5 0.983750 0.136667 0.020500 0.024000
7 0.982750 0.142667 0.019500 0.020000
7 0.984500 0.156333 0.018000 0.018000
7 0.993000 0.119667 0.013000 0.019333
5 0.990250 0.163333 0.017500 0.026667
9 0.988000 0.068333 0.023000 0.026000
5 0.981750 0.053667 0.025500 0.018000
5 0.965750 0.046667 0.023500 0.020000
5 0.957000 0.034333 0.023000 0.022000
5 0.942750 0.022333 0.011500 0.030000
5 0.929750 0.012333 0.011500 0.022000
8 0.916250 0.011667 0.010500 0.014000
9 0.960000 0.012000 0.021000 0.024000
