10 0.212500 0.812857 0.035000 0.023810
10 0.285714 0.657619 0.021429 0.044762
10 0.505714 0.751429 0.037143 0.081905
10 0.316786 0.570000 0.036429 0.086667
4 0.620357 0.442381 0.020714 0.060000
10 0.588214 0.539048 0.010714 0.020952
11 0.757857 0.532857 0.022857 0.021905
3 0.729286 0.497143 0.021429 0.026667
3 0.671786 0.725714 0.022143 0.017143
3 0.664643 0.750000 0.022143 0.021905
11 0.594643 0.764286 0.027857 0.025714
11 0.560357 0.768095 0.019286 0.023810
11 0.603571 0.955714 0.014286 0.033333
3 0.527857 0.870476 0.017143 0.030476
3 0.515357 0.907619 0.016429 0.036190
3 0.641786 0.955238 0.025000 0.024762
3 0.800714 0.733333 0.015714 0.024762
11 0.515000 0.871429 0.012857 0.032381
3 0.559643 0.704286 0.010714 0.031429
3 0.577500 0.653810 0.019286 0.020000
3 0.571429 0.633333 0.021429 0.020952
7 0.520357 0.652381 0.003571 0.009524
7 0.517143 0.662381 0.002857 0.010476
4 0.644286 0.529524 0.027143 0.030476
3 0.695357 0.233810 0.009286 0.025714
3 0.669643 0.334762 0.009286 0.027619
3 0.860000 0.220952 0.014286 0.026667
3 0.836786 0.230000 0.013571 0.023810
4 0.685000 0.110476 0.008571 0.019048
6 0.544643 0.274762 0.035000 0.023810
6 0.443929 0.586190 0.010714 0.027619
1 0.722500 0.031429 0.007857 0.015238
4 0.726786 0.082857 0.020714 0.060952
3 0.949286 0.670952 0.022857 0.023810
4 0.850000 0.575238 0.012857 0.013333
4 0.422500 0.906667 0.010714 0.019048
3 0.357143 0.865238 0.011429 0.035238
3 0.370714 0.833810 0.017143 0.031429
3 0.273571 0.701429 0.014286 0.033333
3 0.295000 0.580952 0.015714 0.030476
