3 0.084286 0.295238 0.008571 0.009524
10 0.070714 0.310000 0.064286 0.060000
10 0.243929 0.426190 0.029286 0.029524
10 0.287857 0.466190 0.040000 0.042857
10 0.316071 0.525238 0.025000 0.029524
10 0.392500 0.594762 0.020714 0.021905
10 0.413571 0.616190 0.021429 0.024762
10 0.401071 0.657619 0.025000 0.027619
10 0.741786 0.535714 0.019286 0.029524
10 0.550714 0.461905 0.041429 0.028571
10 0.576429 0.411905 0.030000 0.027619
10 0.443571 0.404286 0.018571 0.014286
10 0.400714 0.406190 0.011429 0.010476
10 0.393929 0.335714 0.012143 0.016190
10 0.362500 0.163810 0.013571 0.015238
10 0.437143 0.228571 0.011429 0.011429
10 0.446429 0.226190 0.027143 0.018095
10 0.970000 0.263333 0.021429 0.018095
10 0.457143 0.221905 0.028571 0.017143
10 0.470714 0.221429 0.022857 0.016190
10 0.485357 0.228571 0.013571 0.011429
3 0.401786 0.385238 0.010714 0.010476
3 0.397143 0.344762 0.011429 0.009524
2 0.212857 0.419048 0.027143 0.022857
10 0.229643 0.329524 0.012143 0.013333
3 0.274643 0.494762 0.012143 0.012381
3 0.291071 0.509524 0.012143 0.013333
11 0.336071 0.505714 0.010714 0.013333
3 0.231786 0.560952 0.013571 0.017143
3 0.238929 0.562857 0.012143 0.017143
3 0.246071 0.565714 0.012143 0.017143
3 0.260714 0.577619 0.014286 0.016190
3 0.270000 0.542857 0.012857 0.019048
3 0.274643 0.585238 0.013571 0.012381
3 0.312500 0.577143 0.015000 0.013333
3 0.276786 0.561429 0.017857 0.018095
3 0.285357 0.564762 0.013571 0.015238
3 0.336429 0.636190 0.017143 0.013333
3 0.332857 0.647143 0.017143 0.012381
3 0.327500 0.658571 0.016429 0.014286
3 0.323571 0.670000 0.017143 0.012381
3 0.373929 0.681905 0.015000 0.013333
11 0.375357 0.667143 0.017857 0.012381
3 0.390000 0.630952 0.014286 0.016190
3 0.502857 0.692381 0.017143 0.019048
11 0.776786 0.565714 0.007857 0.013333
2 0.836071 0.946667 0.069286 0.074286
7 0.719643 0.931905 0.003571 0.006667
7 0.723929 0.932381 0.003571 0.009524
7 0.482500 0.713810 0.003571 0.006667
7 0.270357 0.597619 0.005000 0.006667
5 0.425000 0.594762 0.005714 0.006667
3 0.615714 0.378571 0.010000 0.008571
3 0.621071 0.376190 0.009286 0.009524
11 0.626071 0.372381 0.007857 0.009524
3 0.668571 0.365238 0.010000 0.008571
3 0.675357 0.372381 0.009286 0.009524
3 0.680357 0.376667 0.009286 0.010476
3 0.686429 0.379048 0.007143 0.009524
3 0.726071 0.400952 0.009286 0.009524
3 0.721071 0.396190 0.009286 0.009524
3 0.713929 0.390952 0.007857 0.010476
