3 0.509286 0.802665 0.022857 0.074873
3 0.506786 0.671320 0.037857 0.058376
3 0.421071 0.555203 0.033571 0.044416
3 0.371071 0.536168 0.039286 0.029188
3 0.512857 0.525381 0.015714 0.055838
3 0.436429 0.385152 0.015714 0.041878
3 0.433214 0.303934 0.012143 0.034264
3 0.438929 0.228426 0.012143 0.032995
3 0.491786 0.399112 0.012143 0.044416
3 0.508929 0.392766 0.012143 0.039340
3 0.399643 0.455584 0.013571 0.038071
3 0.293929 0.550761 0.043571 0.027919
3 0.512857 0.334391 0.012857 0.041878
3 0.512143 0.238579 0.011429 0.032995
3 0.490357 0.210660 0.010714 0.030457
3 0.511429 0.447970 0.012857 0.045685
11 0.488571 0.463198 0.015714 0.053299
11 0.492143 0.343274 0.011429 0.044416
3 0.492143 0.302665 0.011429 0.034264
3 0.449286 0.144036 0.011429 0.026650
3 0.493929 0.038706 0.009286 0.024112
3 0.457143 0.016497 0.008571 0.017766
11 0.460000 0.329949 0.012857 0.040609
11 0.465000 0.175127 0.011429 0.032995
11 0.535000 0.471447 0.015714 0.059645
11 0.471429 0.695431 0.038571 0.068528
3 0.512857 0.284898 0.011429 0.034264
3 0.533571 0.319162 0.010000 0.041878
11 0.535357 0.414340 0.013571 0.044416
3 0.508571 0.201777 0.008571 0.030457
3 0.509643 0.151015 0.010714 0.030457
3 0.468571 0.032995 0.011429 0.025381
11 0.350000 0.609772 0.037143 0.029188
11 0.273929 0.615482 0.043571 0.027919
3 0.353214 0.585025 0.033571 0.030457
3 0.516071 0.972081 0.017857 0.050761
2 0.542857 0.060279 0.017143 0.072335
7 0.701429 0.577411 0.004286 0.017766
3 0.772857 0.574239 0.040000 0.034264
2 0.676071 0.925761 0.043571 0.143401
2 0.712500 0.926396 0.045000 0.142132
2 0.748571 0.929569 0.040000 0.135787
11 0.051786 0.562817 0.045000 0.034264
