4 0.599286 0.382381 0.018571 0.016190
4 0.620714 0.400476 0.004286 0.004762
10 0.389643 0.523333 0.065000 0.039048
10 0.343214 0.496667 0.053571 0.031429
10 0.381071 0.512857 0.063571 0.033333
10 0.299643 0.515714 0.090714 0.044762
10 0.316786 0.543333 0.050714 0.033333
10 0.675357 0.607619 0.047857 0.072381
10 0.603929 0.460000 0.065000 0.036190
10 0.717500 0.715714 0.059286 0.103810
10 0.910714 0.957619 0.105714 0.082857
10 0.895357 0.788571 0.046429 0.051429
3 0.762857 0.758571 0.030000 0.040952
3 0.840714 0.886667 0.042857 0.053333
3 0.799643 0.817143 0.036429 0.045714
3 0.713214 0.671429 0.023571 0.028571
3 0.740357 0.711429 0.022143 0.032381
6 0.781071 0.632381 0.043571 0.043810
6 0.773214 0.647619 0.019286 0.026667
3 0.436071 0.584286 0.025000 0.020000
7 0.509286 0.652381 0.002857 0.013333
7 0.534286 0.666667 0.004286 0.013333
8 0.497857 0.468095 0.002857 0.006667
4 0.632857 0.505714 0.005714 0.013333
4 0.674286 0.494286 0.008571 0.015238
4 0.662857 0.481905 0.011429 0.015238
7 0.645000 0.487143 0.001429 0.008571
7 0.620357 0.439048 0.002143 0.007619
7 0.637857 0.422381 0.001429 0.006667
5 0.498214 0.470000 0.007857 0.006667
3 0.398929 0.497619 0.022143 0.016190
3 0.288571 0.541429 0.020000 0.014286
11 0.540714 0.372857 0.004286 0.008571
11 0.586786 0.372857 0.009286 0.006667
2 0.470000 0.306667 0.010000 0.011429
4 0.573214 0.250000 0.022143 0.016190
10 0.521429 0.320476 0.005714 0.012381
3 0.560357 0.323333 0.010714 0.006667
10 0.439643 0.351429 0.009286 0.017143
4 0.436429 0.290000 0.010000 0.014286
4 0.492143 0.268571 0.008571 0.013333
3 0.688214 0.405714 0.010714 0.011429
3 0.694643 0.406190 0.009286 0.008571
3 0.704286 0.405714 0.008571 0.007619
3 0.711786 0.403810 0.010714 0.009524
3 0.754643 0.426667 0.015000 0.007619
3 0.726071 0.431429 0.016429 0.007619
3 0.681429 0.416190 0.005714 0.009524
3 0.692143 0.417143 0.005714 0.011429
3 0.702143 0.420000 0.007143 0.009524
3 0.726429 0.420000 0.008571 0.007619
10 0.738571 0.418571 0.005714 0.012381
10 0.719286 0.441429 0.015714 0.010476
2 0.776786 0.432857 0.030714 0.020000
11 0.725357 0.400000 0.010714 0.011429
11 0.721786 0.402857 0.009286 0.009524
11 0.751071 0.433810 0.012143 0.008571
3 0.686429 0.451905 0.015714 0.010476
3 0.798929 0.427619 0.012143 0.009524
3 0.790357 0.422857 0.013571 0.009524
3 0.671786 0.417143 0.007857 0.009524
3 0.661429 0.416190 0.007143 0.007619
9 0.780357 0.441905 0.010714 0.007619
8 0.777857 0.442381 0.004286 0.008571
4 0.700714 0.432857 0.004286 0.006667
3 0.616071 0.408095 0.009286 0.008571
3 0.601786 0.398571 0.012143 0.008571
3 0.575357 0.392381 0.012143 0.005714
4 0.569286 0.381429 0.020000 0.014286
3 0.612143 0.393810 0.012857 0.006667
10 0.570000 0.370952 0.014286 0.006667
10 0.032143 0.396190 0.014286 0.015238
10 0.058571 0.400476 0.008571 0.016190
10 0.253571 0.318571 0.014286 0.016190
10 0.265000 0.316190 0.021429 0.013333
10 0.287500 0.320476 0.023571 0.006667
10 0.206786 0.329048 0.022143 0.008571
10 0.347143 0.313333 0.025714 0.009524
10 0.346429 0.318571 0.022857 0.010476
3 0.737500 0.404286 0.010714 0.008571
11 0.803214 0.641905 0.017857 0.022857
5 0.971071 0.882381 0.017857 0.025714
5 0.958929 0.925238 0.010714 0.016190
5 0.950000 0.910000 0.018571 0.012381
5 0.878929 0.854286 0.007857 0.019048
5 0.845000 0.714762 0.007143 0.012381
8 0.845000 0.711429 0.002857 0.005714
10 0.005357 0.353333 0.010714 0.013333
