10 0.080000 0.778553 0.084286 0.151015
11 0.215357 0.911802 0.040714 0.102792
3 0.261786 0.646574 0.030714 0.077411
3 0.151071 0.610406 0.036429 0.068528
3 0.173214 0.540609 0.035000 0.055838
3 0.193214 0.482868 0.030714 0.046954
11 0.290357 0.362944 0.027857 0.060914
3 0.248571 0.150381 0.031429 0.026650
10 0.211071 0.149746 0.035000 0.040609
7 0.355714 0.369289 0.005714 0.022843
1 0.340714 0.322335 0.005714 0.015228
7 0.372500 0.250000 0.005000 0.022843
7 0.341429 0.183376 0.005714 0.026650
7 0.384286 0.083122 0.002857 0.016497
7 0.448214 0.090736 0.003571 0.019036
7 0.448214 0.014594 0.003571 0.016497
7 0.310714 0.047589 0.004286 0.016497
7 0.392500 0.042513 0.003571 0.016497
3 0.350000 0.062183 0.014286 0.022843
2 0.344643 0.022208 0.026429 0.044416
3 0.505714 0.046954 0.018571 0.032995
3 0.636071 0.184010 0.022143 0.053299
3 0.627857 0.010152 0.018571 0.020305
3 0.708571 0.312817 0.035714 0.072335
7 0.937500 0.620558 0.013571 0.032995
7 0.944286 0.615482 0.011429 0.025381
7 0.935000 0.593909 0.008571 0.017766
7 0.937143 0.588832 0.007143 0.017766
7 0.848929 0.326777 0.007857 0.026650
7 0.835714 0.324239 0.007143 0.021574
7 0.835000 0.310914 0.004286 0.020305
7 0.882143 0.275381 0.004286 0.017766
7 0.831429 0.229695 0.004286 0.022843
7 0.827500 0.230964 0.003571 0.022843
7 0.864643 0.232868 0.007857 0.019036
7 0.881071 0.255711 0.005000 0.021574
7 0.891071 0.270939 0.007857 0.021574
7 0.897500 0.282995 0.005000 0.022843
