3 0.775250 0.526333 0.048500 0.080667
3 0.803750 0.261667 0.028500 0.034000
3 0.784000 0.163333 0.019000 0.022667
3 0.799500 0.129667 0.014000 0.016667
3 0.798750 0.112333 0.014500 0.012667
3 0.733000 0.132000 0.039000 0.016000
7 0.596000 0.142333 0.005000 0.020667
7 0.624000 0.213333 0.024000 0.032000
7 0.529750 0.327000 0.038500 0.047333
7 0.565500 0.188000 0.030000 0.028000
11 0.584750 0.167667 0.022500 0.031333
3 0.609500 0.149333 0.020000 0.022667
3 0.515250 0.236333 0.033500 0.034000
1 0.526500 0.201333 0.016000 0.018667
1 0.490250 0.229333 0.015500 0.020000
5 0.505500 0.214667 0.021000 0.017333
5 0.395000 0.252333 0.025000 0.016667
5 0.471250 0.198000 0.014500 0.017333
5 0.481750 0.190333 0.013500 0.018000
5 0.467750 0.240000 0.016500 0.017333
7 0.459000 0.242333 0.007000 0.022000
7 0.462500 0.236667 0.006000 0.025333
5 0.340750 0.293333 0.021500 0.018667
7 0.832000 0.192333 0.006000 0.023333
3 0.647250 0.085667 0.012500 0.012667
3 0.675250 0.083667 0.011500 0.014000
3 0.659000 0.082000 0.011000 0.017333
3 0.689250 0.071333 0.012500 0.014667
3 0.908500 0.366000 0.068000 0.038667
3 0.898500 0.333667 0.066000 0.034000
5 0.936750 0.437667 0.035500 0.030000
5 0.937000 0.422333 0.040000 0.030000
1 0.990250 0.422000 0.011500 0.034667
3 0.874250 0.251667 0.050500 0.026000
3 0.871000 0.221667 0.049000 0.031333
11 0.853750 0.130667 0.016500 0.022667
3 0.853250 0.117667 0.011500 0.015333
3 0.842500 0.104667 0.017000 0.012000
11 0.841500 0.098333 0.026000 0.016667
3 0.845000 0.083000 0.013000 0.012667
3 0.789000 0.046667 0.008000 0.009333
3 0.798500 0.036000 0.007000 0.006667
11 0.803750 0.027333 0.006500 0.008000
3 0.810500 0.026333 0.011000 0.007333
3 0.746750 0.056000 0.007500 0.009333
3 0.757250 0.044333 0.006500 0.008667
3 0.741500 0.048333 0.008000 0.007333
3 0.826500 0.062667 0.009000 0.012000
3 0.841750 0.073333 0.011500 0.008000
3 0.840250 0.067333 0.008500 0.006667
3 0.837500 0.061667 0.008000 0.010000
3 0.836500 0.057000 0.007000 0.008667
3 0.833750 0.051667 0.008500 0.007333
3 0.833000 0.047667 0.009000 0.007333
3 0.838500 0.041333 0.020000 0.009333
3 0.830500 0.037333 0.007000 0.006667
3 0.830500 0.032333 0.008000 0.008667
3 0.830500 0.035667 0.007000 0.007333
3 0.797000 0.009667 0.004000 0.006000
3 0.805250 0.004333 0.004500 0.007333
8 0.820500 0.112667 0.004000 0.010667
5 0.820000 0.116667 0.003000 0.008000
8 0.822750 0.134000 0.005500 0.014667
5 0.823000 0.138000 0.007000 0.013333
3 0.382000 0.364000 0.056000 0.046667
3 0.422250 0.652000 0.098500 0.145333
3 0.080500 0.536667 0.103000 0.068000
3 0.270750 0.465333 0.077500 0.072000
3 0.282750 0.405000 0.074500 0.059333
7 0.214250 0.350333 0.016500 0.038000
1 0.197250 0.400000 0.020500 0.022667
3 0.041250 0.720000 0.081500 0.154667
3 0.698250 0.065333 0.008500 0.016000
3 0.580500 0.100000 0.027000 0.014667
7 0.586750 0.101333 0.003500 0.013333
7 0.615500 0.095333 0.004000 0.013333
7 0.605500 0.094333 0.004000 0.014000
7 0.601500 0.098333 0.005000 0.015333
5 0.656000 0.068000 0.011000 0.008000
5 0.639250 0.079000 0.007500 0.007333
7 0.617250 0.083000 0.002500 0.012667
7 0.612000 0.084333 0.003000 0.012667
5 0.962750 0.325667 0.009500 0.028667
5 0.942250 0.300000 0.007500 0.025333
5 0.951250 0.298000 0.005500 0.025333
1 0.941250 0.272000 0.007500 0.020000
5 0.887250 0.168667 0.013500 0.010667
5 0.880750 0.162667 0.013500 0.010667
5 0.888250 0.159667 0.012500 0.011333
5 0.877500 0.145667 0.006000 0.014000
5 0.875000 0.139333 0.009000 0.012000
8 0.820000 0.073667 0.003000 0.007333
5 0.820250 0.076000 0.004500 0.009333
3 0.704250 0.055333 0.006500 0.012000
3 0.707250 0.052667 0.006500 0.012000
3 0.711750 0.049667 0.005500 0.010000
3 0.718250 0.038333 0.012500 0.007333
3 0.728500 0.033667 0.007000 0.007333
2 0.755500 0.015000 0.010000 0.015333
3 0.764000 0.029000 0.005000 0.007333
3 0.736500 0.029000 0.008000 0.008667
7 0.734500 0.030333 0.001000 0.008667
7 0.736000 0.030333 0.002000 0.008667
8 0.725000 0.052667 0.002000 0.008000
3 0.774250 0.020333 0.006500 0.007333
3 0.772000 0.013667 0.006000 0.006000
3 0.763500 0.012333 0.005000 0.006000
3 0.781000 0.003000 0.007000 0.006000
7 0.751500 0.005333 0.002000 0.006667
7 0.753250 0.005333 0.002500 0.006667
5 0.309000 0.323667 0.011000 0.024667
1 0.519000 0.211667 0.014000 0.011333
7 0.389250 0.244000 0.004500 0.021333
3 0.980000 0.716000 0.039000 0.125333
