3 0.526429 0.864848 0.012857 0.054569
3 0.570000 0.798223 0.018571 0.053299
3 0.490000 0.591371 0.011429 0.025381
3 0.473929 0.570431 0.010714 0.024112
3 0.490357 0.531726 0.009286 0.022843
3 0.537857 0.397208 0.007143 0.015228
3 0.537143 0.348350 0.005714 0.013959
3 0.532143 0.317259 0.005714 0.015228
3 0.459286 0.305838 0.005714 0.012690
3 0.454286 0.348350 0.005714 0.011421
3 0.464286 0.250635 0.004286 0.013959
3 0.483929 0.272843 0.005000 0.010152
3 0.492500 0.276650 0.003571 0.010152
3 0.532143 0.274746 0.005714 0.008883
3 0.468571 0.284898 0.004286 0.008883
3 0.468571 0.263959 0.004286 0.007614
3 0.466429 0.223985 0.004286 0.006345
3 0.492143 0.220812 0.004286 0.007614
3 0.488214 0.154188 0.003571 0.008883
3 0.492143 0.142766 0.002857 0.008883
3 0.486429 0.136421 0.002857 0.003807
3 0.492500 0.128173 0.003571 0.005076
3 0.500357 0.128173 0.003571 0.002538
4 0.487857 0.088198 0.025714 0.067259
2 0.504286 0.109137 0.004286 0.012690
2 0.530714 0.231599 0.005714 0.021574
2 0.532857 0.204315 0.010000 0.022843
2 0.475357 0.446066 0.012143 0.049492
11 0.480714 0.397843 0.007143 0.016497
11 0.452143 0.380711 0.005714 0.012690
11 0.507143 0.323604 0.005714 0.020305
3 0.491429 0.477157 0.008571 0.020305
11 0.516429 0.544416 0.010000 0.032995
11 0.489643 0.751269 0.013571 0.040609
11 0.534286 0.594543 0.011429 0.034264
3 0.550000 0.557107 0.008571 0.030457
3 0.473929 0.234137 0.005000 0.008883
2 0.475357 0.200508 0.006429 0.025381
3 0.467857 0.203680 0.004286 0.011421
