3 0.487500 0.421905 0.035000 0.043810
11 0.400714 0.461429 0.057143 0.063810
3 0.246429 0.479048 0.081429 0.059048
4 0.286071 0.431429 0.023571 0.024762
3 0.521786 0.369048 0.012143 0.016190
3 0.460714 0.370952 0.015714 0.016190
3 0.486429 0.352857 0.011429 0.012381
2 0.383571 0.385238 0.060000 0.052381
3 0.455357 0.362381 0.015000 0.016190
3 0.502143 0.350000 0.010000 0.010476
3 0.522143 0.342381 0.007143 0.008571
3 0.446786 0.351429 0.012143 0.009524
5 0.405714 0.570476 0.021429 0.062857
5 0.523571 0.551429 0.025714 0.051429
5 0.483929 0.735238 0.033571 0.085714
5 0.545714 0.508095 0.018571 0.040952
5 0.535357 0.475714 0.015000 0.027619
5 0.544643 0.449524 0.012143 0.022857
5 0.608571 0.418571 0.015714 0.016190
8 0.487500 0.705714 0.027857 0.080000
8 0.406071 0.551429 0.019286 0.060952
8 0.522143 0.533333 0.020000 0.049524
8 0.545714 0.492857 0.015714 0.040952
8 0.536071 0.464286 0.007857 0.033333
8 0.545357 0.435238 0.009286 0.026667
8 0.608571 0.410476 0.010000 0.019048
8 0.673929 0.475714 0.019286 0.035238
7 0.859643 0.706667 0.029286 0.140952
7 0.813571 0.676190 0.031429 0.116190
7 0.198214 0.408095 0.007857 0.025714
8 0.088929 0.450476 0.015000 0.022857
8 0.075357 0.451429 0.013571 0.022857
8 0.063214 0.457143 0.016429 0.022857
8 0.133929 0.435714 0.010714 0.020000
7 0.128571 0.416190 0.011429 0.030476
7 0.187143 0.415714 0.005714 0.016190
4 0.178571 0.407619 0.005714 0.015238
8 0.388571 0.420476 0.008571 0.016190
8 0.391786 0.424286 0.006429 0.014286
5 0.390000 0.428095 0.012857 0.021905
3 0.585357 0.394286 0.015000 0.015238
7 0.788929 0.448571 0.017857 0.049524
7 0.884643 0.455714 0.016429 0.048571
7 0.967143 0.382857 0.010000 0.032381
7 0.945000 0.384762 0.007143 0.030476
7 0.954286 0.379048 0.010000 0.024762
7 0.940000 0.380952 0.007143 0.026667
7 0.836071 0.458571 0.012143 0.040952
8 0.767500 0.459048 0.015000 0.032381
8 0.740714 0.460000 0.011429 0.030476
8 0.726429 0.460476 0.014286 0.031429
8 0.711786 0.458571 0.012143 0.033333
7 0.695714 0.451905 0.011429 0.054286
3 0.639286 0.359524 0.014286 0.016190
3 0.648214 0.365238 0.012143 0.014286
3 0.581429 0.353333 0.010000 0.013333
3 0.592143 0.375238 0.010000 0.009524
4 0.622500 0.390952 0.007857 0.020000
3 0.408214 0.374762 0.027857 0.018095
7 0.317143 0.387619 0.005714 0.020952
7 0.332143 0.389524 0.005714 0.020952
7 0.310714 0.387143 0.005714 0.020000
3 0.526429 0.337143 0.005714 0.007619
3 0.524286 0.363333 0.014286 0.016190
