3 0.194643 0.208095 0.007857 0.012381
3 0.196071 0.198571 0.007857 0.012381
3 0.198214 0.185714 0.009286 0.013333
3 0.198214 0.116667 0.007857 0.010476
3 0.305357 0.142857 0.009286 0.011429
3 0.320357 0.142857 0.007857 0.013333
3 0.331429 0.142381 0.007143 0.014286
3 0.275000 0.122381 0.007143 0.010476
3 0.284286 0.122381 0.007143 0.010476
11 0.300357 0.079524 0.006429 0.010476
3 0.259643 0.022857 0.005000 0.007619
10 0.198929 0.090000 0.009286 0.018095
4 0.182857 0.034286 0.012857 0.055238
3 0.408571 0.189048 0.018571 0.012381
3 0.407500 0.182857 0.019286 0.011429
3 0.373929 0.134762 0.016429 0.008571
3 0.375357 0.128571 0.013571 0.007619
7 0.449286 0.379524 0.004286 0.012381
7 0.230714 0.581905 0.007143 0.011429
7 0.232857 0.496190 0.005714 0.017143
7 0.230714 0.477619 0.005714 0.016190
7 0.218214 0.440000 0.005000 0.013333
7 0.225000 0.437619 0.004286 0.006667
7 0.220000 0.410952 0.007143 0.014286
1 0.202500 0.330476 0.005000 0.011429
7 0.305714 0.373810 0.004286 0.010476
7 0.311071 0.369524 0.003571 0.011429
7 0.314286 0.372857 0.002857 0.014286
7 0.318214 0.371905 0.005000 0.014286
5 0.414643 0.360952 0.003571 0.013333
7 0.480357 0.309524 0.002143 0.011429
7 0.490000 0.305238 0.002857 0.012381
4 0.447143 0.264762 0.025714 0.030476
11 0.641071 0.304762 0.022143 0.015238
3 0.666429 0.296190 0.021429 0.017143
