7 0.379500 0.730333 0.024000 0.056667
7 0.345000 0.737333 0.022000 0.056000
7 0.316500 0.707000 0.029000 0.059333
8 0.323500 0.627000 0.032000 0.059333
8 0.256000 0.552667 0.042000 0.052000
7 0.637500 0.174000 0.013000 0.050667
3 0.223500 0.034667 0.064000 0.033333
9 0.358750 0.034667 0.038500 0.028000
8 0.349500 0.031000 0.012000 0.023333
3 0.517750 0.069333 0.080500 0.034667
3 0.606250 0.069333 0.070500 0.036000
3 0.700250 0.069333 0.072500 0.038667
3 0.847500 0.068000 0.076000 0.037333
3 0.821500 0.046000 0.071000 0.033333
3 0.943500 0.148333 0.072000 0.051333
3 0.945250 0.068333 0.078500 0.038000
7 0.926750 0.071000 0.021500 0.043333
7 0.923250 0.070667 0.014500 0.038667
