3 0.237500 0.179048 0.026429 0.051429
3 0.415714 0.343810 0.037143 0.074286
3 0.463571 0.592381 0.047143 0.106667
3 0.388929 0.801905 0.055000 0.140952
3 0.528571 0.923333 0.057143 0.147619
3 0.529286 0.432857 0.044286 0.080952
3 0.605714 0.363333 0.027143 0.046667
3 0.650000 0.794762 0.068571 0.122857
3 0.767857 0.569048 0.051429 0.088571
3 0.366071 0.284762 0.030714 0.066667
3 0.078214 0.023333 0.045000 0.039048
11 0.217500 0.328095 0.033571 0.073333
11 0.310357 0.039524 0.022143 0.052381
11 0.560714 0.351905 0.035714 0.063810
11 0.593571 0.815714 0.054286 0.115238
3 0.879643 0.800952 0.096429 0.137143
2 0.691786 0.355714 0.112143 0.189524
3 0.529286 0.109524 0.027143 0.038095
3 0.486429 0.007619 0.024286 0.015238
3 0.041429 0.363810 0.081429 0.047619
7 0.097857 0.808571 0.020000 0.028571
7 0.081786 0.976667 0.019286 0.025714
7 0.041429 0.819524 0.024286 0.029524
7 0.063214 0.785238 0.019286 0.039048
7 0.760357 0.323810 0.007857 0.030476
1 0.220357 0.009048 0.006429 0.018095
8 0.228214 0.472857 0.010714 0.021905
8 0.264286 0.529524 0.012857 0.022857
8 0.987500 0.839048 0.019286 0.019048
8 0.937857 0.694286 0.021429 0.030476
8 0.530714 0.026190 0.005714 0.018095
1 0.531071 0.031429 0.007857 0.019048
1 0.979643 0.843810 0.027857 0.038095
5 0.231429 0.481905 0.008571 0.026667
5 0.267143 0.537619 0.010000 0.031429
7 0.539286 0.008571 0.004286 0.017143
7 0.547500 0.009524 0.003571 0.019048
7 0.613929 0.152381 0.005000 0.026667
7 0.557500 0.041429 0.005000 0.021905
8 0.554286 0.028095 0.005714 0.014286
7 0.934286 0.592381 0.021429 0.028571
7 0.986786 0.679524 0.025000 0.033333
7 0.907143 0.584286 0.018571 0.025714
4 0.588929 0.051905 0.016429 0.020000
