3 0.038214 0.078680 0.030714 0.022843
2 0.013571 0.119924 0.027143 0.054569
2 0.258929 0.121193 0.040714 0.034264
3 0.298929 0.095812 0.029286 0.021574
3 0.313214 0.155457 0.030714 0.021574
3 0.362500 0.081853 0.013571 0.034264
3 0.390357 0.105964 0.029286 0.024112
3 0.492857 0.038071 0.011429 0.032995
3 0.518929 0.119289 0.029286 0.025381
3 0.562143 0.078680 0.010000 0.038071
3 0.612500 0.047589 0.010714 0.036802
11 0.612143 0.115482 0.008571 0.027919
10 0.639643 0.071701 0.015000 0.074873
10 0.925000 0.085660 0.024286 0.062183
2 0.708571 0.169416 0.042857 0.034264
3 0.932143 0.539340 0.017143 0.053299
10 0.791786 0.892766 0.017857 0.077411
3 0.757857 0.876269 0.014286 0.059645
11 0.729286 0.959391 0.035714 0.027919
6 0.726786 0.878807 0.023571 0.044416
2 0.673571 0.881345 0.025714 0.173858
11 0.527857 0.836929 0.017143 0.062183
11 0.453214 0.795685 0.016429 0.065990
11 0.440714 0.581218 0.012857 0.053299
11 0.327143 0.523477 0.012857 0.044416
5 0.412143 0.546320 0.005714 0.024112
8 0.411786 0.545051 0.005000 0.013959
3 0.466071 0.145939 0.026429 0.025381
3 0.365714 0.265863 0.011429 0.039340
2 0.287500 0.196701 0.022143 0.088832
5 0.397143 0.273477 0.004286 0.019036
8 0.395714 0.270939 0.004286 0.013959
3 0.396429 0.229695 0.011429 0.035533
3 0.422500 0.239848 0.010714 0.032995
3 0.449286 0.239213 0.010000 0.041878
3 0.501071 0.264594 0.012143 0.049492
3 0.443929 0.334391 0.012143 0.044416
2 0.672500 0.128173 0.069286 0.048223
3 0.749643 0.208756 0.026429 0.021574
2 0.698571 0.225888 0.018571 0.065990
2 0.640000 0.342640 0.017143 0.116751
3 0.610714 0.437817 0.011429 0.050761
5 0.582500 0.469543 0.003571 0.027919
8 0.583214 0.468274 0.005000 0.010152
10 0.863571 0.245558 0.014286 0.057107
4 0.013929 0.861041 0.006429 0.008883
2 0.079286 0.949873 0.038571 0.095178
11 0.060714 0.880076 0.024286 0.052030
11 0.026786 0.813452 0.026429 0.053299
