11 0.440000 0.191429 0.005714 0.015238
11 0.431786 0.186667 0.003571 0.011429
11 0.507500 0.351429 0.012143 0.020952
11 0.485000 0.246190 0.011429 0.025714
11 0.450000 0.153333 0.002857 0.007619
11 0.436071 0.171429 0.002143 0.005714
11 0.455357 0.168571 0.003571 0.005714
11 0.432143 0.166667 0.004286 0.005714
11 0.433571 0.156190 0.002857 0.005714
11 0.431429 0.136190 0.001429 0.003810
4 0.445357 0.122381 0.017857 0.025714
3 0.437500 0.150000 0.002143 -0.000952
3 0.447143 0.146667 0.001429 0.000000
3 0.447857 0.159048 0.001429 0.001905
3 0.442857 0.145714 0.001429 0.001905
3 0.434643 0.149048 0.002143 0.000952
3 0.432143 0.141429 0.002857 0.002857
3 0.454286 0.253333 0.004286 0.007619
3 0.484286 0.304762 0.007143 0.009524
3 0.491786 0.393810 0.009286 0.012381
3 0.412143 0.182857 0.002857 0.005714
3 0.456786 0.387143 0.009286 0.016190
3 0.460714 0.468571 0.012857 0.026667
3 0.442143 0.446190 0.011429 0.023810
3 0.528214 0.465714 0.013571 0.020952
11 0.416071 0.437143 0.020714 0.062857
3 0.460357 0.746667 0.017857 0.059048
3 0.557857 0.965238 0.031429 0.065714
3 0.517857 0.676190 0.018571 0.043810
10 0.851071 0.776190 0.096429 0.078095
