3 0.478571 0.473985 0.051429 0.041878
3 0.482857 0.428934 0.050000 0.032995
3 0.480000 0.385787 0.048571 0.032995
3 0.480357 0.339467 0.046429 0.036802
3 0.512500 0.299492 0.046429 0.032995
3 0.511786 0.256980 0.043571 0.031726
3 0.513929 0.223350 0.046429 0.030457
3 0.443214 0.153553 0.017857 0.058376
3 0.379643 0.150381 0.020714 0.067259
3 0.187143 0.701777 0.032857 0.101523
3 0.253929 0.246193 0.056429 0.043147
3 0.268214 0.127538 0.049286 0.039340
3 0.275714 0.071701 0.048571 0.039340
3 0.282500 0.034264 0.047857 0.032995
11 0.400714 0.684010 0.022857 0.104061
3 0.607143 0.727157 0.055714 0.040609
3 0.593571 0.685279 0.058571 0.045685
3 0.592143 0.625000 0.058571 0.046954
3 0.587857 0.576777 0.055714 0.036802
3 0.596071 0.527284 0.050714 0.046954
3 0.593571 0.475888 0.055714 0.040609
3 0.589643 0.430203 0.050714 0.043147
3 0.569643 0.392132 0.052143 0.043147
3 0.593929 0.355330 0.052143 0.040609
3 0.587143 0.313452 0.050000 0.040609
3 0.587143 0.275381 0.045714 0.038071
3 0.559643 0.114213 0.019286 0.071066
3 0.587500 0.124365 0.020714 0.065990
3 0.610714 0.123731 0.020000 0.064721
3 0.520714 0.111675 0.047143 0.035533
3 0.519643 0.144670 0.046429 0.035533
11 0.514643 0.072970 0.042143 0.039340
11 0.521786 0.173858 0.039286 0.043147
11 0.548214 0.795685 0.022143 0.091371
11 0.610357 0.832487 0.070714 0.045685
3 0.617143 0.903553 0.061429 0.038071
11 0.608571 0.958122 0.054286 0.043147
7 0.487857 0.062183 0.007143 0.025381
7 0.585357 0.076142 0.005000 0.025381
7 0.585357 0.059645 0.006429 0.025381
7 0.635357 0.270939 0.006429 0.024112
7 0.659643 0.265863 0.005000 0.021574
7 0.650357 0.257614 0.006429 0.022843
7 0.658929 0.411168 0.006429 0.027919
7 0.673571 0.463832 0.008571 0.021574
7 0.683571 0.199873 0.008571 0.026650
7 0.657500 0.187183 0.006429 0.026650
7 0.668929 0.145939 0.007857 0.025381
7 0.674643 0.041244 0.005000 0.026650
7 0.523214 0.605964 0.006429 0.031726
7 0.512143 0.600254 0.007143 0.027919
7 0.633214 0.609137 0.006429 0.025381
7 0.684286 0.654822 0.010000 0.022843
7 0.690714 0.729061 0.007143 0.019036
7 0.669286 0.667513 0.008571 0.025381
7 0.691429 0.937817 0.008571 0.017766
7 0.705714 0.948604 0.010000 0.016497
5 0.712500 0.925127 0.005000 0.035533
5 0.628571 0.866117 0.022857 0.016497
8 0.667500 0.199873 0.009286 0.016497
7 0.938214 0.119289 0.010714 0.025381
7 0.899643 0.216371 0.009286 0.021574
9 0.912857 0.100888 0.028571 0.029188
8 0.908571 0.102157 0.008571 0.019036
7 0.715000 0.052030 0.005714 0.020305
3 0.304286 0.011421 0.042857 0.022843
