3 0.948000 0.936333 0.058000 0.110000
3 0.823250 0.761667 0.037500 0.074000
3 0.707500 0.825000 0.064000 0.082000
3 0.685250 0.658333 0.045500 0.052667
3 0.595500 0.674333 0.042000 0.048667
3 0.631000 0.598000 0.043000 0.048000
3 0.558750 0.623000 0.038500 0.051333
3 0.526000 0.575667 0.034000 0.044667
3 0.590250 0.552333 0.040500 0.042000
7 0.592250 0.572333 0.005500 0.019333
11 0.735000 0.558333 0.034000 0.047333
1 0.540000 0.560000 0.009000 0.018667
5 0.546000 0.541333 0.010000 0.017333
8 0.539250 0.557333 0.006500 0.016000
8 0.548250 0.543667 0.005500 0.011333
8 0.545250 0.538667 0.006500 0.012000
3 0.499750 0.538333 0.033500 0.039333
11 0.556000 0.506333 0.029000 0.039333
11 0.530250 0.480667 0.029500 0.033333
3 0.471500 0.497000 0.030000 0.032667
3 0.503000 0.454333 0.029000 0.028667
3 0.590000 0.428333 0.036000 0.024667
3 0.447750 0.466000 0.026500 0.032000
3 0.479500 0.425333 0.027000 0.025333
3 0.425500 0.436333 0.024000 0.030000
3 0.456500 0.400667 0.024000 0.022667
11 0.467000 0.384333 0.026000 0.031333
3 0.408500 0.410000 0.025000 0.028000
7 0.575250 0.368667 0.006500 0.014667
7 0.529500 0.348000 0.005000 0.014667
7 0.552000 0.314333 0.004000 0.015333
8 0.578750 0.343000 0.004500 0.007333
7 0.468250 0.367333 0.003500 0.013333
1 0.442500 0.386333 0.006000 0.010000
8 0.442750 0.383000 0.003500 0.012667
3 0.460250 0.320333 0.027500 0.018000
11 0.389250 0.385333 0.017500 0.026667
11 0.377250 0.366333 0.015500 0.024667
3 0.366500 0.351333 0.017000 0.024000
3 0.402750 0.313667 0.013500 0.015333
3 0.385750 0.316667 0.017500 0.017333
3 0.355000 0.336667 0.024000 0.020000
3 0.374250 0.302667 0.016500 0.014667
3 0.341750 0.321000 0.017500 0.018000
7 0.313500 0.323667 0.004000 0.015333
8 0.321250 0.322667 0.005500 0.009333
3 0.330250 0.305000 0.015500 0.018000
11 0.362000 0.285000 0.015000 0.020667
3 0.320750 0.291667 0.013500 0.016667
3 0.349500 0.275667 0.014000 0.015333
3 0.342750 0.265667 0.013500 0.014000
3 0.312750 0.278667 0.014500 0.014667
3 0.334250 0.255333 0.011500 0.014667
3 0.325500 0.247333 0.012000 0.013333
7 0.610000 0.275667 0.003000 0.011333
7 0.614500 0.280000 0.003000 0.012000
7 0.627000 0.273000 0.002000 0.007333
7 0.623000 0.266000 0.003000 0.010667
3 0.601750 0.268333 0.021500 0.012667
3 0.588750 0.261667 0.020500 0.015333
5 0.645250 0.261333 0.007500 0.009333
5 0.640750 0.260333 0.007500 0.008667
5 0.639250 0.258000 0.009500 0.006667
11 0.495000 0.235667 0.018000 0.014000
7 0.498500 0.219333 0.002000 0.008000
7 0.495750 0.219333 0.001500 0.008000
5 0.486000 0.210667 0.005000 0.006667
11 0.462000 0.205667 0.012000 0.014000
3 0.464250 0.201333 0.010500 0.009333
7 0.228500 0.338000 0.004000 0.013333
7 0.232250 0.331667 0.005500 0.014000
7 0.256750 0.346667 0.005500 0.016000
7 0.290000 0.324333 0.005000 0.014000
7 0.285000 0.337000 0.005000 0.012667
8 0.271250 0.334333 0.005500 0.010000
7 0.181750 0.280333 0.004500 0.012667
7 0.205000 0.275667 0.004000 0.010000
7 0.201500 0.270333 0.003000 0.008667
7 0.202000 0.241000 0.004000 0.010000
5 0.213250 0.247000 0.003500 0.010000
0 0.204500 0.229333 0.009000 0.013333
3 0.312500 0.231333 0.013000 0.010667
10 0.303750 0.221333 0.017500 0.014667
3 0.276500 0.210000 0.010000 0.012000
11 0.290750 0.205333 0.009500 0.014667
3 0.284500 0.200667 0.009000 0.010667
10 0.259250 0.203333 0.013500 0.014667
3 0.279500 0.193333 0.009000 0.009333
11 0.272000 0.183333 0.010000 0.012000
3 0.255250 0.197333 0.008500 0.014667
3 0.246000 0.187667 0.009000 0.008667
11 0.267250 0.179000 0.005500 0.007333
3 0.263750 0.174667 0.008500 0.008000
3 0.258250 0.169333 0.007500 0.009333
3 0.255250 0.165000 0.007500 0.008667
3 0.250500 0.159333 0.007000 0.008000
11 0.230750 0.164333 0.009500 0.011333
3 0.246000 0.147000 0.013000 0.007333
3 0.221000 0.157333 0.013000 0.009333
3 0.237250 0.144667 0.006500 0.008000
11 0.249000 0.126667 0.012000 0.009333
3 0.211500 0.140000 0.007000 0.008000
3 0.228000 0.132667 0.006000 0.006667
3 0.208000 0.136000 0.006000 0.005333
3 0.206000 0.132333 0.006000 0.006000
3 0.202500 0.127667 0.006000 0.007333
3 0.224750 0.128667 0.006500 0.006667
3 0.221750 0.125667 0.005500 0.006000
3 0.218250 0.121667 0.005500 0.006000
3 0.229000 0.113667 0.009000 0.006000
3 0.221000 0.136667 0.007000 0.006667
3 0.210250 0.124000 0.006500 0.006667
3 0.204500 0.114000 0.009000 0.006667
11 0.186250 0.112000 0.010500 0.012000
6 0.165250 0.113333 0.014500 0.016000
10 0.144750 0.116000 0.014500 0.013333
3 0.198000 0.106333 0.009000 0.006000
11 0.175750 0.110667 0.009500 0.006667
4 0.187750 0.072333 0.116500 0.054000
4 0.110250 0.105333 0.040500 0.021333
4 0.057250 0.182333 0.026500 0.019333
7 0.207250 0.104000 0.002500 0.008000
4 0.170000 0.099333 0.044000 0.010667
