5 0.984750 0.934667 0.021500 0.013333
3 0.979750 0.986333 0.039500 0.026000
3 0.745750 0.673000 0.049500 0.032667
3 0.757750 0.734333 0.052500 0.034000
3 0.765750 0.772000 0.050500 0.032000
3 0.783500 0.814000 0.057000 0.038667
7 0.535000 0.413333 0.004000 0.014667
11 0.559250 0.460000 0.019500 0.037333
3 0.549250 0.403000 0.016500 0.024667
3 0.489750 0.433667 0.012500 0.018000
3 0.543250 0.377333 0.014500 0.024000
2 0.537500 0.317000 0.020000 0.038000
11 0.531000 0.296333 0.013000 0.018000
2 0.524750 0.245667 0.014500 0.028667
3 0.523000 0.228667 0.010000 0.013333
3 0.522500 0.213667 0.009000 0.012667
3 0.523000 0.184667 0.009000 0.012000
3 0.522750 0.173333 0.008500 0.012000
10 0.496000 0.135667 0.008000 0.018000
7 0.537750 0.099667 0.001500 0.010000
8 0.506000 0.063667 0.002000 0.006000
1 0.506000 0.066667 0.001000 0.004000
4 0.462250 0.034333 0.020500 0.052667
4 0.524500 0.046667 0.020000 0.050667
3 0.489750 0.003333 0.004500 0.006667
3 0.473000 0.002333 0.006000 0.004667
3 0.485000 0.022333 0.006000 0.008667
3 0.480000 0.043000 0.006000 0.008667
3 0.490250 0.030667 0.005500 0.008000
3 0.509000 0.016000 0.005000 0.006667
3 0.488250 0.049667 0.005500 0.010000
7 0.454500 0.104000 0.002000 0.009333
7 0.452000 0.104000 0.002000 0.008000
2 0.441750 0.114000 0.012500 0.025333
3 0.436000 0.136000 0.007000 0.012000
3 0.430000 0.157333 0.010000 0.014667
3 0.288250 0.293000 0.013500 0.016667
3 0.264500 0.332333 0.015000 0.024667
11 0.341500 0.385000 0.027000 0.020667
7 0.346250 0.397667 0.004500 0.014000
7 0.361750 0.536667 0.004500 0.014667
1 0.378500 0.463333 0.007000 0.012000
1 0.388500 0.565333 0.012000 0.009333
7 0.346250 0.549000 0.003500 0.012667
8 0.346250 0.558333 0.005500 0.012667
8 0.351000 0.555333 0.005000 0.010667
4 0.430000 0.172333 0.004000 0.008667
7 0.423750 0.205333 0.002500 0.010667
7 0.421000 0.203667 0.003000 0.011333
3 0.414250 0.208667 0.010500 0.016000
3 0.411750 0.223333 0.009500 0.017333
3 0.407500 0.252333 0.011000 0.018000
3 0.442500 0.255667 0.010000 0.019333
3 0.404500 0.291333 0.011000 0.021333
3 0.402000 0.314667 0.012000 0.024000
3 0.400000 0.348333 0.013000 0.027333
3 0.388250 0.533000 0.017500 0.036667
11 0.419250 0.554333 0.015500 0.040667
3 0.459750 0.498667 0.016500 0.034667
9 0.381750 0.589667 0.011500 0.016667
3 0.388750 0.612000 0.023500 0.041333
1 0.367000 0.621333 0.010000 0.010667
9 0.377000 0.673333 0.011000 0.028000
8 0.375000 0.673667 0.006000 0.011333
1 0.366000 0.684667 0.006000 0.020000
9 0.357750 0.701667 0.020500 0.036667
3 0.387750 0.738667 0.033500 0.060000
1 0.415500 0.750000 0.006000 0.025333
8 0.415000 0.744000 0.007000 0.013333
11 0.330500 0.624000 0.017000 0.045333
7 0.330000 0.672667 0.005000 0.016000
11 0.320750 0.711667 0.020500 0.054000
11 0.314000 0.761333 0.023000 0.057333
11 0.312250 0.819000 0.025500 0.064667
1 0.353500 0.814333 0.012000 0.020667
11 0.382000 0.833000 0.034000 0.063333
1 0.370250 0.891333 0.022500 0.016000
3 0.304000 0.896333 0.028000 0.070000
1 0.333250 0.955667 0.015500 0.020667
7 0.340250 0.965000 0.012500 0.016667
3 0.382500 0.922667 0.051000 0.076000
7 0.384750 0.948333 0.006500 0.018000
3 0.716000 0.385667 0.030000 0.019333
3 0.626500 0.123000 0.008000 0.010000
11 0.635750 0.123000 0.007500 0.014000
