11 0.332857 0.169524 0.012857 0.022857
3 0.292500 0.440000 0.049286 0.028571
3 0.288214 0.468095 0.052143 0.027619
3 0.236786 0.568571 0.033571 0.057143
3 0.287500 0.625238 0.066429 0.052381
5 0.246786 0.794286 0.010714 0.053333
7 0.372500 0.815238 0.012143 0.034286
7 0.527500 0.604762 0.007857 0.030476
5 0.430714 0.600000 0.008571 0.041905
5 0.466429 0.299048 0.005714 0.020952
3 0.417857 0.511429 0.024286 0.057143
3 0.425714 0.448571 0.025714 0.049524
3 0.451429 0.419048 0.021429 0.040000
3 0.360000 0.367619 0.048571 0.024762
3 0.366071 0.326190 0.036429 0.021905
11 0.372143 0.310000 0.041429 0.021905
3 0.445714 0.301429 0.015714 0.023810
3 0.453571 0.251429 0.015714 0.026667
11 0.462500 0.195238 0.010714 0.024762
3 0.464286 0.175714 0.012857 0.020000
3 0.466071 0.155238 0.013571 0.017143
7 0.441786 0.351905 0.003571 0.016190
7 0.470357 0.395714 0.003571 0.014286
3 0.588214 0.264762 0.015000 0.024762
3 0.476786 0.100476 0.010714 0.016190
3 0.555000 0.029048 0.008571 0.012381
3 0.483929 0.053333 0.007857 0.017143
3 0.485714 0.037619 0.007143 0.012381
3 0.596786 0.003333 0.006429 0.004762
3 0.609286 0.063810 0.008571 0.011429
3 0.615714 0.091429 0.010000 0.013333
3 0.621071 0.117143 0.009286 0.017143
3 0.618929 0.104762 0.007857 0.009524
3 0.638929 0.192857 0.010714 0.021905
5 0.614643 0.189524 0.005000 0.015238
3 0.679643 0.359048 0.022143 0.041905
3 0.684286 0.400952 0.018571 0.036190
3 0.716071 0.540952 0.023571 0.049524
3 0.692857 0.443810 0.020000 0.036190
7 0.776071 0.550476 0.003571 0.019048
7 0.793929 0.568571 0.003571 0.017143
8 0.466429 0.294762 0.004286 0.008571
8 0.615357 0.187143 0.003571 0.008571
8 0.431786 0.590476 0.005000 0.019048
