4 0.942857 0.063810 0.041429 0.049524
4 0.912500 0.074762 0.015000 0.027619
3 0.882143 0.110000 0.005714 0.006667
3 0.951429 0.096667 0.004286 0.006667
3 0.936429 0.111429 0.005714 0.005714
2 0.946071 0.117619 0.009286 0.018095
3 0.930000 0.122857 0.007143 0.007619
3 0.936786 0.128571 0.006429 0.009524
3 0.926429 0.140952 0.007143 0.009524
3 0.935714 0.154286 0.008571 0.009524
3 0.918571 0.154286 0.008571 0.009524
3 0.906071 0.157619 0.007857 0.008571
3 0.883929 0.158571 0.009286 0.010476
3 0.856429 0.179524 0.011429 0.012381
3 0.896071 0.184762 0.012143 0.013333
3 0.883571 0.218095 0.017143 0.017143
3 0.907500 0.201429 0.013571 0.014286
3 0.900714 0.229524 0.012857 0.017143
3 0.916071 0.177143 0.012143 0.011429
2 0.930000 0.211905 0.024286 0.040952
4 0.952143 0.153333 0.011429 0.026667
2 0.951071 0.254286 0.026429 0.051429
7 0.822857 0.168571 0.002857 0.011429
2 0.887143 0.426190 0.055714 0.117143
2 0.684286 0.372857 0.072857 0.096190
3 0.860714 0.292381 0.017143 0.020952
3 0.830000 0.356190 0.024286 0.026667
3 0.817143 0.620952 0.037143 0.068571
3 0.781429 0.304762 0.020000 0.024762
3 0.775000 0.363810 0.028571 0.038095
3 0.757857 0.407143 0.028571 0.039048
3 0.728571 0.463810 0.034286 0.045714
3 0.700714 0.432857 0.034286 0.044762
3 0.662500 0.577619 0.047857 0.082857
3 0.559643 0.559048 0.050714 0.070476
3 0.761071 0.326190 0.023571 0.027619
3 0.727857 0.336190 0.020000 0.026667
3 0.626429 0.469048 0.038571 0.052381
3 0.670714 0.478095 0.040000 0.053333
3 0.635714 0.525714 0.041429 0.060952
3 0.505357 0.557619 0.053571 0.063810
11 0.723571 0.389524 0.028571 0.047619
11 0.746071 0.350000 0.023571 0.037143
3 0.583214 0.779048 0.063571 0.114286
3 0.409286 0.730476 0.062857 0.104762
3 0.432500 0.830476 0.069286 0.123810
11 0.529643 0.725714 0.059286 0.106667
3 0.728929 0.216667 0.016429 0.016190
4 0.781429 0.106667 0.044286 0.013333
3 0.610714 0.278095 0.035714 0.024762
3 0.627143 0.272857 0.031429 0.020000
3 0.620714 0.249524 0.021429 0.017143
3 0.640714 0.253810 0.020000 0.018095
3 0.658214 0.257143 0.017857 0.013333
3 0.586786 0.253810 0.023571 0.020000
3 0.589643 0.240952 0.019286 0.015238
11 0.629286 0.231429 0.024286 0.019048
0 0.621071 0.220000 0.026429 0.019048
0 0.550714 0.274286 0.037143 0.020952
3 0.546071 0.245238 0.017857 0.018095
3 0.551786 0.233333 0.016429 0.015238
3 0.538929 0.226667 0.019286 0.013333
3 0.576429 0.202381 0.024286 0.016190
3 0.599286 0.190476 0.027143 0.015238
11 0.607143 0.183810 0.018571 0.015238
3 0.622500 0.178095 0.020714 0.013333
3 0.630000 0.176667 0.018571 0.012381
11 0.635000 0.170476 0.027143 0.019048
3 0.645000 0.166667 0.021429 0.015238
3 0.653214 0.163810 0.017857 0.013333
3 0.495357 0.293333 0.027857 0.024762
3 0.386429 0.287619 0.035714 0.026667
3 0.371429 0.380000 0.050000 0.034286
3 0.378929 0.337619 0.037857 0.031429
3 0.400714 0.345238 0.035714 0.027619
0 0.432500 0.281905 0.019286 0.028571
7 0.443929 0.284762 0.003571 0.015238
3 0.268571 0.382857 0.048571 0.036190
3 0.252500 0.372381 0.049286 0.034286
3 0.237500 0.358571 0.043571 0.027619
3 0.096071 0.339048 0.053571 0.026667
3 0.055714 0.328095 0.032857 0.027619
3 0.034286 0.308571 0.024286 0.020952
3 0.044286 0.410000 0.062857 0.039048
3 0.070000 0.432381 0.067143 0.036190
3 0.085714 0.444762 0.064286 0.040000
3 0.104286 0.457619 0.057143 0.039048
10 0.201071 0.510952 0.070714 0.082857
8 0.225357 0.548095 0.012143 0.025714
7 0.232857 0.540000 0.010000 0.028571
7 0.251071 0.536667 0.009286 0.027619
5 0.245357 0.554762 0.010714 0.031429
1 0.243214 0.530952 0.010714 0.021905
1 0.216429 0.560476 0.015714 0.021905
9 0.199643 0.605238 0.047857 0.044762
5 0.216071 0.620476 0.027857 0.031429
7 0.215357 0.722381 0.012143 0.039048
5 0.337500 0.729048 0.025000 0.042857
9 0.348214 0.764286 0.026429 0.040952
8 0.333571 0.719048 0.015714 0.030476
8 0.349643 0.747143 0.017857 0.029524
3 0.252500 0.840476 0.100714 0.113333
7 0.127500 0.792857 0.025000 0.046667
8 0.137143 0.672381 0.017143 0.028571
1 0.136786 0.686190 0.010714 0.025714
5 0.149286 0.728095 0.041429 0.027619
8 0.150000 0.729048 0.014286 0.039048
