2 0.057857 0.670685 0.114286 0.191624
2 0.253214 0.529822 0.136429 0.143401
2 0.425357 0.412437 0.105000 0.114213
2 0.565000 0.340102 0.124286 0.144670
2 0.641429 0.253173 0.098571 0.107868
2 0.781429 0.172589 0.067143 0.086294
3 0.547143 0.438452 0.054286 0.059645
7 0.651429 0.522843 0.010000 0.035533
7 0.315714 0.647208 0.008571 0.048223
8 0.311786 0.639594 0.006429 0.038071
11 0.750714 0.262690 0.035714 0.048223
3 0.736071 0.218274 0.030714 0.032995
3 0.702143 0.236041 0.031429 0.035533
7 0.485714 0.270939 0.005714 0.034264
7 0.488214 0.353426 0.007857 0.036802
7 0.443214 0.354695 0.007857 0.031726
7 0.430714 0.371193 0.005714 0.031726
7 0.427857 0.361041 0.007143 0.031726
7 0.297143 0.435279 0.005714 0.035533
7 0.304643 0.434645 0.007857 0.036802
7 0.099643 0.046954 0.005000 0.020305
7 0.128929 0.106599 0.005000 0.020305
7 0.160714 0.186548 0.004286 0.017766
6 0.158214 0.193528 0.007857 0.021574
11 0.126429 0.257614 0.020000 0.045685
3 0.122500 0.300761 0.022143 0.048223
3 0.108571 0.142132 0.027143 0.032995
11 0.125357 0.165609 0.019286 0.044416
11 0.131071 0.203046 0.017857 0.050761
10 0.063214 0.060279 0.023571 0.041878
10 0.046786 0.030457 0.026429 0.035533
3 0.083571 0.085660 0.035714 0.026650
