3 0.118571 0.561905 0.061429 0.108571
3 0.290357 0.467143 0.057857 0.103810
3 0.402857 0.387143 0.078571 0.082857
3 0.378571 0.338095 0.062857 0.062857
3 0.191786 0.221905 0.062143 0.104762
3 0.312500 0.135238 0.076429 0.074286
3 0.327500 0.188095 0.080714 0.071429
3 0.348214 0.240952 0.083571 0.081905
3 0.039643 0.625238 0.060714 0.107619
3 0.147857 0.752381 0.088571 0.089524
3 0.471786 0.642381 0.075000 0.073333
3 0.752500 0.514286 0.080714 0.064762
3 0.938214 0.645238 0.065000 0.109524
3 0.740714 0.167619 0.057143 0.099048
3 0.975357 0.162381 0.047857 0.088571
7 0.954286 0.278571 0.027143 0.021905
7 0.908214 0.064286 0.019286 0.031429
3 0.765357 0.797143 0.059286 0.099048
3 0.812143 0.899048 0.061429 0.110476
3 0.706429 0.810000 0.054286 0.119048
10 0.654643 0.835238 0.047857 0.133333
7 0.688214 0.877619 0.013571 0.027619
8 0.692143 0.554286 0.017143 0.017143
1 0.690000 0.555238 0.020000 0.036190
8 0.537857 0.204762 0.011429 0.026667
1 0.535714 0.212857 0.015714 0.035238
7 0.311429 0.304286 0.012857 0.023810
11 0.438214 0.448571 0.072143 0.068571
5 0.283571 0.246667 0.021429 0.043810
1 0.270714 0.190000 0.011429 0.040952
1 0.255714 0.143810 0.014286 0.038095
7 0.335714 0.042857 0.012857 0.030476
8 0.228571 0.120476 0.012857 0.020000
8 0.474643 0.040000 0.012143 0.020952
1 0.474286 0.050476 0.014286 0.034286
