7 0.122500 0.962857 0.013571 0.007619
7 0.172857 0.853333 0.012857 0.013333
7 0.197500 0.828095 0.012143 0.010476
10 0.432857 0.727619 0.121429 0.236190
3 0.563571 0.604762 0.038571 0.066667
5 0.280000 0.550952 0.008571 0.006667
5 0.284643 0.537143 0.010714 0.007619
5 0.290714 0.524286 0.011429 0.010476
5 0.296429 0.516667 0.011429 0.010476
5 0.301071 0.508095 0.012143 0.010476
5 0.305000 0.497143 0.011429 0.009524
7 0.336429 0.521429 0.005714 0.014286
7 0.364643 0.345714 0.005000 0.013333
7 0.381071 0.328095 0.005000 0.014286
11 0.572143 0.836190 0.028571 0.066667
9 0.578214 0.324286 0.017857 0.033333
5 0.593571 0.330000 0.011429 0.023810
5 0.657857 0.258571 0.012857 0.025714
3 0.643214 0.204286 0.025000 0.044762
3 0.683929 0.111429 0.023571 0.041905
5 0.667143 0.111429 0.010000 0.024762
3 0.709286 0.016190 0.022857 0.032381
11 0.502143 0.121429 0.032857 0.031429
3 0.602143 0.061905 0.024286 0.036190
