7 0.328929 0.895714 0.026429 0.054286
7 0.355357 0.910952 0.020714 0.061905
7 0.408571 0.849048 0.024286 0.050476
7 0.481071 0.604286 0.015000 0.046667
7 0.505357 0.580000 0.010714 0.038095
7 0.520357 0.581429 0.015000 0.040952
7 0.529286 0.548095 0.011429 0.039048
7 0.517500 0.541905 0.010714 0.038095
7 0.506071 0.529048 0.010714 0.039048
7 0.496071 0.532857 0.010714 0.042857
7 0.539286 0.510476 0.011429 0.041905
7 0.521429 0.501429 0.011429 0.035238
7 0.514286 0.497143 0.008571 0.036190
7 0.543571 0.419048 0.010000 0.034286
7 0.553571 0.421905 0.008571 0.034286
7 0.593929 0.357143 0.009286 0.032381
7 0.606071 0.311905 0.007857 0.027619
7 0.596786 0.305714 0.007857 0.030476
7 0.590000 0.302857 0.008571 0.030476
7 0.581071 0.291905 0.007857 0.025714
7 0.573929 0.290952 0.007857 0.027619
7 0.607143 0.265238 0.007143 0.027619
7 0.606786 0.240952 0.006429 0.022857
7 0.625357 0.241905 0.006429 0.024762
7 0.615357 0.198095 0.006429 0.020952
7 0.612857 0.184762 0.005714 0.015238
7 0.618214 0.185238 0.005000 0.018095
7 0.626071 0.179524 0.005000 0.020000
7 0.618214 0.177619 0.005000 0.018095
7 0.636071 0.167143 0.006429 0.020000
7 0.629643 0.166190 0.005000 0.016190
7 0.625000 0.164762 0.004286 0.017143
7 0.633214 0.150476 0.006429 0.017143
7 0.624286 0.149048 0.004286 0.016190
7 0.620000 0.143810 0.005714 0.019048
7 0.627857 0.143333 0.004286 0.016190
7 0.631786 0.141429 0.005000 0.016190
7 0.631786 0.137143 0.005000 0.019048
7 0.625357 0.137143 0.005000 0.017143
7 0.622857 0.125238 0.005714 0.018095
6 0.622143 0.111905 0.012857 0.010476
7 0.508571 0.106190 0.002857 0.016190
7 0.511786 0.106190 0.003571 0.016190
6 0.514643 0.100000 0.030714 0.020952
7 0.485714 0.105238 0.004286 0.016190
7 0.684643 0.218095 0.007857 0.020952
7 0.738571 0.155238 0.007143 0.019048
7 0.712500 0.143333 0.006429 0.014286
3 0.678214 0.118571 0.026429 0.018095
7 0.735357 0.123810 0.003571 0.015238
1 0.736429 0.128095 0.012857 0.008571
7 0.741429 0.120476 0.002857 0.016190
5 0.754286 0.123810 0.011429 0.011429
