3 0.496071 0.871193 0.026429 0.079949
3 0.096786 0.539340 0.045000 0.040609
3 0.077143 0.504442 0.041429 0.034264
3 0.149286 0.517132 0.042857 0.036802
3 0.200357 0.522208 0.042143 0.044416
3 0.258571 0.534264 0.042857 0.038071
3 0.230714 0.923223 0.037143 0.097716
3 0.171071 0.645939 0.047857 0.043147
3 0.227857 0.662437 0.048571 0.048223
2 0.221071 0.589467 0.119286 0.087563
2 0.309286 0.584391 0.067143 0.074873
2 0.345000 0.539340 0.112857 0.083756
2 0.126429 0.592640 0.070000 0.063452
10 0.026429 0.565990 0.052857 0.055838
3 0.035357 0.529188 0.049286 0.048223
3 0.165714 0.796320 0.030000 0.090102
3 0.222857 0.848350 0.041429 0.097716
3 0.251071 0.833122 0.029286 0.092640
3 0.275000 0.835025 0.027143 0.078680
10 0.314643 0.956853 0.102143 0.076142
10 0.175714 0.869289 0.092857 0.251269
3 0.560000 0.554569 0.032857 0.065990
3 0.533571 0.416878 0.017143 0.046954
3 0.604286 0.359137 0.015714 0.043147
3 0.628214 0.365482 0.016429 0.058376
3 0.544286 0.277284 0.015714 0.041878
3 0.628571 0.302030 0.015714 0.045685
3 0.581786 0.166878 0.015000 0.036802
3 0.628214 0.245558 0.015000 0.046954
3 0.566071 0.097716 0.012143 0.032995
3 0.586429 0.074239 0.012857 0.026650
3 0.591071 0.028553 0.013571 0.029188
7 0.346071 0.440990 0.005000 0.019036
8 0.347143 0.424492 0.005714 0.013959
8 0.329286 0.435279 0.004286 0.015228
7 0.571429 0.467005 0.004286 0.022843
7 0.681429 0.299492 0.002857 0.015228
7 0.684643 0.298858 0.003571 0.024112
7 0.513571 0.180838 0.004286 0.019036
7 0.516786 0.213198 0.003571 0.017766
7 0.502500 0.435914 0.003571 0.021574
7 0.503571 0.429569 0.002857 0.029188
