10 0.180357 0.939721 0.072143 0.115482
10 0.444286 0.688452 0.051429 0.145939
10 0.583929 0.621827 0.039286 0.088832
10 0.713214 0.296320 0.030714 0.044416
10 0.567857 0.117386 0.015714 0.029188
3 0.207500 0.811548 0.035000 0.074873
3 0.266071 0.897843 0.039286 0.090102
11 0.377500 0.968274 0.039286 0.058376
3 0.247500 0.542513 0.022143 0.049492
3 0.282143 0.586929 0.022857 0.049492
3 0.346071 0.499365 0.020714 0.049492
3 0.331071 0.345812 0.017857 0.031726
3 0.385000 0.300127 0.015714 0.024112
3 0.357857 0.288071 0.012857 0.022843
3 0.398214 0.225888 0.013571 0.020305
3 0.411786 0.241117 0.013571 0.025381
3 0.428214 0.194162 0.010714 0.012690
3 0.463571 0.182741 0.010000 0.017766
3 0.504643 0.181472 0.009286 0.015228
3 0.522143 0.142766 0.008571 0.011421
3 0.484643 0.144670 0.010714 0.015228
3 0.504643 0.140863 0.012143 0.012690
3 0.544286 0.120558 0.010000 0.012690
3 0.589286 0.111041 0.008571 0.008883
3 0.582500 0.107868 0.006429 0.010152
3 0.599286 0.100254 0.007143 0.007614
3 0.608571 0.095178 0.007143 0.007614
2 0.623571 0.086929 0.011429 0.016497
2 0.473571 0.200508 0.021429 0.045685
2 0.432143 0.232868 0.021429 0.054569
2 0.293214 0.354061 0.033571 0.093909
10 0.339286 0.271574 0.021429 0.038071
10 0.478929 0.180203 0.013571 0.030457
10 0.406429 0.299492 0.022857 0.045685
11 0.384286 0.415609 0.018571 0.044416
3 0.705357 0.425127 0.020714 0.025381
3 0.688571 0.392132 0.022857 0.022843
3 0.654643 0.402284 0.020714 0.025381
3 0.630000 0.425761 0.022857 0.021574
2 0.664286 0.460025 0.028571 0.049492
11 0.658571 0.194797 0.007143 0.013959
3 0.734643 0.147843 0.007857 0.008883
4 0.933214 0.210660 0.065000 0.050761
4 0.683929 0.052030 0.055000 0.035533
