11 0.710000 0.927665 0.070000 0.139594
7 0.657500 0.857868 0.012143 0.035533
3 0.666429 0.777919 0.060000 0.152284
3 0.628214 0.636421 0.055000 0.138325
5 0.692500 0.705584 0.026429 0.058376
5 0.669643 0.638325 0.027857 0.071066
5 0.649643 0.577411 0.026429 0.063452
5 0.725000 0.629442 0.027143 0.063452
5 0.702143 0.574239 0.022857 0.057107
3 0.612143 0.360406 0.045714 0.093909
3 0.662143 0.289975 0.061429 0.059645
10 0.794286 0.220812 0.137143 0.111675
11 0.920357 0.159264 0.056429 0.057107
3 0.971429 0.136421 0.048571 0.054569
11 0.321429 0.443528 0.080000 0.087563
7 0.385000 0.606599 0.010000 0.032995
7 0.369643 0.616117 0.012143 0.026650
10 0.166786 0.512056 0.142143 0.123096
10 0.289643 0.283629 0.113571 0.135787
3 0.359286 0.204315 0.031429 0.081218
11 0.368214 0.060279 0.033571 0.095178
3 0.270000 0.023477 0.031429 0.046954
