3 0.513214 0.950508 0.012143 0.045685
3 0.511429 0.827411 0.010000 0.038071
3 0.541071 0.793147 0.010714 0.038071
11 0.479286 0.834391 0.010000 0.039340
10 0.452857 0.940355 0.018571 0.098985
3 0.462143 0.774112 0.010000 0.038071
10 0.464286 0.679569 0.015714 0.072335
3 0.480714 0.689721 0.010000 0.034264
3 0.526071 0.681472 0.009286 0.032995
11 0.525000 0.597081 0.008571 0.034264
3 0.541071 0.581853 0.007857 0.031726
3 0.480357 0.571066 0.009286 0.027919
3 0.538929 0.527919 0.007857 0.025381
11 0.474286 0.452411 0.008571 0.026650
3 0.486071 0.451777 0.007857 0.022843
11 0.515000 0.427665 0.007143 0.027919
10 0.539286 0.392766 0.010000 0.059645
3 0.488929 0.383249 0.006429 0.017766
3 0.492143 0.306472 0.007143 0.016497
3 0.483571 0.262056 0.007143 0.016497
11 0.494643 0.215102 0.006429 0.021574
2 0.535714 0.255711 0.010000 0.052030
3 0.494286 0.170051 0.007143 0.017766
2 0.537143 0.153553 0.010000 0.045685
3 0.489643 0.133883 0.006429 0.016497
3 0.497857 0.072335 0.005714 0.012690
3 0.505357 0.012690 0.006429 0.012690
3 0.493214 0.025381 0.006429 0.012690
3 0.485357 0.008249 0.006429 0.013959
7 0.486071 0.187817 0.003571 0.010152
7 0.456786 0.271574 0.002143 0.007614
7 0.475357 0.186548 0.002143 0.010152
7 0.471071 0.182741 0.003571 0.010152
7 0.455357 0.342640 0.003571 0.010152
7 0.451786 0.369924 0.002143 0.011421
7 0.455000 0.400381 0.002857 0.008883
7 0.445714 0.425761 0.001429 0.008883
7 0.426429 0.711929 0.002857 0.012690
7 0.433929 0.717005 0.003571 0.012690
7 0.428929 0.832487 0.003571 0.012690
7 0.417500 0.796954 0.003571 0.010152
7 0.417857 0.786168 0.002857 0.008883
7 0.414643 0.973985 0.003571 0.013959
3 0.819643 0.052030 0.013571 0.010152
3 0.818214 0.046954 0.013571 0.010152
3 0.816071 0.042513 0.012143 0.008883
3 0.814643 0.036168 0.012143 0.008883
3 0.811786 0.031091 0.012143 0.008883
3 0.810714 0.026650 0.012857 0.007614
