3 0.437500 0.816624 0.049286 0.034264
3 0.700714 0.741117 0.055714 0.038071
3 0.925000 0.755711 0.051429 0.044416
3 0.255000 0.824239 0.041429 0.031726
3 0.176429 0.674492 0.051429 0.034264
3 0.375000 0.598350 0.051429 0.031726
3 0.345357 0.660533 0.049286 0.029188
3 0.162857 0.618020 0.051429 0.038071
3 0.298929 0.604061 0.046429 0.035533
3 0.050000 0.692259 0.051429 0.039340
3 0.486429 0.129442 0.052857 0.035533
11 0.477500 0.031726 0.047857 0.038071
11 0.476429 0.081853 0.050000 0.036802
11 0.578571 0.769670 0.052857 0.039340
11 0.099286 0.815990 0.051429 0.035533
11 0.875357 0.705584 0.060714 0.043147
11 0.221071 0.612944 0.052143 0.035533
11 0.081786 0.631345 0.056429 0.039340
2 0.253571 0.682741 0.071429 0.043147
2 0.721429 0.811548 0.140000 0.077411
7 0.499286 0.349619 0.007143 0.013959
7 0.406429 0.538071 0.011429 0.010152
7 0.186429 0.521574 0.011429 0.007614
7 0.560714 0.883883 0.007143 0.013959
7 0.531429 0.892132 0.004286 0.012690
7 0.523571 0.883883 0.008571 0.019036
7 0.502143 0.905457 0.005714 0.013959
7 0.297143 0.911802 0.010000 0.016497
7 0.581786 0.901015 0.007857 0.022843
7 0.545357 0.904822 0.007857 0.012690
7 0.550357 0.916244 0.009286 0.015228
