10 0.311786 0.034762 0.009286 0.012381
11 0.301786 0.029524 0.006429 0.009524
3 0.295357 0.033333 0.005000 0.007619
7 0.328929 0.065714 0.003571 0.011429
3 0.378214 0.114286 0.012143 0.015238
3 0.426429 0.154286 0.017143 0.019048
3 0.310000 0.089048 0.015714 0.010476
3 0.403571 0.037143 0.007143 0.005714
7 0.446071 0.062381 0.002143 0.008571
6 0.491071 0.095238 0.052143 0.047619
6 0.578571 0.138571 0.064286 0.069524
10 0.649286 0.197143 0.035714 0.038095
4 0.696786 0.162857 0.073571 0.041905
4 0.925357 0.292857 0.147857 0.084762
10 0.763214 0.300000 0.037857 0.041905
10 0.515357 0.290000 0.052143 0.092381
0 0.584643 0.587619 0.027857 0.053333
8 0.590714 0.583810 0.012857 0.026667
1 0.573571 0.560476 0.012857 0.021905
0 0.669286 0.855714 0.048571 0.109524
7 0.678929 0.860952 0.013571 0.038095
3 0.855714 0.418095 0.051429 0.045714
3 0.233214 0.304286 0.055000 0.025714
