5 0.556628 0.025974 0.021399 0.038961
5 0.573330 0.012059 0.026618 0.024119
5 0.569415 0.157236 0.025052 0.028757
0 0.574113 0.207328 0.042797 0.075139
5 0.572547 0.262523 0.019833 0.035250
5 0.576200 0.277829 0.025052 0.032468
5 0.579332 0.315399 0.029228 0.025974
9 0.608038 0.259276 0.041754 0.091837
9 0.617171 0.339518 0.027662 0.100186
5 0.597599 0.410946 0.025052 0.033395
9 0.706420 0.446660 0.056889 0.051020
7 0.666493 0.217532 0.013570 0.032468
7 0.676409 0.200371 0.012526 0.037106
9 0.693111 0.201763 0.020877 0.082560
9 0.719468 0.192486 0.019311 0.067718
8 0.693111 0.113173 0.012526 0.016698
8 0.694154 0.103432 0.008351 0.019481
0 0.693633 0.122913 0.024008 0.069573
0 0.694676 0.558442 0.036534 0.092764
5 0.731994 0.535714 0.014092 0.052876
5 0.616649 0.711967 0.021399 0.060297
5 0.602035 0.628942 0.021399 0.051948
5 0.660752 0.674397 0.013570 0.051948
5 0.647704 0.532468 0.011482 0.046382
8 0.647965 0.529685 0.013048 0.020408
8 0.659708 0.673469 0.013570 0.022263
8 0.635438 0.967996 0.015136 0.026902
5 0.633612 0.969388 0.013570 0.057514
3 0.882307 0.529685 0.051670 0.135436
0 0.844729 0.156308 0.037056 0.082560
