7 0.833929 0.890000 0.020714 0.035238
7 0.788929 0.846667 0.026429 0.034286
7 0.888214 0.816667 0.020714 0.029524
7 0.875357 0.808571 0.020714 0.038095
7 0.842500 0.800476 0.013571 0.029524
1 0.480357 0.640476 0.029286 0.023810
8 0.478571 0.635238 0.015714 0.022857
8 0.406786 0.624762 0.013571 0.026667
1 0.407143 0.629524 0.025714 0.024762
8 0.334643 0.603810 0.012143 0.024762
1 0.335357 0.611905 0.027857 0.020000
5 0.330000 0.553333 0.022857 0.022857
8 0.329286 0.546190 0.011429 0.023810
7 0.370357 0.543333 0.015000 0.031429
7 0.375714 0.536190 0.011429 0.028571
7 0.360000 0.492857 0.008571 0.025714
7 0.376429 0.499048 0.011429 0.024762
7 0.390357 0.505238 0.012143 0.023810
7 0.378929 0.486667 0.010714 0.024762
7 0.468571 0.570952 0.008571 0.029524
7 0.474286 0.561429 0.012857 0.027619
1 0.228929 0.550952 0.017857 0.020000
8 0.227143 0.541429 0.011429 0.023810
7 0.247857 0.449048 0.011429 0.021905
7 0.255714 0.440952 0.008571 0.024762
7 0.103929 0.404286 0.012143 0.023810
7 0.108929 0.402381 0.012143 0.021905
7 0.129286 0.390952 0.011429 0.021905
7 0.141071 0.385714 0.012143 0.020952
7 0.095357 0.367143 0.012143 0.025714
7 0.082143 0.368571 0.010000 0.022857
7 0.072143 0.377143 0.011429 0.020952
7 0.049643 0.366190 0.012143 0.025714
7 0.065000 0.358571 0.010000 0.020000
7 0.030714 0.355714 0.011429 0.023810
7 0.021071 0.351429 0.013571 0.024762
7 0.016071 0.353810 0.012143 0.023810
7 0.006786 0.349048 0.012143 0.020000
7 0.111786 0.231905 0.009286 0.018095
7 0.097857 0.232381 0.008571 0.015238
3 0.089643 0.226667 0.037857 0.017143
7 0.917500 0.245714 0.009286 0.017143
7 0.915000 0.243333 0.007143 0.016190
7 0.942857 0.233810 0.008571 0.014286
7 0.950000 0.233810 0.008571 0.016190
7 0.450357 0.210476 0.005000 0.017143
7 0.444286 0.199524 0.005714 0.016190
4 0.494286 0.204286 0.061429 0.033333
