7 0.230714 0.433333 0.007143 0.020952
7 0.467500 0.381905 0.006429 0.026667
7 0.412500 0.309048 0.005000 0.018095
7 0.415714 0.511429 0.012857 0.030476
3 0.505714 0.886190 0.072857 0.178095
3 0.495357 0.551905 0.037857 0.060000
11 0.487857 0.473810 0.030000 0.052381
3 0.483214 0.370952 0.017857 0.023810
3 0.481786 0.351905 0.019286 0.021905
11 0.481071 0.322857 0.013571 0.024762
3 0.492500 0.311905 0.012143 0.020000
3 0.319643 0.454762 0.070714 0.037143
3 0.289286 0.489048 0.075714 0.031429
10 0.488214 0.418571 0.032143 0.067619
3 0.398929 0.303810 0.017857 0.017143
3 0.458214 0.301905 0.016429 0.020952
3 0.389643 0.235238 0.012143 0.009524
3 0.399643 0.234286 0.012143 0.009524
3 0.409286 0.234286 0.011429 0.009524
3 0.407500 0.241429 0.009286 0.010476
3 0.422143 0.234762 0.010000 0.010476
3 0.431786 0.233810 0.010714 0.012381
3 0.442143 0.233333 0.007143 0.011429
7 0.587500 0.203810 0.002143 0.007619
2 0.581071 0.194762 0.017857 0.008571
7 0.563214 0.231429 0.002143 0.007619
7 0.566071 0.228571 0.003571 0.009524
7 0.568571 0.227619 0.002857 0.011429
