3 0.511071 0.797143 0.109286 0.118095
3 0.712500 0.850476 0.142143 0.137143
3 0.885357 0.951429 0.165000 0.095238
3 0.646071 0.736190 0.110714 0.089524
3 0.616071 0.678095 0.099286 0.076190
3 0.577857 0.610000 0.090000 0.063810
3 0.572143 0.394762 0.067143 0.040952
3 0.544286 0.329048 0.050000 0.044762
10 0.202143 0.367619 0.128571 0.099048
10 0.468571 0.081429 0.027143 0.020000
11 0.422143 0.292857 0.040000 0.042857
11 0.586786 0.164286 0.027857 0.029524
3 0.333214 0.377143 0.053571 0.041905
3 0.462500 0.300952 0.049286 0.041905
3 0.483571 0.242381 0.038571 0.029524
3 0.608214 0.217619 0.035000 0.029524
3 0.617143 0.237619 0.034286 0.023810
3 0.809286 0.116190 0.018571 0.019048
3 0.816786 0.080476 0.013571 0.014286
3 0.295000 0.301429 0.052857 0.035238
3 0.458571 0.225238 0.037143 0.025714
3 0.415357 0.241905 0.035000 0.024762
3 0.373571 0.220476 0.044286 0.025714
3 0.432143 0.194762 0.035714 0.025714
3 0.488571 0.168095 0.035714 0.025714
3 0.513571 0.158571 0.035714 0.020000
3 0.530714 0.188571 0.028571 0.024762
3 0.558571 0.176667 0.027143 0.023810
3 0.656786 0.129048 0.025000 0.023810
3 0.671786 0.124286 0.017857 0.018095
3 0.603571 0.108571 0.017143 0.013333
3 0.617500 0.109048 0.020714 0.014286
3 0.632143 0.111429 0.018571 0.015238
3 0.693929 0.114762 0.019286 0.014286
3 0.711071 0.105714 0.017857 0.015238
3 0.726429 0.097619 0.015714 0.014286
3 0.740000 0.090476 0.015714 0.015238
3 0.752143 0.086190 0.012857 0.014286
3 0.784643 0.072381 0.013571 0.015238
3 0.771786 0.075238 0.012143 0.013333
3 0.791429 0.064286 0.015714 0.018095
3 0.804286 0.060476 0.012857 0.016190
3 0.815714 0.058095 0.012857 0.015238
3 0.820000 0.053810 0.015714 0.014286
3 0.827500 0.052381 0.016429 0.015238
3 0.832143 0.049048 0.015714 0.014286
3 0.856071 0.050000 0.010714 0.008571
4 0.911786 0.017143 0.042143 0.017143
4 0.866429 0.032381 0.018571 0.017143
3 0.797500 0.040952 0.015000 0.011429
8 0.725000 0.113333 0.004286 0.009524
5 0.723929 0.118571 0.007857 0.010476
