4 0.563214 0.189524 0.015000 0.020952
4 0.558571 0.140476 0.034286 0.042857
10 0.534286 0.660000 0.064286 0.041905
10 0.526071 0.606190 0.057857 0.029524
10 0.561429 0.401429 0.015714 0.050476
11 0.608214 0.310952 0.020714 0.016190
11 0.584643 0.313810 0.016429 0.010476
11 0.664286 0.356190 0.011429 0.015238
11 0.609643 0.451429 0.026429 0.024762
10 0.608929 0.461905 0.032143 0.032381
3 0.607143 0.512857 0.014286 0.031429
3 0.603214 0.484762 0.012143 0.026667
3 0.612143 0.396667 0.022857 0.012381
3 0.678571 0.444286 0.027143 0.016190
3 0.399643 0.501905 0.019286 0.026667
3 0.416429 0.470476 0.018571 0.022857
6 0.474286 0.654762 0.042857 0.042857
2 0.440714 0.422381 0.025714 0.042857
3 0.613929 0.433810 0.029286 0.018095
3 0.613214 0.411429 0.023571 0.017143
3 0.578929 0.352381 0.007857 0.011429
6 0.583214 0.426667 0.019286 0.019048
6 0.581071 0.417143 0.019286 0.017143
6 0.587500 0.403333 0.017857 0.020000
6 0.586786 0.388571 0.020714 0.020952
3 0.654643 0.304762 0.016429 0.011429
11 0.568571 0.340952 0.005714 0.013333
11 0.654643 0.299048 0.017857 0.009524
3 0.580357 0.342381 0.007857 0.010476
4 0.522143 0.287619 0.008571 0.024762
4 0.565714 0.219524 0.007143 0.018095
3 0.558214 0.258095 0.012143 0.005714
3 0.576786 0.233810 0.005000 0.006667
3 0.577143 0.246190 0.005714 0.006667
6 0.494286 0.242857 0.011429 0.011429
6 0.565714 0.911905 0.017143 0.052381
7 0.167500 0.445714 0.009286 0.020952
7 0.233571 0.462381 0.005714 0.020000
7 0.213571 0.466667 0.011429 0.015238
7 0.240357 0.464286 0.003571 0.021905
7 0.273571 0.429524 0.004286 0.020952
7 0.210357 0.444762 0.006429 0.017143
7 0.196429 0.472381 0.005714 0.017143
7 0.198214 0.446190 0.006429 0.016190
7 0.184286 0.448571 0.007143 0.017143
7 0.194286 0.431905 0.005714 0.016190
7 0.190714 0.466190 0.004286 0.016190
7 0.198571 0.466190 0.007143 0.016190
7 0.256786 0.454762 0.005000 0.016190
3 0.082143 0.458571 0.035714 0.014286
3 0.086786 0.446190 0.035000 0.012381
2 0.022857 0.464762 0.045714 0.034286
10 0.034286 0.452381 0.047143 0.019048
7 0.342857 0.347619 0.002857 0.017143
6 0.343929 0.459048 0.046429 0.093333
4 0.147500 0.453333 0.010714 0.011429
