4 0.761429 0.705238 0.027143 0.031429
7 0.918929 0.753810 0.016429 0.010476
7 0.917857 0.800000 0.018571 0.009524
7 0.940714 0.785238 0.020000 0.010476
7 0.523929 0.322381 0.005000 0.010476
7 0.532500 0.354762 0.006429 0.016190
7 0.520714 0.398571 0.010000 0.008571
7 0.485714 0.385714 0.007143 0.013333
7 0.502500 0.352381 0.006429 0.015238
7 0.495357 0.319048 0.006429 0.011429
7 0.487143 0.347619 0.007143 0.011429
7 0.460714 0.427619 0.007143 0.013333
7 0.400357 0.385714 0.006429 0.009524
8 0.402857 0.400000 0.010000 0.013333
7 0.215357 0.682857 0.012143 0.007619
7 0.241786 0.693810 0.012143 0.008571
7 0.203929 0.651905 0.012143 0.006667
7 0.400714 0.166667 0.007143 0.017143
7 0.927143 0.258095 0.010000 0.019048
7 0.953571 0.249524 0.011429 0.007619
7 0.702500 0.251905 0.012143 0.014286
7 0.151071 0.215714 0.010714 0.016190
