3 0.564643 0.961429 0.055000 0.075238
3 0.768214 0.864762 0.126429 0.080000
3 0.331429 0.500000 0.054286 0.146667
3 0.348214 0.354286 0.047857 0.120000
3 0.360000 0.204762 0.045714 0.121905
3 0.549286 0.194762 0.040000 0.109524
3 0.727857 0.321905 0.098571 0.064762
3 0.542857 0.066190 0.040000 0.096190
11 0.459643 0.304762 0.045000 0.148571
11 0.729643 0.391429 0.106429 0.066667
3 0.732857 0.545714 0.117143 0.072381
8 0.401786 0.186190 0.016429 0.033333
5 0.401071 0.193810 0.015000 0.050476
8 0.391786 0.664762 0.017857 0.028571
8 0.394643 0.649048 0.015000 0.025714
5 0.392500 0.663333 0.019286 0.052381
8 0.376786 0.884762 0.019286 0.030476
5 0.377500 0.880476 0.020714 0.058095
7 0.615714 0.473810 0.017143 0.029524
7 0.665357 0.491905 0.016429 0.037143
1 0.552857 0.461905 0.024286 0.043810
8 0.555714 0.457619 0.017143 0.027619
6 0.667143 0.469524 0.011429 0.017143
7 0.664643 0.237619 0.013571 0.037143
5 0.721071 0.233333 0.036429 0.032381
1 0.759643 0.220000 0.016429 0.040000
5 0.731071 0.024286 0.040714 0.035238
5 0.800000 0.624286 0.021429 0.058095
5 0.798214 0.785714 0.049286 0.024762
