7 0.097077 0.493970 0.014614 0.030612
7 0.069676 0.610390 0.016180 0.035250
7 0.125261 0.683673 0.016701 0.033395
5 0.069154 0.633117 0.034969 0.023191
5 0.139614 0.639147 0.027662 0.029685
3 0.271138 0.589981 0.043319 0.107607
5 0.042015 0.844620 0.045407 0.043599
8 0.041754 0.839518 0.021921 0.031540
8 0.328549 0.770872 0.013048 0.025974
9 0.327505 0.777365 0.039144 0.038961
0 0.281315 0.708720 0.042797 0.061224
9 0.328288 0.682746 0.063674 0.066790
9 0.373695 0.672078 0.024008 0.071429
0 0.413622 0.703154 0.040188 0.057514
0 0.472599 0.748609 0.052714 0.053803
0 0.476253 0.687848 0.045407 0.054731
5 0.506524 0.785714 0.027662 0.031540
8 0.505480 0.779685 0.012004 0.034323
8 0.515397 0.784323 0.008873 0.032468
3 0.090553 0.938776 0.103862 0.083488
3 0.749739 0.957328 0.092380 0.081633
0 0.966858 0.850649 0.064196 0.064935
0 0.825939 0.816327 0.102818 0.098330
7 0.790710 0.731911 0.015658 0.035250
7 0.658925 0.735622 0.009916 0.033395
1 0.649791 0.732375 0.028184 0.041744
0 0.623173 0.747681 0.037578 0.100186
8 0.549061 0.679499 0.013570 0.030612
8 0.539666 0.574675 0.008351 0.021336
7 0.506263 0.593692 0.009395 0.025974
8 0.483299 0.595547 0.008351 0.024119
7 0.539927 0.549629 0.007829 0.030612
7 0.532881 0.547310 0.009395 0.029685
9 0.569676 0.638219 0.030793 0.055659
9 0.562370 0.665121 0.026618 0.064935
9 0.554280 0.585343 0.016701 0.051948
9 0.519572 0.572820 0.014092 0.056586
9 0.546190 0.347866 0.017223 0.050093
5 0.556889 0.382653 0.013570 0.039889
5 0.497912 0.464750 0.017745 0.022263
0 0.527401 0.176716 0.021399 0.051020
0 0.542537 0.037570 0.010960 0.038033
0 0.528184 0.017625 0.011482 0.035250
8 0.501566 0.019481 0.007307 0.012987
7 0.519311 0.072820 0.005219 0.017625
9 0.509134 0.039889 0.006785 0.020408
9 0.604384 0.044991 0.017745 0.041744
9 0.592641 0.063080 0.014092 0.042672
1 0.648225 0.280612 0.019833 0.026902
1 0.670929 0.267625 0.017223 0.032468
1 0.724687 0.552412 0.018267 0.039889
7 0.693372 0.495826 0.012004 0.032468
