10 0.186429 0.349524 0.067143 0.078095
10 0.252500 0.347143 0.046429 0.060000
6 0.124643 0.367619 0.047857 0.041905
6 0.283571 0.323810 0.042857 0.057143
6 0.317857 0.272381 0.015714 0.015238
6 0.430714 0.268571 0.011429 0.013333
3 0.486429 0.639524 0.042857 0.063810
3 0.575000 0.679524 0.048571 0.109524
3 0.568571 0.582381 0.035714 0.056190
3 0.609643 0.830000 0.055000 0.132381
3 0.646071 0.726667 0.069286 0.120000
10 0.694643 0.628571 0.100714 0.150476
3 0.864643 0.730476 0.083571 0.068571
3 0.912857 0.812857 0.082857 0.096190
3 0.850000 0.678095 0.072857 0.057143
3 0.793929 0.586190 0.046429 0.048571
3 0.765714 0.539048 0.042857 0.051429
3 0.734643 0.505714 0.033571 0.032381
3 0.762143 0.474762 0.031429 0.029524
3 0.677143 0.417619 0.021429 0.020000
3 0.669643 0.404286 0.019286 0.020000
3 0.629286 0.341905 0.012857 0.013333
4 0.568214 0.257143 0.010714 0.022857
4 0.582500 0.272381 0.010714 0.011429
3 0.552143 0.263333 0.007143 0.008571
11 0.562857 0.287619 0.007143 0.011429
3 0.585714 0.308571 0.008571 0.011429
3 0.586429 0.391905 0.017143 0.021905
3 0.631786 0.348571 0.010714 0.011429
4 0.610714 0.315238 0.011429 0.013333
4 0.603571 0.298571 0.011429 0.012381
4 0.586786 0.285238 0.017857 0.008571
3 0.682143 0.374762 0.012857 0.018095
11 0.647143 0.368571 0.017143 0.020952
3 0.686071 0.434762 0.020714 0.021905
3 0.692500 0.475714 0.027857 0.025714
3 0.718929 0.475238 0.026429 0.024762
3 0.764286 0.442857 0.028571 0.026667
3 0.747143 0.426190 0.020000 0.021905
3 0.888214 0.571905 0.050714 0.052381
7 0.935000 0.548095 0.012857 0.035238
7 0.696429 0.494286 0.008571 0.026667
7 0.658929 0.486667 0.009286 0.022857
7 0.656071 0.495238 0.009286 0.022857
7 0.700000 0.540952 0.008571 0.030476
7 0.688929 0.540952 0.009286 0.032381
7 0.676786 0.530476 0.009286 0.028571
7 0.642857 0.506667 0.008571 0.028571
7 0.640000 0.486667 0.007143 0.020952
7 0.649643 0.472381 0.005000 0.026667
7 0.665357 0.468095 0.006429 0.023810
7 0.670714 0.479048 0.008571 0.022857
7 0.688214 0.500476 0.007857 0.027619
3 0.698214 0.922857 0.099286 0.152381
