3 0.371786 0.459524 0.002143 0.002857
3 0.378571 0.457143 0.002857 0.001905
3 0.379643 0.464286 0.002143 0.002857
3 0.372857 0.469048 0.001429 0.002857
3 0.372500 0.475238 0.002143 0.003810
3 0.372500 0.490952 0.002143 0.002857
3 0.372857 0.496190 0.001429 0.003810
3 0.376071 0.500476 0.002143 0.002857
3 0.373571 0.510000 0.002857 0.004762
3 0.381429 0.475714 0.002857 0.004762
3 0.383929 0.467619 0.002143 0.003810
3 0.386071 0.474286 0.002143 0.001905
3 0.383929 0.485238 0.002143 0.000952
3 0.383571 0.489524 0.002857 0.001905
3 0.385000 0.495238 0.002857 0.003810
3 0.388214 0.489524 0.002143 0.001905
2 0.384286 0.573810 0.004286 0.008571
3 0.379643 0.579524 0.002143 0.004762
3 0.380714 0.603810 0.004286 0.009524
3 0.380357 0.623333 0.005000 0.010476
3 0.398571 0.566190 0.004286 0.006667
0 0.416786 0.580000 0.005000 0.007619
3 0.388571 0.591429 0.002857 0.007619
3 0.378214 0.650000 0.006429 0.014286
3 0.378214 0.670476 0.006429 0.013333
3 0.357143 0.733333 0.012857 0.017143
3 0.375714 0.724286 0.007143 0.016190
3 0.396071 0.732381 0.007857 0.019048
3 0.376429 0.786667 0.008571 0.020952
3 0.387857 0.787619 0.008571 0.020952
3 0.402500 0.804762 0.010714 0.026667
3 0.407857 0.842381 0.011429 0.029524
3 0.410357 0.888095 0.012143 0.031429
3 0.415000 0.925238 0.011429 0.035238
3 0.398929 0.941905 0.012143 0.034286
3 0.384286 0.937143 0.011429 0.034286
3 0.423214 0.982381 0.016429 0.031429
3 0.311786 0.804286 0.013571 0.020000
10 0.273214 0.830952 0.043571 0.056190
10 0.256786 0.850476 0.045000 0.060952
10 0.257857 0.837619 0.037143 0.042857
11 0.318571 0.891905 0.010000 0.025714
3 0.292500 0.947619 0.009286 0.026667
10 0.270000 0.921429 0.020000 0.031429
3 0.465714 0.819524 0.014286 0.025714
0 0.980714 0.395238 0.030000 0.019048
3 0.944643 0.462857 0.042143 0.020952
3 0.912143 0.459048 0.017143 0.036190
11 0.890000 0.459048 0.018571 0.038095
3 0.854643 0.468571 0.016429 0.036190
3 0.834643 0.469048 0.016429 0.031429
3 0.816429 0.476190 0.014286 0.032381
3 0.796429 0.483810 0.017143 0.030476
3 0.776429 0.494286 0.017143 0.030476
3 0.745000 0.517143 0.020000 0.030476
3 0.715714 0.545714 0.017143 0.024762
3 0.760000 0.444286 0.018571 0.023810
3 0.718214 0.483333 0.019286 0.018095
3 0.702500 0.474286 0.013571 0.022857
3 0.702500 0.507143 0.019286 0.025714
3 0.683929 0.500476 0.019286 0.027619
7 0.601071 0.501905 0.005000 0.005714
0 0.655714 0.496667 0.011429 0.014286
3 0.648929 0.494286 0.015000 0.022857
3 0.642143 0.491905 0.014286 0.020000
3 0.633571 0.491905 0.014286 0.020000
3 0.627857 0.486190 0.017143 0.021905
3 0.622500 0.483333 0.015000 0.020000
3 0.618214 0.480476 0.015000 0.020000
3 0.612500 0.480952 0.015000 0.019048
3 0.606786 0.479048 0.015000 0.019048
3 0.600357 0.472381 0.013571 0.019048
3 0.595357 0.472857 0.013571 0.018095
3 0.572500 0.432381 0.007857 0.007619
3 0.580357 0.434762 0.009286 0.008571
10 0.591429 0.469524 0.015714 0.022857
3 0.587857 0.469048 0.010000 0.016190
10 0.635714 0.445238 0.020000 0.014286
3 0.702857 0.376667 0.008571 0.021905
3 0.697857 0.374762 0.010000 0.020000
3 0.690357 0.380000 0.010714 0.015238
3 0.683929 0.382381 0.012143 0.018095
10 0.678571 0.370000 0.017143 0.018095
3 0.641429 0.411429 0.011429 0.013333
3 0.645357 0.412381 0.012143 0.019048
3 0.638571 0.408095 0.014286 0.016190
3 0.633214 0.410000 0.012143 0.016190
11 0.623571 0.408571 0.010000 0.017143
3 0.621429 0.392857 0.011429 0.010476
3 0.608214 0.395714 0.010714 0.006667
3 0.581071 0.387143 0.007857 0.008571
3 0.557500 0.396190 0.007857 0.013333
3 0.560357 0.451905 0.007857 0.010476
3 0.553929 0.395238 0.007857 0.013333
3 0.552500 0.393810 0.007857 0.012381
3 0.567500 0.373810 0.005000 0.010476
3 0.565357 0.374762 0.007857 0.012381
3 0.561786 0.374762 0.006429 0.012381
3 0.518214 0.365714 0.005000 0.007619
3 0.515000 0.367143 0.004286 0.008571
3 0.505357 0.370476 0.006429 0.007619
3 0.503214 0.371905 0.005000 0.008571
3 0.500000 0.374286 0.007143 0.005714
3 0.495357 0.375238 0.005000 0.007619
3 0.493214 0.365238 0.003571 0.006667
3 0.480000 0.371905 0.002857 0.006667
3 0.473929 0.375238 0.003571 0.003810
