3 0.351429 0.920476 0.060000 0.157143
3 0.364286 0.773810 0.047143 0.124762
3 0.372143 0.633810 0.042857 0.111429
3 0.386786 0.530952 0.037857 0.079048
3 0.433929 0.388571 0.030714 0.068571
3 0.394643 0.375714 0.029286 0.060000
3 0.447500 0.206190 0.022143 0.042857
3 0.411071 0.208095 0.022143 0.039048
3 0.422857 0.095714 0.018571 0.033333
3 0.427857 0.052857 0.015714 0.027619
3 0.428214 0.030952 0.015000 0.020000
3 0.494286 0.027143 0.015714 0.025714
3 0.496071 0.075714 0.017857 0.031429
3 0.500357 0.136190 0.019286 0.036190
3 0.418214 0.143810 0.019286 0.034286
3 0.416786 0.174762 0.020714 0.039048
11 0.503929 0.190000 0.023571 0.039048
11 0.391429 0.437619 0.030000 0.077143
11 0.526786 0.491905 0.039286 0.103810
3 0.579286 0.564286 0.038571 0.082857
3 0.556071 0.894762 0.046429 0.147619
3 0.534643 0.584762 0.036429 0.080000
7 0.643571 0.717143 0.017143 0.036190
11 0.501786 0.609048 0.036429 0.084762
3 0.531429 0.077143 0.018571 0.036190
3 0.563929 0.272857 0.053571 0.031429
3 0.595357 0.317143 0.063571 0.038095
3 0.524643 0.058095 0.015000 0.028571
3 0.590714 0.350952 0.060000 0.048571
3 0.620000 0.390476 0.052857 0.040000
7 0.612143 0.426667 0.011429 0.030476
7 0.735000 0.558571 0.014286 0.029524
7 0.668929 0.355238 0.010714 0.026667
7 0.602500 0.177143 0.009286 0.024762
7 0.559643 0.126667 0.007857 0.022857
7 0.553214 0.134762 0.007857 0.023810
7 0.542143 0.209524 0.008571 0.024762
8 0.476786 0.073333 0.006429 0.017143
5 0.476429 0.077143 0.005714 0.019048
7 0.549643 0.076190 0.006429 0.022857
7 0.541786 0.020000 0.006429 0.017143
7 0.530714 0.032857 0.004286 0.020000
7 0.535357 0.032381 0.005000 0.020952
7 0.619286 0.164286 0.005714 0.023810
7 0.517143 0.181429 0.005714 0.025714
7 0.531429 0.190476 0.005714 0.026667
5 0.587500 0.139524 0.016429 0.025714
5 0.618571 0.250476 0.005714 0.026667
5 0.636429 0.254762 0.010000 0.029524
6 0.537143 0.242857 0.021429 0.024762
5 0.560357 0.030000 0.015000 0.016190
5 0.590000 0.056190 0.014286 0.013333
8 0.571429 0.050476 0.007143 0.015238
8 0.526786 0.174762 0.003571 0.020000
5 0.525714 0.176667 0.015714 0.012381
8 0.530714 0.173810 0.004286 0.014286
9 0.614286 0.226667 0.010000 0.020952
5 0.600000 0.195238 0.021429 0.017143
5 0.602143 0.201905 0.020000 0.015238
5 0.686429 0.476190 0.025714 0.020952
5 0.683214 0.461429 0.027857 0.020000
5 0.670714 0.376667 0.021429 0.021905
9 0.632857 0.362381 0.028571 0.025714
9 0.568929 0.061429 0.015000 0.018095
7 0.949643 0.657143 0.020714 0.030476
7 0.931786 0.595238 0.017857 0.032381
3 0.094643 0.425238 0.075000 0.065714
7 0.155357 0.354286 0.015000 0.030476
3 0.037500 0.683810 0.073571 0.121905
