10 0.312857 0.130711 0.022857 0.015228
3 0.252857 0.061548 0.008571 0.011421
7 0.340714 0.178934 0.001429 0.005076
7 0.335000 0.173223 0.001429 0.006345
7 0.247500 0.874365 0.003571 0.012690
7 0.254643 0.845812 0.002143 0.011421
7 0.263929 0.795685 0.002143 0.010152
7 0.260000 0.796320 0.004286 0.008883
3 0.180000 0.977157 0.018571 0.038071
2 0.328571 0.692259 0.015714 0.052030
3 0.387500 0.800127 0.010714 0.036802
3 0.373571 0.788706 0.011429 0.041878
3 0.400714 0.614213 0.008571 0.030457
7 0.513571 0.659898 0.002857 0.007614
7 0.504286 0.794416 0.002857 0.010152
2 0.417143 0.598350 0.012857 0.052030
3 0.412143 0.482234 0.008571 0.027919
3 0.429286 0.440355 0.007143 0.022843
3 0.333929 0.473350 0.009286 0.025381
3 0.327500 0.597081 0.010714 0.029188
3 0.367500 0.420685 0.009286 0.021574
3 0.370000 0.359137 0.007143 0.017766
11 0.359643 0.508249 0.010714 0.024112
11 0.352857 0.564086 0.011429 0.029188
10 0.383571 0.346447 0.008571 0.025381
3 0.376071 0.395939 0.007857 0.025381
3 0.943214 0.422589 0.025000 0.015228
10 0.869643 0.351523 0.047857 0.035533
11 0.488571 0.313452 0.018571 0.017766
3 0.480357 0.283629 0.017857 0.016497
10 0.407500 0.305203 0.035000 0.031726
3 0.404286 0.216371 0.007143 0.013959
3 0.421786 0.150381 0.010714 0.013959
2 0.392857 0.196701 0.011429 0.048223
10 0.406786 0.175761 0.010714 0.036802
10 0.987500 0.136421 0.023571 0.016497
2 0.946071 0.101523 0.037857 0.027919
11 0.934643 0.145939 0.016429 0.010152
2 0.852143 0.107868 0.037143 0.020305
11 0.861429 0.146574 0.014286 0.011421
11 0.876786 0.132614 0.016429 0.011421
3 0.885714 0.146574 0.014286 0.008883
7 0.867143 0.090102 0.002857 0.010152
7 0.751071 0.094543 0.002143 0.006345
7 0.808571 0.093274 0.002857 0.008883
7 0.820000 0.093909 0.002857 0.007614
7 0.820714 0.090736 0.001429 0.006345
7 0.855000 0.093909 0.001429 0.007614
3 0.816429 0.147208 0.012857 0.007614
3 0.778214 0.117386 0.013571 0.008883
3 0.797500 0.140863 0.013571 0.012690
10 0.767143 0.145305 0.022857 0.019036
10 0.767500 0.134518 0.049286 0.027919
10 0.738929 0.107868 0.020714 0.017766
3 0.728214 0.119924 0.012143 0.011421
11 0.717857 0.151015 0.014286 0.012690
10 0.704286 0.138959 0.027143 0.021574
10 0.692143 0.116117 0.027143 0.021574
10 0.671071 0.150381 0.025000 0.021574
11 0.679643 0.137056 0.013571 0.015228
3 0.658571 0.146574 0.014286 0.013959
11 0.661429 0.137690 0.012857 0.013959
11 0.664286 0.128807 0.011429 0.011421
3 0.635000 0.154188 0.012857 0.011421
3 0.618929 0.147843 0.013571 0.008883
3 0.638214 0.147208 0.015000 0.010152
3 0.641429 0.138325 0.014286 0.012690
3 0.616786 0.138325 0.013571 0.012690
3 0.600357 0.159898 0.015000 0.015228
3 0.598571 0.148477 0.014286 0.010152
5 0.651071 0.123096 0.006429 0.007614
8 0.650714 0.121827 0.002857 0.010152
2 0.603214 0.112944 0.035000 0.025381
10 0.553929 0.119924 0.029286 0.021574
11 0.557857 0.112944 0.020000 0.012690
11 0.578214 0.147843 0.013571 0.013959
3 0.593929 0.142132 0.013571 0.010152
3 0.572857 0.142766 0.011429 0.008883
11 0.567143 0.163706 0.015714 0.015228
3 0.551786 0.143401 0.012143 0.010152
11 0.557500 0.149112 0.013571 0.011421
11 0.538214 0.150381 0.013571 0.013959
2 0.521429 0.139594 0.032857 0.022843
10 0.506429 0.158629 0.031429 0.020305
3 0.492857 0.128173 0.015714 0.012690
3 0.443214 0.126269 0.012143 0.011421
11 0.445000 0.093909 0.004286 0.015228
11 0.445714 0.080584 0.004286 0.016497
2 0.446429 0.061548 0.005714 0.021574
3 0.447857 0.044416 0.004286 0.012690
3 0.434286 0.011421 0.004286 0.015228
3 0.430000 0.088198 0.005714 0.011421
3 0.436786 0.090736 0.005000 0.013959
2 0.387857 0.060914 0.010000 0.038071
3 0.369286 0.024112 0.011429 0.007614
3 0.370714 0.017132 0.011429 0.006345
11 0.370714 0.005711 0.011429 0.006345
