7 0.515750 0.963667 0.006500 0.027333
7 0.496250 0.876667 0.004500 0.022667
8 0.502000 0.876000 0.007000 0.017333
1 0.498000 0.835667 0.006000 0.020667
3 0.578500 0.875000 0.036000 0.067333
3 0.568750 0.791333 0.020500 0.056000
3 0.549750 0.727000 0.040500 0.034000
3 0.565000 0.600000 0.032000 0.024000
3 0.575750 0.589333 0.028500 0.018667
11 0.586750 0.574667 0.026500 0.025333
3 0.588500 0.559667 0.027000 0.019333
11 0.588000 0.543333 0.024000 0.018667
3 0.589000 0.532333 0.025000 0.019333
3 0.590750 0.522333 0.025500 0.016667
3 0.591250 0.510333 0.025500 0.016667
3 0.593000 0.498667 0.025000 0.016000
3 0.593750 0.485000 0.021500 0.016667
3 0.593750 0.475667 0.019500 0.012667
3 0.595250 0.468000 0.023500 0.013333
3 0.594500 0.459667 0.022000 0.011333
3 0.599750 0.452667 0.020500 0.012000
3 0.596000 0.443667 0.020000 0.011333
3 0.598000 0.435000 0.020000 0.011333
3 0.597250 0.425333 0.019500 0.010667
3 0.596000 0.412667 0.009000 0.013333
3 0.601000 0.396333 0.016000 0.011333
5 0.491000 0.389333 0.007000 0.005333
5 0.492500 0.385333 0.007000 0.008000
4 0.561750 0.234333 0.009500 0.012667
3 0.605250 0.319333 0.006500 0.006667
11 0.604500 0.334333 0.012000 0.010000
3 0.642250 0.334000 0.006500 0.008000
11 0.640500 0.353000 0.011000 0.011333
3 0.642750 0.363667 0.007500 0.010000
3 0.602750 0.347000 0.006500 0.011333
3 0.646000 0.410000 0.008000 0.012000
3 0.644750 0.398333 0.014500 0.010000
3 0.642000 0.389667 0.013000 0.010000
3 0.641250 0.382000 0.014500 0.009333
3 0.647250 0.439333 0.015500 0.013333
3 0.649750 0.457333 0.017500 0.014667
3 0.650250 0.471000 0.014500 0.015333
3 0.656000 0.492333 0.011000 0.016667
3 0.651250 0.520000 0.024500 0.018667
3 0.653000 0.539333 0.026000 0.017333
3 0.659000 0.555333 0.023000 0.018667
3 0.643250 0.586333 0.015500 0.026000
3 0.674500 0.582000 0.030000 0.021333
3 0.677000 0.599000 0.036000 0.018000
11 0.675500 0.615000 0.033000 0.026000
10 0.696750 0.625000 0.042500 0.031333
3 0.703250 0.653333 0.036500 0.024000
3 0.697750 0.684000 0.039500 0.024000
3 0.711250 0.705667 0.041500 0.024667
3 0.707500 0.732000 0.039000 0.024000
3 0.705250 0.756333 0.043500 0.030000
3 0.718500 0.791000 0.043000 0.028667
3 0.717250 0.821667 0.040500 0.034000
3 0.714750 0.861667 0.031500 0.046000
10 0.685750 0.896000 0.059500 0.069333
3 0.677500 0.967667 0.047000 0.062000
5 0.231250 0.941667 0.015500 0.031333
1 0.271250 0.754000 0.007500 0.018667
5 0.279000 0.749000 0.008000 0.020667
5 0.307500 0.724667 0.012000 0.010667
3 0.118500 0.710333 0.042000 0.046000
3 0.144000 0.713000 0.045000 0.052667
3 0.188500 0.659000 0.036000 0.019333
3 0.120250 0.548000 0.030500 0.017333
3 0.116250 0.513333 0.026500 0.021333
3 0.138250 0.491667 0.025500 0.022000
3 0.170000 0.467000 0.021000 0.020667
3 0.189500 0.452667 0.019000 0.017333
11 0.207500 0.436333 0.016000 0.018000
3 0.211500 0.428333 0.019000 0.011333
3 0.213750 0.421667 0.016500 0.010000
3 0.217750 0.417000 0.017500 0.010000
3 0.180000 0.522667 0.015000 0.022667
11 0.209750 0.488667 0.021500 0.017333
3 0.229750 0.472333 0.018500 0.015333
3 0.211250 0.560000 0.024500 0.020000
5 0.282000 0.515000 0.007000 0.012667
5 0.182250 0.601333 0.004500 0.010667
8 0.182000 0.597667 0.004000 0.010000
7 0.204750 0.621667 0.006500 0.014000
7 0.211000 0.625333 0.007000 0.016000
7 0.212000 0.619667 0.006000 0.015333
7 0.232750 0.627667 0.004500 0.014000
7 0.226500 0.622667 0.007000 0.014667
7 0.226250 0.619000 0.004500 0.015333
9 0.051000 0.355667 0.009000 0.004667
8 0.048500 0.353333 0.003000 0.006667
5 0.372250 0.648333 0.013500 0.011333
8 0.371500 0.644000 0.005000 0.012000
5 0.337250 0.640000 0.013500 0.009333
8 0.337500 0.637333 0.006000 0.013333
5 0.264250 0.658000 0.012500 0.012000
5 0.268000 0.648000 0.013000 0.012000
