3 0.750000 0.573810 0.070000 0.065714
3 0.605357 0.497619 0.063571 0.052381
3 0.452500 0.463810 0.045000 0.041905
3 0.401071 0.432857 0.036429 0.037143
3 0.456429 0.418095 0.040000 0.036190
3 0.867143 0.414286 0.024286 0.041905
3 0.238214 0.257619 0.022143 0.021905
3 0.276429 0.311905 0.027143 0.020000
3 0.118929 0.180476 0.013571 0.012381
3 0.108571 0.158571 0.010000 0.014286
3 0.115714 0.136190 0.011429 0.011429
3 0.110714 0.107619 0.010000 0.011429
3 0.127500 0.096190 0.010714 0.009524
3 0.122500 0.076190 0.009286 0.011429
3 0.096429 0.086667 0.008571 0.013333
3 0.085714 0.084286 0.010000 0.010476
3 0.095000 0.063333 0.010000 0.014286
2 0.279286 0.341429 0.054286 0.060000
3 0.078214 0.054762 0.009286 0.006667
3 0.086429 0.043810 0.010000 0.005714
4 0.115714 0.039524 0.025714 0.027619
4 0.135714 0.014762 0.012857 0.023810
2 0.907500 0.390000 0.043571 0.098095
3 0.974643 0.344762 0.017857 0.034286
3 0.948571 0.206667 0.011429 0.015238
3 0.947857 0.167619 0.012857 0.013333
3 0.949286 0.147619 0.010000 0.015238
3 0.932143 0.142857 0.010000 0.015238
3 0.885357 0.130952 0.015000 0.016190
3 0.908929 0.115714 0.012143 0.014286
3 0.928571 0.083333 0.012857 0.010476
3 0.966786 0.065714 0.009286 0.011429
3 0.945000 0.065238 0.011429 0.010476
3 0.930357 0.060952 0.010714 0.011429
4 0.958571 0.029048 0.031429 0.042857
3 0.962143 0.722381 0.074286 0.080952
5 0.770714 0.406667 0.007143 0.015238
5 0.789286 0.399524 0.005714 0.014286
5 0.801429 0.400000 0.005714 0.015238
5 0.775357 0.388571 0.010714 0.009524
8 0.770000 0.401429 0.005714 0.018095
8 0.779643 0.384762 0.006429 0.020952
8 0.790714 0.390476 0.005714 0.015238
8 0.802143 0.391905 0.005714 0.014286
3 0.531786 0.789048 0.062143 0.122857
