3 0.650000 0.710000 0.079000 0.133333
3 0.576500 0.531000 0.061000 0.086000
3 0.479250 0.403333 0.036500 0.064000
3 0.464250 0.263000 0.039500 0.050000
3 0.421250 0.170667 0.032500 0.038667
3 0.399500 0.127333 0.031000 0.036000
3 0.386000 0.089333 0.025000 0.030667
3 0.380000 0.063667 0.023000 0.024667
7 0.621500 0.631000 0.018000 0.047333
7 0.604000 0.632333 0.018000 0.047333
8 0.624000 0.624667 0.008000 0.026667
5 0.556500 0.474000 0.037000 0.033333
5 0.558250 0.465000 0.028500 0.027333
5 0.535750 0.427333 0.029500 0.030667
5 0.525500 0.403000 0.031000 0.026000
5 0.525500 0.383000 0.028000 0.024667
5 0.511750 0.362000 0.029500 0.025333
8 0.538000 0.420667 0.014000 0.028000
8 0.449250 0.398000 0.011500 0.029333
5 0.448500 0.403333 0.019000 0.033333
7 0.565750 0.379667 0.010500 0.036667
8 0.363250 0.145333 0.010500 0.021333
8 0.362000 0.140667 0.013000 0.021333
5 0.362000 0.147333 0.014000 0.022667
7 0.417000 0.025333 0.009000 0.021333
7 0.173000 0.047000 0.021000 0.032667
11 0.063000 0.088333 0.030000 0.046000
11 0.069250 0.046667 0.026500 0.046667
11 0.080500 0.024333 0.021000 0.036667
3 0.089000 0.012000 0.022000 0.022667
3 0.022500 0.213667 0.037000 0.047333
11 0.012500 0.264667 0.025000 0.073333
8 0.099000 0.100333 0.011000 0.018000
5 0.101000 0.111000 0.014000 0.022000
8 0.064000 0.218333 0.011000 0.018000
5 0.068000 0.226667 0.014000 0.025333
8 0.050750 0.220667 0.009500 0.018667
5 0.054250 0.233667 0.009500 0.023333
11 0.502250 0.322667 0.046500 0.072000
